0 0.7988 0.3306 0.0391 0.0664
0 0.5259 0.4101 0.0322 0.0567
0 0.5439 0.37 0.0293 0.0622
0 0.2715 0.4108 0.0293 0.0581
0 0.3027 0.334 0.0352 0.0595
0 0.3535 0.3707 0.0273 0.0526
0 0.1147 0.5249 0.04 0.0678
0 0.02 0.4163 0.0283 0.0443
0 0.1777 0.2317 0.0332 0.0622
0 0.3193 0.1777 0.0332 0.0622
0 0.3467 0.1466 0.0332 0.0581
0 0.3867 0.13 0.0312 0.0526
0 0.4185 0.1107 0.0303 0.0553
0 0.4692 0.2386 0.0322 0.0595
0 0.4238 0.2614 0.0312 0.0609
0 0.5493 0.186 0.0322 0.0567
0 0.5718 0.1487 0.0303 0.0567
0 0.0483 0.1895 0.0322 0.047
0 0.1519 0.0996 0.042 0.0747
0 0.2129 0.0671 0.0371 0.065
0 0.2451 0.0263 0.0371 0.0553
0 0.2979 0.0394 0.0293 0.0539
0 0.3364 0.0235 0.0244 0.047
0 0.3613 0.0166 0.0215 0.036
0 0.0449 0.0705 0.0332 0.0553
0 0.1289 0.018 0.0371 0.0387
0 0.0283 0.027 0.0312 0.0539
0 0.5259 0.6376 0.0264 0.047
0 0.6924 0.1155 0.0273 0.0456
0 0.7441 0.0602 0.0312 0.0484
0 0.8125 0.0456 0.0254 0.0526
0 0.937 0.1044 0.0322 0.0429
0 0.9043 0.1646 0.0254 0.0415
0 0.8711 0.1521 0.0215 0.047
0 0.062 0.5318 0.0283 0.0622
0 0.3945 0.2012 0.0273 0.065
