0 0.0396 0.484 0.0244 0.0437
0 0.1147 0.4657 0.0186 0.0364
0 0.1611 0.4621 0.0195 0.0437
0 0.2085 0.4555 0.0166 0.0423
0 0.2988 0.4825 0.0156 0.035
0 0.106 0.5984 0.0107 0.0306
0 0.1025 0.5671 0.0156 0.035
0 0.0918 0.4825 0.0156 0.0262
0 0.0703 0.4694 0.0137 0.0233
0 0.3125 0.5911 0.0195 0.0335
0 0.3643 0.5926 0.0176 0.0364
0 0.5327 0.5197 0.0264 0.051
0 0.6123 0.6261 0.0156 0.0306
0 0.3589 0.4774 0.0186 0.0335
0 0.3813 0.4796 0.0205 0.0408
0 0.4038 0.4898 0.0166 0.035
0 0.4419 0.4723 0.0146 0.0292
0 0.4111 0.4643 0.0176 0.0277
0 0.4175 0.438 0.0146 0.0277
0 0.3311 0.4789 0.0137 0.0277
0 0.3203 0.4818 0.0117 0.0248
0 0.3735 0.457 0.0127 0.0219
0 0.4771 0.4708 0.0166 0.0292
0 0.4937 0.4453 0.0166 0.0335
0 0.5034 0.3921 0.0127 0.0233
0 0.4824 0.5168 0.0273 0.0394
0 0.5527 0.4985 0.0176 0.035
0 0.7773 0.5029 0.0176 0.0379
0 0.7578 0.4905 0.0156 0.0306
0 0.7578 0.4359 0.0156 0.0292
0 0.8179 0.519 0.0186 0.0262
0 0.8516 0.4971 0.0137 0.0262
0 0.8574 0.449 0.0156 0.0321
0 0.8315 0.4614 0.0127 0.0219
0 0.9067 0.4905 0.0127 0.0277
0 0.291 0.4781 0.0117 0.0262
0 0.5225 0.4526 0.0078 0.016
0 0.4331 0.5933 0.0186 0.0292
0 0.939 0.5794 0.0127 0.019
0 0.9854 0.4869 0.0156 0.0262
0 0.9487 0.6195 0.0088 0.0175
