0 0.0352 0.1026 0.0176 0.0312
0 0.0425 0.1643 0.0186 0.0377
0 0.105 0.1701 0.0479 0.0675
0 0.1392 0.1779 0.0303 0.0468
0 0.2183 0.289 0.0615 0.0792
0 0.3818 0.1929 0.0352 0.0481
0 0.3374 0.1708 0.0186 0.0403
0 0.4897 0.1565 0.0322 0.0429
0 0.5396 0.1357 0.0283 0.0377
0 0.6328 0.1461 0.041 0.0506
0 0.6851 0.261 0.0674 0.0961
0 0.7603 0.1721 0.0166 0.0247
0 0.812 0.1838 0.0479 0.0662
0 0.7881 0.163 0.0195 0.0403
0 0.8472 0.2143 0.04 0.0571
0 0.9248 0.2032 0.0352 0.0506
0 0.9634 0.1558 0.0283 0.0468
0 0.2593 0.2104 0.0381 0.0597
