0 0.0415 0.2852 0.0322 0.0423
0 0.0684 0.1215 0.0156 0.0223
0 0.0698 0.0833 0.0166 0.0211
0 0.0928 0.0229 0.0156 0.0176
0 0.231 0.0076 0.0127 0.0153
0 0.2627 0.1538 0.0137 0.0235
0 0.3647 0.0921 0.0146 0.027
0 0.1997 0.1244 0.0146 0.0211
0 0.3105 0.2224 0.0508 0.0692
0 0.4082 0.0528 0.0137 0.0235
0 0.438 0.0335 0.0166 0.0153
0 0.4697 0.0581 0.0137 0.0246
0 0.5039 0.0358 0.0137 0.02
0 0.5693 0.0428 0.0156 0.0176
0 0.5703 0.0945 0.0156 0.0246
0 0.5879 0.1209 0.0156 0.0235
0 0.562 0.1561 0.0127 0.0188
0 0.6543 0.2336 0.0508 0.0681
0 0.7065 0.1227 0.0107 0.0176
0 0.7979 0.2083 0.0527 0.0575
0 0.8701 0.125 0.0156 0.0246
0 0.8833 0.0675 0.0146 0.0246
0 0.9292 0.115 0.0146 0.0235
0 0.9067 0.0528 0.0146 0.0188
0 0.73 0.0927 0.0107 0.0211
0 0.8281 0.0293 0.0156 0.0188
0 0.9624 0.0763 0.0127 0.0235
0 0.9834 0.132 0.0137 0.0153
0 0.4814 0.0117 0.0117 0.0211
0 0.5786 0.01 0.0146 0.02
0 0.6582 0.0088 0.0117 0.0176
0 0.7344 0.01 0.0176 0.0176
0 0.792 0.0123 0.0176 0.02
0 0.2915 0.007 0.0107 0.0117
0 0.2036 0.007 0.0127 0.0164
