0 0.0527 0.2271 0.0137 0.0499
0 0.0942 0.223 0.0107 0.036
0 0.1426 0.1939 0.0137 0.0499
0 0.1777 0.2535 0.0078 0.036
0 0.2002 0.2147 0.0098 0.0416
0 0.2241 0.2839 0.0166 0.0582
0 0.2856 0.2548 0.0146 0.0499
0 0.2739 0.2258 0.0127 0.036
0 0.2236 0.2119 0.0059 0.0194
0 0.3145 0.2465 0.0078 0.0332
0 0.334 0.2327 0.0059 0.0222
0 0.3696 0.205 0.0146 0.0554
0 0.3901 0.2355 0.0127 0.0443
0 0.4126 0.2078 0.0068 0.0166
0 0.417 0.3504 0.0059 0.0194
0 0.4336 0.3199 0.0059 0.0194
0 0.4629 0.2105 0.0059 0.0222
0 0.4521 0.1981 0.0039 0.0194
0 0.4844 0.2438 0.0137 0.0443
0 0.5029 0.2493 0.0098 0.0388
0 0.4995 0.1884 0.0068 0.0222
0 0.5239 0.2133 0.0068 0.0222
0 0.5469 0.223 0.0059 0.0249
0 0.562 0.2285 0.0049 0.0194
0 0.5552 0.3393 0.0068 0.0305
0 0.5337 0.3366 0.0068 0.0249
0 0.458 0.3199 0.0059 0.0249
0 0.5952 0.2424 0.0127 0.0471
0 0.688 0.2576 0.0107 0.0388
0 0.7271 0.3047 0.0127 0.072
0 0.7378 0.1842 0.0049 0.0249
0 0.7627 0.1898 0.0078 0.0249
0 0.7861 0.1856 0.0059 0.0222
0 0.8022 0.2313 0.0068 0.0249
0 0.7583 0.3213 0.0068 0.0277
0 0.792 0.3296 0.0059 0.0332
0 0.7378 0.3726 0.0088 0.036
0 0.7754 0.3809 0.0078 0.036
0 0.834 0.3006 0.0195 0.0748
0 0.8237 0.2216 0.0068 0.0222
0 0.8374 0.1994 0.0088 0.0277
0 0.8726 0.1842 0.0068 0.0249
0 0.8979 0.2022 0.0049 0.0277
0 0.9058 0.3393 0.0107 0.0416
0 0.854 0.4266 0.0088 0.0277
0 0.9424 0.3102 0.0117 0.0554
0 0.9497 0.3476 0.0088 0.0416
0 0.9902 0.4072 0.0078 0.0388
0 0.6055 0.2604 0.0078 0.0332
0 0.8823 0.2396 0.0107 0.0305
0 0.8877 0.2521 0.0059 0.0222
0 0.1519 0.2105 0.0068 0.0277
