0 0.0264 0.6335 0.0117 0.028
0 0.0386 0.618 0.0107 0.0177
0 0.0625 0.6327 0.0117 0.0265
0 0.0107 0.5568 0.0059 0.0162
0 0.0562 0.615 0.0088 0.0177
0 0.082 0.6283 0.0078 0.0177
0 0.0908 0.6342 0.0039 0.0147
0 0.1006 0.632 0.0117 0.0221
0 0.1133 0.618 0.0078 0.0118
0 0.1396 0.6276 0.0117 0.0221
0 0.1548 0.6313 0.0068 0.0118
0 0.1665 0.6268 0.0088 0.0177
0 0.1777 0.6224 0.0117 0.0236
0 0.2178 0.6239 0.0117 0.0236
0 0.2578 0.6246 0.0117 0.0251
0 0.292 0.6217 0.0117 0.028
0 0.3228 0.6173 0.0107 0.0251
0 0.3623 0.6202 0.0117 0.028
0 0.3994 0.6173 0.0117 0.0221
0 0.3896 0.6173 0.0098 0.0162
0 0.4165 0.6268 0.0088 0.0177
0 0.436 0.6254 0.0107 0.0236
0 0.4517 0.6099 0.0088 0.0162
0 0.4644 0.6106 0.0088 0.0177
0 0.4722 0.6254 0.0107 0.0206
0 0.4868 0.6261 0.0068 0.0133
0 0.5063 0.6062 0.0088 0.0177
0 0.5137 0.6254 0.0117 0.0265
0 0.5488 0.6209 0.0117 0.0236
0 0.5381 0.6232 0.0098 0.0221
0 0.5889 0.6232 0.0117 0.0251
0 0.6167 0.6224 0.0088 0.0177
0 0.6279 0.6268 0.0137 0.0236
0 0.6533 0.6283 0.0098 0.0177
0 0.6689 0.6298 0.0137 0.0265
0 0.7007 0.6327 0.0107 0.0177
0 0.7158 0.6261 0.0117 0.0221
0 0.7583 0.6276 0.0127 0.0251
0 0.793 0.6283 0.0117 0.0265
0 0.8252 0.6077 0.0098 0.0236
0 0.8374 0.6246 0.0107 0.0251
0 0.8613 0.6018 0.0117 0.0236
0 0.8892 0.6224 0.0127 0.0265
0 0.9048 0.6195 0.0068 0.0206
0 0.9146 0.6106 0.0068 0.0206
0 0.9209 0.604 0.0098 0.0221
0 0.9536 0.6055 0.0107 0.0251
0 0.981 0.6254 0.0127 0.0236
0 0.9795 0.5944 0.0059 0.0147
0 0.3369 0.5524 0.0078 0.0103
0 0.3628 0.5553 0.0088 0.0133
0 0.2695 0.6283 0.0059 0.0118
0 0.8467 0.6283 0.0098 0.0206
