0 0.2173 0.3325 0.0283 0.0573
0 0.2529 0.2943 0.0332 0.0677
0 0.1714 0.2891 0.0088 0.0191
0 0.0869 0.2569 0.0078 0.0208
0 0.0425 0.2153 0.0068 0.0174
0 0.0801 0.1736 0.0059 0.0174
0 0.0469 0.1762 0.0059 0.0156
0 0.1597 0.3255 0.0068 0.0191
0 0.1401 0.2873 0.0068 0.0156
0 0.0986 0.178 0.0078 0.0191
0 0.1289 0.145 0.0059 0.0156
0 0.0845 0.1319 0.0088 0.0174
0 0.0591 0.1311 0.0068 0.0191
0 0.0264 0.1528 0.0098 0.0312
0 0.0098 0.1519 0.0078 0.0226
0 0.166 0.2517 0.0078 0.0278
0 0.1719 0.2257 0.0078 0.0243
0 0.1748 0.1953 0.0098 0.026
0 0.1187 0.184 0.0088 0.0174
0 0.1826 0.1337 0.0078 0.0208
0 0.1577 0.1441 0.0107 0.0208
0 0.103 0.151 0.0068 0.0208
0 0.1851 0.375 0.0107 0.0243
0 0.2139 0.125 0.0059 0.0139
0 0.123 0.2535 0.0059 0.0139
0 0.1323 0.3003 0.0068 0.0174
0 0.1396 0.3568 0.0098 0.026
0 0.1465 0.1936 0.0078 0.0226
0 0.1099 0.2509 0.0049 0.0191
0 0.1382 0.3316 0.0049 0.0139
0 0.1147 0.2231 0.0068 0.0191
0 0.1284 0.2066 0.0068 0.0174
0 0.3159 0.2951 0.0068 0.0174
0 0.2974 0.2604 0.0068 0.0208
0 0.3286 0.2361 0.0068 0.0174
0 0.2998 0.2188 0.0078 0.0174
0 0.2251 0.1788 0.0068 0.0208
0 0.3701 0.4766 0.0098 0.0191
0 0.3804 0.428 0.0107 0.0295
0 0.4702 0.3194 0.0361 0.0625
0 0.3501 0.2465 0.0068 0.0174
0 0.4048 0.2396 0.0088 0.0208
0 0.4331 0.2309 0.0088 0.0208
0 0.4346 0.1944 0.0059 0.0174
0 0.4214 0.1944 0.0049 0.0174
0 0.4072 0.1953 0.0059 0.0191
0 0.3813 0.1797 0.0088 0.0226
0 0.3809 0.2474 0.0078 0.026
0 0.3545 0.1806 0.0078 0.0208
0 0.2754 0.1589 0.0078 0.0191
0 0.2856 0.1615 0.0088 0.0208
0 0.3101 0.1415 0.0068 0.0191
0 0.4712 0.1458 0.0068 0.0174
0 0.4653 0.1389 0.0068 0.0139
0 0.6299 0.3863 0.0312 0.0642
0 0.6675 0.3958 0.0322 0.059
0 0.8945 0.3707 0.0332 0.0712
0 0.8726 0.3941 0.0205 0.0451
0 0.5596 0.276 0.0078 0.0347
0 0.6406 0.2491 0.0039 0.0226
0 0.6924 0.2804 0.0098 0.026
0 0.667 0.2483 0.0059 0.0208
0 0.6797 0.2396 0.0078 0.0243
0 0.7168 0.2899 0.0078 0.0243
0 0.7451 0.2908 0.0117 0.0295
0 0.7705 0.2873 0.0098 0.026
0 0.7949 0.283 0.0098 0.0208
0 0.8364 0.4323 0.0068 0.0243
0 0.8555 0.401 0.0078 0.0243
0 0.8291 0.4019 0.0059 0.0226
0 0.853 0.3637 0.0068 0.0191
0 0.7852 0.3681 0.0078 0.0174
0 0.7988 0.3681 0.0059 0.0174
0 0.2378 0.1372 0.0068 0.0174
0 0.3604 0.3681 0.0156 0.0417
0 0.3159 0.1293 0.0088 0.0156
0 0.5762 0.4861 0.0137 0.0278
0 0.7788 0.3316 0.0107 0.0278
0 0.7021 0.3108 0.0059 0.0174
0 0.73 0.3186 0.0068 0.0226
0 0.752 0.3186 0.0078 0.0191
0 0.5381 0.204 0.0078 0.0156
0 0.5171 0.2109 0.0107 0.0191
0 0.7412 0.3568 0.0078 0.0191
0 0.6309 0.1615 0.0078 0.0208
0 0.6099 0.2248 0.0107 0.0399
0 0.585 0.2717 0.0078 0.026
0 0.6182 0.2769 0.0098 0.026
0 0.5898 0.2378 0.0098 0.0347
0 0.5806 0.2439 0.0146 0.033
0 0.6846 0.263 0.0098 0.0295
0 0.6318 0.2196 0.0137 0.0434
0 0.3423 0.2865 0.0088 0.0243
0 0.4126 0.2882 0.0088 0.0243
0 0.3838 0.2821 0.0117 0.0226
0 0.3623 0.1328 0.0059 0.0156
0 0.3262 0.184 0.0078 0.0312
0 0.9248 0.2726 0.0137 0.0312
0 0.9932 0.3924 0.0078 0.0382
0 0.9253 0.3524 0.0107 0.0278
0 0.9404 0.3707 0.0098 0.0295
0 0.6807 0.1589 0.0078 0.0191
0 0.7285 0.1866 0.0078 0.0295
0 0.9741 0.4314 0.0127 0.026
0 0.9673 0.3915 0.0107 0.0226
0 0.9678 0.3524 0.0117 0.0278
0 0.8242 0.3576 0.0059 0.0208
0 0.8193 0.3264 0.0098 0.0208
0 0.8467 0.3186 0.0098 0.0191
0 0.8618 0.322 0.0049 0.0191
0 0.8242 0.2934 0.0098 0.0243
0 0.8252 0.2214 0.0098 0.026
0 0.8052 0.2135 0.0088 0.0312
0 0.7822 0.2491 0.0117 0.033
0 0.7427 0.2552 0.0088 0.0243
0 0.8311 0.1936 0.0078 0.033
0 0.8359 0.224 0.0098 0.0382
0 0.6763 0.2144 0.0127 0.026
0 0.583 0.1806 0.0117 0.0312
0 0.5566 0.184 0.0078 0.0243
0 0.7148 0.2595 0.0059 0.0191
0 0.6558 0.1849 0.0088 0.026
0 0.5571 0.2257 0.0088 0.0312
0 0.7871 0.1936 0.0078 0.0191
0 0.604 0.1675 0.0088 0.0226
0 0.6582 0.151 0.0098 0.0243
0 0.0103 0.303 0.0186 0.0608
0 0.4409 0.1198 0.0049 0.0139
0 0.7031 0.1866 0.0059 0.0156
