0 0.5542 0.6823 0.0088 0.0205
0 0.5083 0.7211 0.0127 0.022
0 0.4888 0.7204 0.0107 0.0205
0 0.5112 0.7035 0.0107 0.019
0 0.498 0.6801 0.0117 0.019
0 0.4849 0.6589 0.0107 0.0176
0 0.5059 0.6303 0.0117 0.022
0 0.543 0.6691 0.0117 0.0117
0 0.5693 0.653 0.0137 0.0205
0 0.5933 0.6296 0.0107 0.0205
0 0.4434 0.8075 0.0117 0.022
0 0.4746 0.7533 0.0137 0.022
0 0.3677 0.8433 0.0127 0.0264
0 0.3599 0.743 0.0107 0.022
0 0.3735 0.7357 0.0127 0.022
0 0.4331 0.6523 0.0107 0.019
0 0.417 0.6567 0.0117 0.019
0 0.3813 0.6552 0.0088 0.0161
0 0.5352 0.675 0.0078 0.0176
0 0.7529 0.9356 0.0156 0.0264
0 0.3345 0.8638 0.0146 0.0264
0 0.3062 0.8814 0.0107 0.0234
0 0.335 0.7072 0.0137 0.0234
0 0.4595 0.6794 0.0088 0.0176
0 0.2734 0.8111 0.0098 0.0205
0 0.2993 0.7745 0.0088 0.0234
0 0.2446 0.754 0.0107 0.0205
0 0.2368 0.7321 0.0107 0.0234
0 0.228 0.6977 0.0107 0.022
0 0.3125 0.6889 0.0078 0.0161
0 0.188 0.7504 0.0127 0.019
0 0.5596 0.9173 0.0156 0.0307
0 0.5547 0.8565 0.0137 0.0264
0 0.5288 0.8858 0.0146 0.0293
0 0.52 0.8433 0.0146 0.0293
0 0.4917 0.8199 0.0127 0.0264
0 0.5278 0.7372 0.0127 0.022
0 0.5864 0.7577 0.0146 0.0161
0 0.5527 0.7108 0.0117 0.0249
0 0.5366 0.7028 0.0088 0.0176
0 0.1768 0.7416 0.0137 0.022
0 0.2202 0.7511 0.0127 0.0205
0 0.0259 0.7796 0.0127 0.019
0 0.064 0.7592 0.0088 0.019
0 0.1011 0.6991 0.0107 0.0161
0 0.1572 0.7072 0.0117 0.0205
0 0.1812 0.6925 0.0127 0.0205
0 0.1421 0.7365 0.0127 0.0205
0 0.1196 0.7994 0.0107 0.0205
0 0.0679 0.6969 0.0088 0.0176
0 0.0601 0.6684 0.0107 0.019
0 0.0151 0.6801 0.0107 0.0132
0 0.1069 0.6076 0.0107 0.0205
0 0.1138 0.6164 0.0088 0.0176
0 0.124 0.6091 0.0078 0.0117
0 0.1499 0.6032 0.0088 0.0146
0 0.1616 0.5842 0.0088 0.0176
0 0.1411 0.5425 0.0107 0.0161
0 0.1045 0.5673 0.0098 0.0161
0 0.2466 0.6545 0.0088 0.0146
0 0.2588 0.6464 0.0098 0.019
0 0.2734 0.6398 0.0098 0.0176
0 0.1885 0.6413 0.0117 0.0205
0 0.1929 0.6113 0.0088 0.0161
0 0.145 0.6398 0.0088 0.0176
0 0.1621 0.6662 0.0098 0.0176
0 0.3154 0.6428 0.0098 0.0176
0 0.3257 0.6581 0.0088 0.022
0 0.335 0.604 0.0098 0.019
0 0.3159 0.6003 0.0088 0.0146
0 0.3315 0.5695 0.0088 0.0117
0 0.3442 0.5622 0.0068 0.0176
0 0.4341 0.47 0.0068 0.0146
0 0.3838 0.5988 0.0059 0.0117
0 0.481 0.3909 0.0088 0.0146
0 0.8979 0.4378 0.0146 0.0234
0 0.8677 0.4253 0.0107 0.022
0 0.8267 0.3858 0.0127 0.022
0 0.7769 0.3726 0.0127 0.022
0 0.7944 0.3697 0.0127 0.019
0 0.7534 0.3631 0.0127 0.0205
0 0.7329 0.366 0.0107 0.0205
0 0.6724 0.4217 0.0127 0.0205
0 0.6997 0.3755 0.0107 0.0249
0 0.6553 0.3748 0.0098 0.0205
0 0.6416 0.3587 0.0117 0.0205
0 0.9102 0.3939 0.0078 0.0176
0 0.9448 0.754 0.0107 0.0205
0 0.9644 0.743 0.0127 0.019
0 0.9849 0.7994 0.0127 0.0234
0 0.9834 0.7204 0.0117 0.0205
0 0.9502 0.6889 0.0117 0.019
0 0.981 0.6889 0.0127 0.022
0 0.9761 0.7167 0.0107 0.019
0 0.957 0.6471 0.0156 0.0264
0 0.5913 0.1164 0.0068 0.0132
0 0.5713 0.1149 0.0059 0.0102
0 0.5518 0.1142 0.0078 0.0117
0 0.52 0.1501 0.0049 0.0102
0 0.1172 0.8741 0.0098 0.0176
0 0.2046 0.8968 0.0088 0.022
0 0.0063 0.6113 0.0107 0.019
0 0.0117 0.5871 0.0098 0.0176
0 0.0049 0.481 0.0078 0.0161
0 0.2178 0.549 0.0098 0.0176
0 0.1904 0.8155 0.0117 0.0176
0 0.1704 0.7987 0.0088 0.019
0 0.1982 0.6786 0.0078 0.019
0 0.2324 0.6545 0.0078 0.0205
0 0.1294 0.6903 0.0088 0.022
0 0.0732 0.847 0.0098 0.019
0 0.2959 0.6113 0.0078 0.019
0 0.5718 0.6933 0.0088 0.0161
