0 0.0933 0.4863 0.0225 0.043
0 0.0464 0.5124 0.0166 0.0326
0 0.27 0.4798 0.0186 0.0299
0 0.0439 0.4772 0.0176 0.0273
0 0.1177 0.4661 0.0127 0.026
0 0.165 0.4876 0.0098 0.0247
0 0.186 0.4603 0.0107 0.0273
0 0.2075 0.457 0.0146 0.0234
0 0.0107 0.3568 0.0059 0.013
0 0.1055 0.3613 0.0078 0.0143
0 0.1216 0.3659 0.0068 0.013
0 0.1362 0.3711 0.0049 0.013
0 0.3696 0.4635 0.0225 0.0443
0 0.4634 0.4746 0.0166 0.0273
0 0.1987 0.3835 0.0068 0.0117
0 0.2329 0.3796 0.0088 0.0117
0 0.2778 0.3743 0.0068 0.0117
0 0.6357 0.4635 0.0176 0.0286
0 0.7271 0.5124 0.0303 0.0534
0 0.665 0.4518 0.0098 0.0156
0 0.6768 0.4518 0.0117 0.0156
0 0.6235 0.4434 0.0107 0.0169
0 0.6055 0.4499 0.0098 0.0143
0 0.3647 0.3939 0.0049 0.0091
0 0.7734 0.457 0.0137 0.0208
0 0.8726 0.4714 0.0186 0.026
0 0.7231 0.4473 0.0107 0.0169
0 0.894 0.4349 0.0088 0.013
0 0.9126 0.4329 0.0127 0.0169
0 0.9248 0.431 0.0098 0.0182
0 0.918 0.4531 0.0098 0.0156
0 0.9321 0.4583 0.0088 0.0156
0 0.9526 0.4577 0.0107 0.0195
0 0.9653 0.4538 0.0127 0.0247
0 0.8286 0.4388 0.0088 0.0156
0 0.9907 0.4551 0.0127 0.0273
0 0.2485 0.4648 0.0107 0.0156
0 0.2183 0.4681 0.0107 0.0247
0 0.5659 0.4993 0.0127 0.0195
0 0.7085 0.4401 0.0088 0.0182
0 0.0586 0.5039 0.0098 0.026
