0 0.9883 0.2544 0.0078 0.0174
0 0.9937 0.1919 0.0107 0.0988
0 0.9824 0.2369 0.0078 0.0174
0 0.9268 0.2624 0.0137 0.048
0 0.9072 0.2362 0.0156 0.0218
0 0.8315 0.1969 0.0498 0.1061
0 0.7241 0.2689 0.0439 0.0843
0 0.7847 0.2355 0.0127 0.0349
0 0.6719 0.2624 0.0078 0.0131
0 0.6284 0.2464 0.0049 0.0131
0 0.6216 0.2471 0.0049 0.0116
0 0.5312 0.484 0.0547 0.0901
0 0.5601 0.2318 0.04 0.077
0 0.4893 0.2573 0.0391 0.0727
0 0.4341 0.2551 0.0244 0.0451
0 0.4077 0.2834 0.04 0.0843
0 0.4307 0.4411 0.0527 0.1003
0 0.3442 0.2391 0.042 0.077
0 0.2021 0.2013 0.0469 0.0916
0 0.043 0.3285 0.0312 0.0552
0 0.0088 0.2958 0.0195 0.0538
0 0.0391 0.2842 0.0156 0.0247
