0 0.4727 0.1329 0.0918 0.1463
0 0.4917 0.0348 0.0283 0.0427
0 0.521 0.078 0.0205 0.0439
0 0.5747 0.0555 0.0283 0.0427
0 0.6289 0.0439 0.041 0.0756
0 0.0083 0.122 0.0166 0.0805
0 0.0161 0.0695 0.0283 0.0659
0 0.0415 0.0451 0.0166 0.0317
0 0.0654 0.0329 0.0234 0.039
0 0.0947 0.0415 0.0293 0.0537
0 0.1226 0.0232 0.0244 0.0366
0 0.1616 0.1018 0.0381 0.0671
0 0.3613 0.0884 0.0176 0.0378
0 0.3765 0.0537 0.0244 0.0366
0 0.7417 0.0732 0.0576 0.0927
0 0.8486 0.0354 0.0371 0.0537
0 0.9502 0.0695 0.0391 0.061
0 0.2188 0.0402 0.0176 0.039
0 0.3066 0.0854 0.0176 0.0488
