0 0.0933 0.3147 0.0264 0.0311
0 0.0264 0.2537 0.0215 0.0288
0 0.0513 0.2578 0.0127 0.0184
0 0.0986 0.2509 0.0098 0.0138
0 0.1187 0.2624 0.0088 0.0092
0 0.1343 0.2572 0.0127 0.0173
0 0.1587 0.2578 0.0088 0.0161
0 0.0107 0.2457 0.0059 0.0173
0 0.231 0.0783 0.0205 0.023
0 0.2944 0.0771 0.0205 0.0253
0 0.3149 0.0817 0.0107 0.023
0 0.3257 0.0823 0.0107 0.0219
0 0.3398 0.0875 0.0137 0.0253
0 0.1836 0.0708 0.0156 0.0265
0 0.3872 0.2221 0.0068 0.0115
0 0.4019 0.3619 0.0205 0.0311
0 0.3862 0.294 0.0166 0.0288
0 0.4126 0.2664 0.0107 0.0219
0 0.481 0.3084 0.0244 0.0322
0 0.5557 0.2428 0.0059 0.0092
0 0.5488 0.267 0.0098 0.0138
0 0.543 0.2785 0.0078 0.0115
0 0.5332 0.2066 0.0039 0.0058
0 0.6396 0.0771 0.0234 0.0483
0 0.6895 0.0489 0.0215 0.0311
0 0.7114 0.0587 0.0088 0.0115
0 0.5933 0.0403 0.0107 0.0184
0 0.7627 0.0489 0.0137 0.0288
0 0.7188 0.183 0.0312 0.0414
0 0.644 0.3377 0.0264 0.0311
0 0.6992 0.3498 0.0215 0.0368
0 0.5781 0.0685 0.0156 0.0173
0 0.9004 0.2463 0.0293 0.0299
0 0.8311 0.2325 0.0156 0.023
0 0.9678 0.2186 0.0137 0.023
0 0.9512 0.2227 0.0098 0.0196
0 0.9673 0.1899 0.0068 0.0115
0 0.9771 0.2031 0.0088 0.015
0 0.9424 0.2008 0.0078 0.0127
0 0.9541 0.1611 0.0039 0.0046
0 0.9443 0.1726 0.0059 0.0092
0 0.7915 0.1858 0.0127 0.0196
0 0.791 0.2238 0.0098 0.015
0 0.8198 0.1904 0.0088 0.0127
0 0.8296 0.1513 0.0088 0.0127
0 0.4653 0.6013 0.0322 0.0426
0 0.1577 0.6013 0.0205 0.0265
0 0.2036 0.5898 0.0186 0.0219
0 0.2808 0.5892 0.0186 0.0207
0 0.3311 0.5748 0.0098 0.0173
0 0.3364 0.5535 0.0146 0.0207
0 0.3496 0.5449 0.0078 0.0104
0 0.0249 0.5368 0.0107 0.0242
0 0.5278 0.5098 0.0186 0.0276
0 0.4199 0.473 0.0195 0.0276
0 0.4941 0.5161 0.0098 0.0127
0 0.5068 0.519 0.0078 0.0092
0 0.894 0.3757 0.0244 0.038
0 0.9302 0.328 0.0127 0.0184
0 0.9424 0.3285 0.0098 0.0173
0 0.9634 0.3274 0.0107 0.0173
0 0.9814 0.3303 0.0059 0.0138
0 0.8579 0.3504 0.0127 0.0311
0 0.021 0.7169 0.0068 0.0092
0 0.0854 0.7261 0.0264 0.0345
0 0.2188 0.8165 0.0195 0.0357
0 0.1851 0.8003 0.0107 0.015
0 0.3022 0.8234 0.0225 0.0242
0 0.3823 0.8343 0.0205 0.0299
0 0.9038 0.6605 0.0244 0.0299
0 0.8452 0.6956 0.0244 0.0311
0 0.9492 0.7129 0.0098 0.0219
0 0.7402 0.756 0.0176 0.023
0 0.6812 0.752 0.0146 0.0196
0 0.6294 0.7509 0.0205 0.0242
0 0.5933 0.7198 0.0166 0.0288
0 0.5312 0.752 0.0078 0.015
0 0.3335 0.8003 0.0146 0.0219
