0 0.9927 0.0093 0.0088 0.0215
0 0.9473 0.0479 0.0156 0.0272
0 0.9146 0.025 0.0146 0.0329
0 0.9624 0.1216 0.0283 0.0458
0 0.8867 0.0179 0.0137 0.0243
0 0.9009 0.0114 0.0107 0.0258
0 0.8491 0.0608 0.0107 0.0243
0 0.8042 0.0587 0.0107 0.02
0 0.7954 0.0751 0.0068 0.0129
0 0.7749 0.0851 0.0127 0.0215
0 0.9819 0.2139 0.0322 0.0672
0 0.917 0.181 0.0176 0.0329
0 0.9443 0.2446 0.0391 0.0486
0 0.8506 0.1896 0.0176 0.0329
0 0.7441 0.1502 0.0078 0.0143
0 0.8027 0.1917 0.0176 0.0258
0 0.7832 0.191 0.0156 0.0243
0 0.7974 0.2425 0.0322 0.0587
0 0.7739 0.2389 0.0225 0.0515
0 0.7563 0.2396 0.0186 0.0358
0 0.6816 0.1259 0.0078 0.0172
0 0.6304 0.1466 0.0166 0.0358
0 0.6118 0.1466 0.0107 0.0215
0 0.6304 0.1881 0.0186 0.0358
0 0.6069 0.2339 0.0166 0.0329
0 0.6353 0.2682 0.0205 0.0386
0 0.6777 0.2418 0.0176 0.0258
0 0.7017 0.2525 0.0303 0.0472
0 0.7783 0.3298 0.0449 0.0901
0 0.9219 0.3247 0.0332 0.0801
0 0.7046 0.1066 0.0088 0.0129
0 0.8701 0.2682 0.0371 0.0615
0 0.9897 0.3312 0.0186 0.0959
0 0.7188 0.573 0.0508 0.1903
0 0.5298 0.1409 0.0107 0.0157
0 0.5449 0.2146 0.0195 0.0372
0 0.5752 0.2532 0.0215 0.0372
0 0.5752 0.329 0.0273 0.0429
0 0.5649 0.485 0.0303 0.0773
0 0.4214 0.4843 0.0361 0.0644
0 0.5239 0.4735 0.0361 0.0515
0 0.2905 0.4306 0.0342 0.0658
0 0.2764 0.3934 0.0234 0.0372
0 0.1338 0.3777 0.0195 0.0286
0 0.2271 0.4213 0.0674 0.1245
0 0.1157 0.495 0.0557 0.0773
0 0.3467 0.412 0.0215 0.0544
0 0.0103 0.1717 0.0127 0.0229
0 0.0874 0.412 0.0107 0.0372
0 0.0952 0.4092 0.0088 0.0229
0 0.8198 0.0687 0.0088 0.0143
