0 0.167 0.4134 0.0156 0.0247
0 0.1138 0.4076 0.0146 0.0234
0 0.2173 0.401 0.0146 0.026
0 0.1284 0.4375 0.0146 0.0234
0 0.4897 0.4186 0.0186 0.0273
0 0.4487 0.4167 0.0166 0.026
0 0.4077 0.4329 0.0166 0.0247
0 0.3882 0.4141 0.0127 0.0234
0 0.4277 0.4395 0.0156 0.0221
0 0.606 0.4395 0.0146 0.0221
0 0.5718 0.4232 0.0186 0.0286
0 0.5386 0.4323 0.0127 0.0208
0 0.7544 0.4212 0.0166 0.0221
0 0.7139 0.4199 0.0176 0.0247
0 0.6875 0.4232 0.0156 0.0234
0 0.6631 0.4284 0.0137 0.0234
0 0.895 0.4414 0.0146 0.0286
0 0.8125 0.4427 0.0176 0.0286
0 0.2959 0.4128 0.0176 0.0234
0 0.3223 0.4193 0.0176 0.0234
0 0.0737 0.4284 0.0166 0.0234
0 0.0977 0.4271 0.0156 0.0234
