0 0.0801 0.8289 0.0254 0.0579
0 0.0757 0.7942 0.0205 0.038
0 0.0581 0.7628 0.0205 0.0413
0 0.0327 0.7174 0.0205 0.043
0 0.0146 0.7256 0.0176 0.0331
0 0.0073 0.695 0.0107 0.0281
0 0.2363 0.5298 0.0234 0.0479
0 0.2192 0.5364 0.0186 0.0413
0 0.2041 0.5455 0.0176 0.0364
0 0.1904 0.5488 0.0137 0.0331
0 0.1714 0.5471 0.0146 0.0331
0 0.3296 0.5421 0.0186 0.0364
0 0.3052 0.5587 0.0186 0.0364
0 0.2876 0.5504 0.0166 0.0331
0 0.3564 0.5413 0.0195 0.038
0 0.3809 0.5149 0.0215 0.0413
0 0.4292 0.5165 0.0244 0.0479
0 0.4028 0.5314 0.0146 0.0314
0 0.5073 0.5231 0.0186 0.0413
0 0.48 0.5537 0.0186 0.0364
0 0.5542 0.7264 0.0146 0.0314
0 0.6133 0.7413 0.0195 0.038
0 0.7217 0.7678 0.0234 0.0446
0 0.8564 0.7901 0.0234 0.0529
0 0.7959 0.7289 0.0156 0.0298
0 0.8584 0.6909 0.0137 0.0264
0 0.7886 0.6851 0.0127 0.0281
0 0.7358 0.7 0.0166 0.0314
0 0.6729 0.676 0.0137 0.0298
0 0.6279 0.6909 0.0137 0.0231
0 0.5742 0.6835 0.0137 0.0248
0 0.6001 0.6628 0.0088 0.0198
0 0.564 0.6579 0.0088 0.0165
0 0.8413 0.6669 0.0107 0.0248
0 0.8633 0.6529 0.0078 0.0132
0 0.645 0.6686 0.0107 0.0215
0 0.6279 0.6529 0.0078 0.0165
0 0.6079 0.6446 0.0068 0.0165
0 0.6953 0.6529 0.0098 0.0165
0 0.6675 0.6521 0.0088 0.0149
0 0.7212 0.6455 0.0068 0.0149
0 0.7007 0.643 0.0088 0.0165
0 0.6616 0.643 0.0068 0.0132
0 0.6191 0.6281 0.0059 0.0099
0 0.605 0.6289 0.0049 0.0116
0 0.7305 0.6727 0.0098 0.0198
0 0.8916 0.7322 0.0176 0.0364
0 0.9414 0.6942 0.0137 0.0331
0 0.959 0.6835 0.0137 0.0314
0 0.9033 0.6736 0.0117 0.0281
0 0.8789 0.662 0.0098 0.0182
0 0.7871 0.6587 0.0098 0.0182
0 0.8242 0.6463 0.0078 0.0165
0 0.7773 0.6521 0.0078 0.0182
0 0.7554 0.6479 0.0068 0.0132
0 0.8037 0.6446 0.0059 0.0099
0 0.769 0.6397 0.0068 0.0132
0 0.7778 0.6256 0.0049 0.0083
0 0.814 0.6298 0.0049 0.0099
0 0.8247 0.6264 0.0049 0.0066
0 0.8335 0.6405 0.0068 0.0116
0 0.8394 0.6322 0.0049 0.0116
0 0.8584 0.6306 0.0059 0.0116
0 0.876 0.6463 0.0078 0.0132
0 0.8936 0.6273 0.0059 0.0083
0 0.7358 0.6529 0.0068 0.0132
0 0.7397 0.638 0.0049 0.0099
0 0.7563 0.6306 0.0049 0.0083
0 0.7349 0.6281 0.0049 0.0099
0 0.7886 0.6223 0.0049 0.0083
0 0.895 0.6149 0.0049 0.0099
0 0.8755 0.6273 0.0049 0.0116
0 0.9155 0.6537 0.0088 0.0182
0 0.9443 0.6694 0.0098 0.0165
0 0.9561 0.6587 0.0078 0.0149
0 0.9458 0.6405 0.0068 0.0149
0 0.9189 0.6364 0.0059 0.0132
0 0.9351 0.6314 0.0068 0.0132
0 0.9634 0.6479 0.0068 0.0165
0 0.9917 0.638 0.0068 0.0132
0 0.9678 0.6298 0.0059 0.0132
0 0.9731 0.6281 0.0049 0.0099
0 0.9263 0.6223 0.0049 0.0083
0 0.9487 0.6198 0.0049 0.0099
0 0.9932 0.6207 0.0039 0.0083
0 0.9873 0.614 0.0039 0.0083
0 0.5791 0.6405 0.0059 0.0116
0 0.5869 0.6372 0.0059 0.0116
0 0.5698 0.6471 0.0068 0.0149
0 0.5615 0.6306 0.0059 0.0116
0 0.5718 0.6273 0.0049 0.0083
0 0.5884 0.624 0.0029 0.0083
0 0.5996 0.6306 0.0039 0.0083
0 0.6265 0.624 0.0049 0.0083
0 0.6372 0.6306 0.0049 0.0083
0 0.644 0.6248 0.0049 0.0066
0 0.6094 0.6289 0.0039 0.0083
0 0.688 0.6322 0.0049 0.0116
0 0.6807 0.6298 0.0039 0.0099
0 0.6616 0.6223 0.0049 0.0083
0 0.6973 0.6289 0.0039 0.0083
0 0.6807 0.6694 0.0078 0.0198
0 0.7051 0.624 0.0039 0.0083
0 0.7153 0.6273 0.0049 0.0083
0 0.7246 0.6281 0.0039 0.0099
0 0.5435 0.6562 0.0088 0.0165
0 0.5547 0.6331 0.0059 0.0099
0 0.5391 0.624 0.0059 0.0083
0 0.7441 0.6339 0.0059 0.0116
0 0.7285 0.6264 0.0039 0.0066
0 0.8315 0.662 0.0068 0.0149
0 0.9058 0.6405 0.0068 0.0182
0 0.7622 0.6223 0.0049 0.0116
0 0.1133 0.8727 0.0293 0.0661
