0 0.0278 0.0283 0.0068 0.0215
0 0.0356 0.042 0.0088 0.0254
0 0.041 0.0205 0.0078 0.0176
0 0.0581 0.0225 0.0088 0.0254
0 0.0688 0.0449 0.0068 0.0195
0 0.0625 0.0439 0.0059 0.0215
0 0.0195 0.0645 0.0059 0.0312
0 0.0229 0.0986 0.0088 0.0254
0 0.0327 0.1416 0.0146 0.0332
0 0.0229 0.1592 0.0107 0.0293
0 0.0698 0.1025 0.0088 0.0176
0 0.0903 0.0107 0.0088 0.0254
0 0.1113 0.0781 0.0117 0.0312
0 0.1245 0.0488 0.0088 0.0312
0 0.1479 0.0625 0.0088 0.0273
0 0.1548 0.0098 0.0107 0.0234
0 0.1689 0.0215 0.0059 0.0273
0 0.1777 0.0264 0.0098 0.0254
0 0.1934 0.0127 0.0078 0.0215
0 0.1855 0.0654 0.0078 0.0215
0 0.1865 0.0439 0.0078 0.0215
0 0.061 0.1387 0.0166 0.0352
0 0.0776 0.1221 0.0127 0.0293
0 0.0869 0.124 0.0098 0.0332
0 0.0815 0.1494 0.0088 0.0254
0 0.0879 0.1494 0.0059 0.0215
0 0.0801 0.1768 0.0078 0.0254
0 0.0625 0.2002 0.0117 0.0293
0 0.0361 0.1758 0.0098 0.0273
0 0.0376 0.21 0.0107 0.0254
0 0.0308 0.2344 0.0127 0.0312
0 0.0425 0.2441 0.0127 0.0312
0 0.0269 0.2891 0.0107 0.0234
0 0.0444 0.2861 0.0127 0.0332
0 0.0566 0.2412 0.0098 0.0332
0 0.0532 0.2939 0.0107 0.0293
0 0.0547 0.3252 0.0117 0.0293
0 0.0254 0.3213 0.0117 0.0254
0 0.041 0.3877 0.0137 0.0293
0 0.061 0.4463 0.0107 0.0254
0 0.0703 0.4434 0.0078 0.0156
0 0.0957 0.4014 0.0137 0.0332
0 0.1035 0.3867 0.0117 0.0273
0 0.0752 0.3291 0.0078 0.0293
0 0.1108 0.3027 0.0127 0.0312
0 0.0884 0.2676 0.0088 0.0273
0 0.0933 0.2266 0.0107 0.0312
0 0.1147 0.2598 0.0068 0.0234
0 0.1392 0.2988 0.0127 0.0273
0 0.1313 0.2207 0.0107 0.0273
0 0.126 0.1006 0.0098 0.0293
0 0.1416 0.0986 0.0117 0.0332
0 0.1465 0.1055 0.0059 0.0195
0 0.1035 0.1553 0.0078 0.0176
0 0.1436 0.1533 0.0098 0.0332
0 0.1606 0.2285 0.0146 0.0312
0 0.1826 0.1602 0.0098 0.0273
0 0.1699 0.1709 0.0078 0.0332
0 0.1821 0.2871 0.0107 0.0273
0 0.1919 0.292 0.0107 0.0293
0 0.2021 0.2783 0.0117 0.0293
0 0.2104 0.1904 0.0088 0.0254
0 0.1743 0.1211 0.0088 0.0234
0 0.1714 0.083 0.0088 0.0293
0 0.2188 0.0918 0.0098 0.0312
0 0.2329 0.0938 0.0088 0.0312
0 0.2437 0.0908 0.0088 0.0215
0 0.2188 0.0684 0.0078 0.0195
0 0.2104 0.0488 0.0088 0.0234
0 0.2007 0.0527 0.0068 0.0234
0 0.209 0.0234 0.0078 0.0195
0 0.2256 0.0449 0.0059 0.0234
0 0.23 0.1426 0.0088 0.0273
0 0.1953 0.1133 0.0098 0.0273
0 0.2485 0.0156 0.0107 0.0273
0 0.2793 0.0537 0.0098 0.0254
0 0.2812 0.082 0.0078 0.0273
0 0.2554 0.0615 0.0068 0.0254
0 0.292 0.083 0.0078 0.0254
0 0.3018 0.1025 0.0078 0.0215
0 0.2881 0.0342 0.0078 0.0215
0 0.3096 0.0225 0.0078 0.0254
0 0.3467 0.0186 0.0059 0.0215
0 0.3462 0.0449 0.0088 0.0234
0 0.3608 0.0518 0.0088 0.0332
0 0.3677 0.0361 0.0088 0.0293
0 0.3809 0.0439 0.0098 0.0293
0 0.3389 0.0811 0.0098 0.0332
0 0.3784 0.0957 0.0088 0.0273
0 0.3643 0.0869 0.0059 0.0254
0 0.3867 0.0791 0.0098 0.0293
0 0.271 0.1201 0.0088 0.0254
0 0.2866 0.1289 0.0088 0.0234
0 0.3125 0.1289 0.0078 0.0273
0 0.313 0.0918 0.0088 0.0273
0 0.269 0.1895 0.0088 0.0234
0 0.3042 0.1543 0.0088 0.0273
0 0.3301 0.1641 0.0078 0.0273
0 0.3184 0.1543 0.0078 0.0273
0 0.3306 0.1279 0.0088 0.0332
0 0.3823 0.1357 0.0088 0.0293
0 0.249 0.1963 0.0078 0.0254
0 0.2588 0.1943 0.0078 0.0254
0 0.2437 0.2266 0.0127 0.0312
0 0.248 0.2646 0.0137 0.0371
0 0.231 0.2441 0.0107 0.0312
0 0.2778 0.2314 0.0088 0.0332
0 0.2969 0.2295 0.0098 0.0293
0 0.1973 0.2188 0.0117 0.0195
0 0.1631 0.1943 0.0078 0.0215
0 0.1714 0.2715 0.0107 0.0273
0 0.1421 0.3936 0.0088 0.0332
0 0.1387 0.4385 0.0117 0.0332
0 0.1572 0.3975 0.0117 0.0332
0 0.1592 0.4375 0.0117 0.0312
0 0.1782 0.4346 0.0107 0.0293
0 0.21 0.4209 0.0137 0.0332
0 0.1978 0.4385 0.0107 0.0332
0 0.1411 0.4795 0.0107 0.0254
0 0.1812 0.3311 0.0107 0.0254
0 0.2021 0.3584 0.0117 0.0332
0 0.2095 0.374 0.0088 0.0254
0 0.2124 0.334 0.0107 0.0273
0 0.2104 0.3037 0.0088 0.0215
0 0.2451 0.335 0.0117 0.0332
0 0.2651 0.3623 0.0107 0.0293
0 0.2544 0.3525 0.0107 0.0293
0 0.251 0.4131 0.0137 0.0293
0 0.228 0.4248 0.0127 0.0293
0 0.2607 0.4609 0.0117 0.0273
0 0.2798 0.4668 0.0146 0.0352
0 0.2808 0.4053 0.0107 0.0293
0 0.2974 0.3965 0.0127 0.0312
0 0.3018 0.4385 0.0117 0.0215
0 0.229 0.4639 0.0107 0.0293
0 0.2144 0.4678 0.0107 0.0293
0 0.2896 0.2754 0.0088 0.0312
0 0.3086 0.1924 0.0059 0.0215
0 0.2998 0.2012 0.0078 0.0195
0 0.3179 0.2129 0.0068 0.0195
0 0.3726 0.1318 0.0068 0.0215
0 0.3315 0.2646 0.0088 0.0254
0 0.3296 0.2295 0.0068 0.0215
0 0.4033 0.0537 0.0078 0.0254
0 0.4375 0.0586 0.0098 0.0273
0 0.4253 0.0264 0.0088 0.0254
0 0.4517 0.0234 0.0088 0.0273
0 0.4448 0.0146 0.0049 0.0176
0 0.4746 0.0234 0.0059 0.0156
0 0.4863 0.0098 0.0059 0.0156
0 0.459 0.0703 0.0078 0.0195
0 0.4756 0.0645 0.0098 0.0195
0 0.4873 0.0488 0.0078 0.0234
0 0.5195 0.0029 0.0078 0.0098
0 0.5273 0.0195 0.0078 0.0195
0 0.5249 0.0537 0.0088 0.0215
0 0.5327 0.0469 0.0088 0.0234
0 0.5659 0.0098 0.0107 0.0234
0 0.5938 0.0234 0.0078 0.0234
0 0.5864 0.0283 0.0068 0.0176
0 0.5781 0.0098 0.0059 0.0195
0 0.5635 0.0557 0.0078 0.0293
0 0.5483 0.0645 0.0107 0.0273
0 0.5659 0.0791 0.0088 0.0215
0 0.584 0.0889 0.0098 0.0293
0 0.5962 0.0869 0.0068 0.0176
0 0.6099 0.0566 0.0107 0.0195
0 0.6191 0.0342 0.0098 0.0215
0 0.6187 0.0898 0.0107 0.0312
0 0.6543 0.0166 0.0078 0.0215
0 0.6465 0.0674 0.0078 0.0215
0 0.6567 0.0713 0.0068 0.0215
0 0.6465 0.1377 0.0098 0.0254
0 0.6558 0.1094 0.0088 0.0312
0 0.6191 0.123 0.0078 0.0273
0 0.6221 0.1914 0.0137 0.0391
0 0.647 0.2021 0.0068 0.0254
0 0.6284 0.2021 0.0088 0.0293
0 0.6548 0.2314 0.0068 0.0176
0 0.6343 0.2354 0.0068 0.0176
0 0.6401 0.2295 0.0068 0.0176
0 0.1885 0.4727 0.0059 0.0273
0 0.1714 0.4971 0.0107 0.0332
0 0.144 0.542 0.0107 0.0332
0 0.2007 0.5146 0.0088 0.0293
0 0.2153 0.5068 0.0127 0.0371
0 0.2417 0.5166 0.0146 0.0254
0 0.2593 0.5234 0.0088 0.0352
0 0.3047 0.5166 0.0098 0.0293
0 0.2812 0.5117 0.0078 0.0234
0 0.3154 0.4736 0.0078 0.0215
0 0.2651 0.5742 0.0146 0.0391
0 0.2573 0.584 0.0088 0.0312
0 0.2217 0.585 0.0156 0.0371
0 0.1978 0.5635 0.0127 0.0293
0 0.2104 0.5596 0.0107 0.0488
0 0.2349 0.5605 0.0127 0.0352
0 0.248 0.5527 0.0156 0.0312
0 0.165 0.5547 0.0117 0.0312
0 0.1094 0.623 0.0176 0.0469
0 0.0723 0.6309 0.0156 0.0391
0 0.0425 0.8154 0.0146 0.041
0 0.0347 0.8662 0.0146 0.0371
0 0.0303 0.9648 0.0117 0.0352
0 0.1631 0.6221 0.0137 0.0371
0 0.1475 0.5703 0.0078 0.0234
0 0.188 0.6367 0.0127 0.0312
0 0.27 0.6152 0.0146 0.0312
0 0.3042 0.5889 0.0127 0.0332
0 0.3374 0.627 0.0068 0.0273
0 0.3525 0.6299 0.0137 0.0332
0 0.3594 0.6562 0.0117 0.0352
0 0.374 0.626 0.0059 0.0176
0 0.395 0.6064 0.0127 0.0332
0 0.3906 0.5752 0.0156 0.0332
0 0.4009 0.5566 0.0107 0.0312
0 0.4121 0.6201 0.0137 0.0332
0 0.1543 0.8418 0.0098 0.0352
0 0.1562 0.8652 0.0078 0.0273
0 0.1641 0.9268 0.0098 0.0293
0 0.2109 0.9199 0.0156 0.0391
0 0.2344 0.8838 0.0156 0.041
0 0.1841 0.8652 0.0088 0.0352
0 0.2095 0.8721 0.0146 0.0332
0 0.2368 0.9502 0.0127 0.0371
0 0.2451 0.9482 0.0078 0.0332
0 0.2783 0.9414 0.0117 0.0273
0 0.2607 0.9541 0.0117 0.0254
0 0.3066 0.9629 0.0117 0.0352
0 0.3213 0.9131 0.0117 0.041
0 0.333 0.8457 0.0098 0.0234
0 0.3301 0.8906 0.0137 0.0469
0 0.3662 0.8887 0.0117 0.0469
0 0.374 0.8984 0.0117 0.0391
0 0.396 0.9492 0.0127 0.0312
0 0.3789 0.9326 0.0137 0.0293
0 0.416 0.9648 0.0137 0.0312
0 0.4277 0.8545 0.0117 0.0293
0 0.457 0.6602 0.0117 0.0234
0 0.457 0.6045 0.0117 0.0332
0 0.5479 0.6162 0.0117 0.0332
0 0.5815 0.6318 0.0088 0.0215
0 0.4692 0.8789 0.0107 0.0312
0 0.4849 0.8457 0.0088 0.0312
0 0.4897 0.9111 0.0107 0.0371
0 0.4521 0.9277 0.0137 0.0312
0 0.4653 0.9678 0.0146 0.0332
0 0.5396 0.9756 0.0166 0.0293
0 0.5396 0.8877 0.0146 0.041
0 0.5537 0.9014 0.0098 0.0332
0 0.5654 0.8223 0.0078 0.0195
0 0.5645 0.8594 0.0137 0.0312
0 0.5737 0.877 0.0107 0.0312
0 0.5908 0.9121 0.0098 0.0234
0 0.6211 0.8623 0.0137 0.0332
0 0.6045 0.8057 0.0098 0.0293
0 0.6143 0.9434 0.0156 0.0391
0 0.6064 0.9092 0.0098 0.041
0 0.6362 0.9307 0.0107 0.0371
0 0.5986 0.9746 0.0098 0.0234
0 0.6606 0.9385 0.0166 0.0254
0 0.6855 0.917 0.0156 0.0371
0 0.686 0.8545 0.0146 0.0449
0 0.7358 0.9521 0.0107 0.0371
0 0.748 0.9189 0.0156 0.0371
0 0.7314 0.8594 0.0137 0.0352
0 0.7358 0.8242 0.0146 0.0352
0 0.7529 0.834 0.0117 0.0352
0 0.7871 0.9795 0.0117 0.0371
0 0.8008 0.9297 0.0098 0.0352
0 0.8081 0.8867 0.0127 0.0352
0 0.8203 0.8252 0.0156 0.0449
0 0.8345 0.9492 0.0088 0.0391
0 0.8813 0.916 0.0127 0.0391
0 0.8677 0.9844 0.0146 0.0273
0 0.9004 0.9795 0.0117 0.0371
0 0.8604 0.8936 0.0098 0.0293
0 0.9175 0.9209 0.0146 0.041
0 0.937 0.9385 0.0127 0.0332
0 0.978 0.8887 0.0146 0.0391
0 0.9868 0.9795 0.0127 0.0371
0 0.98 0.9834 0.0127 0.0293
0 0.7529 0.6191 0.0117 0.0352
0 0.7676 0.6221 0.0117 0.0371
0 0.7666 0.5518 0.0117 0.0371
0 0.7148 0.584 0.0137 0.0391
0 0.7266 0.5459 0.0117 0.0332
0 0.7061 0.5547 0.0156 0.0312
0 0.6885 0.5781 0.0117 0.0312
0 0.6743 0.5869 0.0127 0.0332
0 0.6343 0.6328 0.0127 0.0352
0 0.6675 0.5459 0.0127 0.0371
0 0.6689 0.4893 0.0117 0.0332
0 0.7134 0.5098 0.0127 0.0352
0 0.688 0.5098 0.0127 0.0352
0 0.6826 0.4678 0.0098 0.0254
0 0.7749 0.4697 0.0088 0.0293
0 0.7524 0.4707 0.0088 0.0234
0 0.7603 0.459 0.0088 0.0234
0 0.7056 0.4688 0.0088 0.0234
0 0.748 0.4111 0.0117 0.0293
0 0.6846 0.4414 0.0098 0.0273
0 0.73 0.4971 0.0107 0.0176
0 0.7417 0.5205 0.0146 0.0293
0 0.7554 0.4902 0.0088 0.0234
0 0.7324 0.417 0.0098 0.0254
0 0.7031 0.4062 0.0098 0.0352
0 0.7422 0.3701 0.0137 0.0293
0 0.8276 0.4395 0.0127 0.043
0 0.8003 0.3896 0.0127 0.0332
0 0.7822 0.3867 0.0059 0.0312
0 0.7896 0.3877 0.0088 0.0371
0 0.7949 0.3584 0.0098 0.0254
0 0.8965 0.4043 0.0098 0.0312
0 0.8857 0.4014 0.0078 0.0332
0 0.8481 0.3809 0.0127 0.0352
0 0.8711 0.3623 0.0117 0.0254
0 0.8145 0.3398 0.0117 0.0273
0 0.7759 0.3633 0.0107 0.0312
0 0.7881 0.3379 0.0098 0.0273
0 0.7788 0.3125 0.0068 0.0234
0 0.686 0.3271 0.0107 0.0215
0 0.8975 0.3213 0.0098 0.0293
0 0.8745 0.3213 0.0088 0.0293
0 0.6821 0.0928 0.0088 0.0215
0 0.6929 0.0713 0.0068 0.0215
0 0.6987 0.0303 0.0088 0.0176
0 0.7197 0.0615 0.0098 0.0293
0 0.7456 0.1416 0.0107 0.0293
0 0.7646 0.0938 0.0078 0.0234
0 0.7495 0.0664 0.0068 0.0234
0 0.7559 0.0312 0.0078 0.0273
0 0.814 0.0479 0.0068 0.0254
0 0.8066 0.0264 0.0098 0.0293
0 0.8418 0.0098 0.0078 0.0234
0 0.8672 0.0781 0.0098 0.0273
0 0.8843 0.0361 0.0088 0.0176
0 0.8682 0.0205 0.0078 0.0215
0 0.8613 0.0029 0.0078 0.0098
0 0.8794 0.0146 0.0068 0.0215
0 0.8975 0.0156 0.0078 0.0273
0 0.8848 0.0137 0.0039 0.0156
0 0.9131 0.0205 0.0117 0.0254
0 0.9297 0.041 0.0059 0.0234
0 0.9268 0.0146 0.0059 0.0215
0 0.9487 0.0088 0.0068 0.0215
0 0.9736 0.0098 0.0098 0.0195
0 0.981 0.0479 0.0068 0.0215
0 0.9912 0.0479 0.0098 0.0293
0 0.9717 0.0547 0.0078 0.0234
0 0.793 0.1299 0.0098 0.0215
0 0.8115 0.0986 0.0078 0.0254
0 0.7964 0.1475 0.0068 0.0176
0 0.7817 0.1689 0.0107 0.0215
0 0.7769 0.1963 0.0068 0.0215
0 0.7881 0.2061 0.0098 0.0176
0 0.811 0.1572 0.0088 0.0293
0 0.8232 0.167 0.0078 0.0254
0 0.8286 0.1299 0.0088 0.0254
0 0.8555 0.0654 0.0078 0.0215
0 0.832 0.0723 0.0078 0.0234
0 0.834 0.0498 0.0059 0.0137
0 0.8384 0.1553 0.0088 0.0293
0 0.8613 0.1641 0.0117 0.0273
0 0.8613 0.126 0.0078 0.0254
0 0.8984 0.0908 0.0078 0.0254
0 0.875 0.0664 0.0078 0.0273
0 0.9292 0.0938 0.0127 0.0312
0 0.9434 0.0723 0.0098 0.0234
0 0.9844 0.1133 0.0098 0.0273
0 0.9746 0.1221 0.0078 0.0254
0 0.9575 0.1182 0.0146 0.0293
0 0.9346 0.126 0.0078 0.0215
0 0.9434 0.1416 0.0098 0.0215
0 0.9146 0.1621 0.0107 0.0273
0 0.8975 0.1914 0.0078 0.0273
0 0.8989 0.1699 0.0088 0.0156
0 0.8506 0.2217 0.0098 0.0293
0 0.8569 0.1963 0.0088 0.0176
0 0.8521 0.1592 0.0068 0.0176
0 0.8081 0.248 0.0088 0.0234
0 0.7744 0.2656 0.0098 0.0234
0 0.7695 0.2295 0.0098 0.0293
0 0.6826 0.377 0.0098 0.0312
0 0.7988 0.2949 0.0078 0.0195
0 0.7969 0.2666 0.0078 0.0254
0 0.8267 0.2979 0.0088 0.0293
0 0.8384 0.2695 0.0088 0.0273
0 0.8452 0.2949 0.0068 0.0195
0 0.8623 0.2812 0.0098 0.0273
0 0.8633 0.2393 0.0117 0.0332
0 0.9048 0.2168 0.0088 0.0234
0 0.9312 0.2178 0.0088 0.0254
0 0.939 0.1719 0.0088 0.0195
0 0.9614 0.2207 0.0107 0.0312
0 0.9722 0.2246 0.0088 0.0273
0 0.9731 0.1943 0.0127 0.0176
0 0.9756 0.1895 0.0098 0.0312
0 0.9922 0.291 0.0117 0.043
0 0.9375 0.2627 0.0078 0.0254
0 0.9458 0.2539 0.0088 0.0273
0 0.9194 0.2559 0.0088 0.0273
0 0.9282 0.3047 0.0107 0.0273
0 0.9375 0.3398 0.0098 0.0273
0 0.9399 0.3809 0.0107 0.0312
0 0.9336 0.4033 0.0137 0.0293
0 0.9385 0.4346 0.0117 0.0176
0 0.9575 0.3936 0.0127 0.041
0 0.9727 0.2861 0.0137 0.0371
0 0.9878 0.3672 0.0186 0.0391
0 0.9785 0.4365 0.0156 0.0176
0 0.9912 0.418 0.0098 0.0273
0 0.7178 0.2393 0.0059 0.0137
0 0.7056 0.2783 0.0068 0.0215
0 0.2891 0.8252 0.0059 0.0254
0 0.0718 0.959 0.0107 0.0391
0 0.7402 0.5547 0.0117 0.0273
0 0.7822 0.1328 0.0059 0.0156
