0 0.0151 0.3781 0.0225 0.0396
0 0.0356 0.3326 0.0205 0.0367
0 0.104 0.3003 0.0244 0.0485
0 0.0977 0.3752 0.0176 0.0514
0 0.1572 0.3781 0.0273 0.0573
0 0.1353 0.4192 0.0186 0.0485
0 0.0718 0.4971 0.0244 0.0514
0 0.1514 0.5455 0.0156 0.0455
0 0.1743 0.3502 0.0107 0.025
0 0.2925 0.3069 0.0186 0.0382
0 0.3125 0.3304 0.0176 0.0411
0 0.3447 0.3113 0.0195 0.0499
0 0.3281 0.3994 0.0156 0.047
0 0.3433 0.4295 0.0166 0.0426
0 0.4004 0.3833 0.0195 0.0441
0 0.4204 0.359 0.0205 0.0396
0 0.4106 0.315 0.0205 0.0338
0 0.4077 0.5037 0.0186 0.0382
0 0.4443 0.3253 0.0137 0.025
0 0.458 0.3877 0.0215 0.0441
0 0.4893 0.3414 0.0234 0.0338
0 0.5156 0.3561 0.0332 0.0631
0 0.5688 0.3157 0.0166 0.0264
0 0.6011 0.337 0.0205 0.0367
0 0.5811 0.3708 0.0195 0.0396
0 0.6465 0.351 0.0156 0.0264
0 0.6606 0.351 0.0127 0.0264
0 0.6553 0.3921 0.0195 0.0264
0 0.6138 0.5 0.0146 0.0338
0 0.9526 0.3245 0.0146 0.0264
0 0.9932 0.3326 0.0117 0.0308
0 0.9785 0.384 0.0156 0.0367
0 0.957 0.4031 0.0156 0.0426
0 0.9399 0.8333 0.1182 0.1836
