0 0.7666 0.5158 0.0137 0.0296
0 0.1812 0.5118 0.0127 0.0296
0 0.0977 0.4852 0.0117 0.0316
0 0.1709 0.4191 0.0117 0.0256
0 0.0298 0.4014 0.0107 0.0256
0 0.0938 0.359 0.0098 0.0237
0 0.147 0.3353 0.0088 0.0197
0 0.292 0.4862 0.0117 0.0296
0 0.3354 0.4043 0.0107 0.0276
0 0.2666 0.3412 0.0117 0.0276
0 0.312 0.3215 0.0107 0.0197
0 0.2578 0.4152 0.0117 0.0296
0 0.3491 0.283 0.0107 0.0217
0 0.2871 0.2485 0.0098 0.0237
0 0.2344 0.2722 0.0098 0.0197
0 0.4316 0.4714 0.0117 0.0316
0 0.5576 0.4931 0.0117 0.0316
0 0.5156 0.4359 0.0117 0.0237
0 0.4658 0.4014 0.0117 0.0296
0 0.4175 0.432 0.0127 0.0276
0 0.6182 0.4467 0.0117 0.0296
0 0.6758 0.356 0.0117 0.0256
0 0.7046 0.3422 0.0146 0.0256
0 0.354 0.2219 0.0088 0.0178
0 0.4399 0.3166 0.0107 0.0217
0 0.418 0.3225 0.0098 0.0217
0 0.4644 0.2318 0.0088 0.0217
0 0.4917 0.2101 0.0088 0.0217
0 0.4277 0.2613 0.0098 0.0178
0 0.521 0.2564 0.0088 0.0197
0 0.666 0.2692 0.0098 0.0217
0 0.5879 0.2436 0.0078 0.0178
0 0.5474 0.2406 0.0088 0.0197
0 0.1489 0.2426 0.0088 0.0197
0 0.0981 0.2535 0.0088 0.0217
0 0.0239 0.2682 0.0088 0.0237
0 0.3071 0.3886 0.0088 0.0276
