0 0.7969 0.4538 0.0352 0.056
0 0.6992 0.444 0.0215 0.0339
0 0.6167 0.4518 0.0186 0.0312
0 0.9224 0.4583 0.0127 0.0208
0 0.9424 0.4479 0.0117 0.0208
0 0.9629 0.4642 0.0117 0.0221
0 0.8467 0.4707 0.0117 0.0195
0 0.8535 0.446 0.0137 0.0221
0 0.9917 0.4492 0.0127 0.0182
0 0.8599 0.3809 0.0088 0.0143
0 0.8472 0.3704 0.0088 0.0143
0 0.8667 0.4395 0.0107 0.0195
0 0.8921 0.36 0.0088 0.0143
0 0.6802 0.4154 0.0088 0.0156
0 0.6406 0.4245 0.0078 0.0156
0 0.5581 0.446 0.0088 0.0143
0 0.5449 0.4453 0.0059 0.0104
0 0.4658 0.4701 0.0195 0.026
0 0.4375 0.4466 0.0156 0.0208
0 0.4082 0.4531 0.0195 0.0286
0 0.3096 0.4473 0.0137 0.0221
0 0.2549 0.4538 0.0215 0.0326
0 0.1948 0.4616 0.0205 0.0299
0 0.1631 0.457 0.0156 0.0234
0 0.0728 0.485 0.0225 0.0352
0 0.0474 0.4642 0.0049 0.0091
0 0.0552 0.4674 0.0049 0.0078
0 0.0273 0.4772 0.0059 0.0091
0 0.0176 0.4844 0.0059 0.0078
0 0.499 0.4551 0.0078 0.0143
0 0.5088 0.4421 0.0078 0.0143
