0 0.1318 0.4184 0.0117 0.0259
0 0.1572 0.4154 0.0137 0.029
0 0.1851 0.4116 0.0166 0.0274
0 0.2134 0.4375 0.0146 0.0366
0 0.2388 0.452 0.0205 0.0351
0 0.272 0.4192 0.0146 0.0274
0 0.3018 0.4215 0.0195 0.0351
0 0.3447 0.4062 0.0195 0.032
0 0.3779 0.4345 0.0156 0.0274
0 0.3906 0.4482 0.0195 0.0305
0 0.4619 0.4352 0.0176 0.032
0 0.5264 0.4604 0.0156 0.0274
0 0.6099 0.4657 0.0166 0.032
0 0.689 0.4756 0.0186 0.0305
0 0.7427 0.4459 0.0186 0.029
0 0.7866 0.4794 0.0186 0.0351
0 0.8047 0.4726 0.0176 0.0274
0 0.8726 0.5 0.0186 0.0335
0 0.9077 0.4535 0.0186 0.0381
0 0.9561 0.4695 0.0195 0.0335
0 0.9888 0.4947 0.0186 0.0503
