0 0.0781 0.429 0.0195 0.0325
0 0.0981 0.4075 0.0225 0.0459
0 0.1221 0.4098 0.0254 0.0444
0 0.1597 0.3713 0.0283 0.0533
0 0.2832 0.4201 0.0234 0.0444
0 0.3369 0.3846 0.0273 0.0473
0 0.3872 0.3898 0.0264 0.0488
0 0.4717 0.4342 0.0273 0.0518
0 0.502 0.4283 0.0156 0.0311
0 0.5498 0.4216 0.0254 0.0473
0 0.6089 0.4127 0.0244 0.0503
0 0.7661 0.2685 0.0361 0.0784
0 0.877 0.4808 0.0117 0.0178
0 0.8872 0.4712 0.0107 0.0222
0 0.8618 0.5555 0.0127 0.0251
0 0.9009 0.5547 0.0146 0.0325
0 0.9478 0.4453 0.0205 0.0444
0 0.8408 0.4763 0.0195 0.0355
0 0.8936 0.5806 0.0117 0.0222
0 0.9941 0.4541 0.0098 0.0325
0 0.6289 0.2012 0.0078 0.0178
0 0.6108 0.2219 0.0088 0.0178
0 0.5942 0.1975 0.0088 0.0163
