0 0.0396 0.0879 0.0088 0.0167
0 0.0234 0.0579 0.0059 0.0237
0 0.0381 0.0418 0.0078 0.0167
0 0.0684 0.0265 0.0078 0.0139
0 0.0806 0.0453 0.0127 0.0209
0 0.0669 0.076 0.0107 0.0237
0 0.0938 0.1165 0.0098 0.0209
0 0.1187 0.0418 0.0107 0.0195
0 0.1597 0.037 0.0088 0.0153
0 0.1304 0.1304 0.0127 0.0209
0 0.0698 0.1653 0.0146 0.0237
0 0.1855 0.1311 0.0137 0.0223
0 0.2378 0.1492 0.0127 0.0279
0 0.2661 0.106 0.0127 0.0195
0 0.2417 0.0816 0.0068 0.0181
0 0.2275 0.1227 0.0098 0.0223
0 0.2051 0.037 0.0137 0.0265
0 0.1904 0.0098 0.0137 0.0167
0 0.2329 0.03 0.0146 0.0209
0 0.1831 0.0858 0.0107 0.0181
0 0.1348 0.0858 0.0117 0.0209
0 0.3008 0.046 0.0137 0.0307
0 0.2979 0.0934 0.0117 0.0223
0 0.3022 0.0132 0.0127 0.0237
0 0.3438 0.0251 0.0156 0.0279
0 0.3462 0.0558 0.0146 0.0279
0 0.3242 0.0704 0.0117 0.0181
0 0.4561 0.1911 0.0137 0.0307
0 0.4932 0.219 0.0137 0.0251
0 0.4541 0.0844 0.0098 0.0293
0 0.4355 0.1102 0.0156 0.0279
0 0.4287 0.0098 0.0137 0.0167
0 0.5273 0.0642 0.0098 0.0139
0 0.5713 0.0802 0.0117 0.0209
0 0.5557 0.016 0.0117 0.0237
0 0.5942 0.0119 0.0146 0.0209
0 0.5649 0.0565 0.0068 0.0237
0 0.6152 0.0697 0.0078 0.0167
0 0.6143 0.0997 0.0098 0.0265
0 0.6274 0.122 0.0107 0.0181
0 0.5967 0.1485 0.0137 0.0265
0 0.5522 0.1583 0.0107 0.0181
0 0.6299 0.1939 0.0117 0.0307
0 0.644 0.1757 0.0088 0.0167
0 0.6846 0.1834 0.0137 0.0209
0 0.7124 0.1325 0.0127 0.0167
0 0.7461 0.1632 0.0117 0.0195
0 0.7515 0.0607 0.0088 0.0237
0 0.7954 0.0523 0.0088 0.0181
0 0.7666 0.0439 0.0117 0.0209
0 0.7026 0.0607 0.0068 0.0098
0 0.7153 0.0816 0.0088 0.0153
0 0.6606 0.1088 0.0068 0.0279
0 0.6499 0.0662 0.0068 0.0153
0 0.645 0.0181 0.0127 0.0195
0 0.6328 0.0286 0.0078 0.0237
0 0.6997 0.0084 0.0068 0.0167
0 0.7217 0.0167 0.0098 0.0195
0 0.8203 0.0425 0.0117 0.0265
0 0.041 0.2768 0.0352 0.0795
0 0.1157 0.3257 0.0146 0.0321
0 0.2178 0.2817 0.0293 0.053
0 0.3179 0.2657 0.0342 0.0628
0 0.4199 0.3068 0.0332 0.0642
0 0.5229 0.2964 0.0322 0.0628
0 0.5918 0.265 0.0371 0.0614
0 0.6855 0.311 0.0293 0.0586
0 0.7783 0.2929 0.0352 0.0586
0 0.8394 0.2371 0.0342 0.0558
0 0.9512 0.2706 0.0273 0.0474
0 0.9702 0.0983 0.0127 0.0209
0 0.9722 0.0377 0.0068 0.0167
0 0.9893 0.016 0.0078 0.0237
0 0.9614 0.1764 0.0107 0.0293
0 0.4136 0.175 0.0068 0.0209
0 0.5327 0.1053 0.0107 0.0237
0 0.6826 0.053 0.0117 0.0195
0 0.0806 0.2001 0.0146 0.0181
0 0.1187 0.1883 0.0127 0.0167
0 0.0142 0.129 0.0127 0.0265
0 0.8413 0.1144 0.0107 0.0279
0 0.8999 0.2099 0.0088 0.0209
0 0.3198 0.1192 0.0107 0.0209
0 0.2925 0.1423 0.0127 0.0195
0 0.3506 0.1339 0.0137 0.0223
0 0.353 0.219 0.0146 0.0307
0 0.3984 0.1395 0.0117 0.0279
0 0.3828 0.143 0.0117 0.0321
0 0.3965 0.0907 0.0098 0.0195
0 0.3716 0.0704 0.0146 0.0237
0 0.3965 0.0342 0.0137 0.0293
0 0.4336 0.0537 0.0117 0.0237
0 0.4902 0.0669 0.0137 0.0195
0 0.4561 0.0356 0.0098 0.0153
0 0.4761 0.0146 0.0107 0.0237
0 0.5073 0.0593 0.0146 0.0349
0 0.5303 0.1471 0.0117 0.0237
0 0.4917 0.1123 0.0166 0.0265
0 0.4429 0.1583 0.0127 0.0265
