0 0.541 0.2816 0.0547 0.0587
0 0.0479 0.4772 0.0527 0.1226
0 0.7788 0.5346 0.0205 0.0169
0 0.8384 0.5202 0.0068 0.0091
0 0.8691 0.5143 0.0117 0.0117
0 0.917 0.513 0.0117 0.0169
0 0.6772 0.5121 0.0127 0.0111
0 0.6377 0.5042 0.0078 0.0085
0 0.7954 0.5153 0.0088 0.0072
0 0.9395 0.5215 0.0137 0.0117
0 0.9189 0.5841 0.0098 0.0091
0 0.3403 0.5466 0.0068 0.0046
0 0.3638 0.5179 0.0088 0.0085
0 0.3994 0.5257 0.0059 0.0059
0 0.4248 0.5153 0.0078 0.0072
0 0.376 0.5287 0.0059 0.0065
0 0.3506 0.5482 0.0059 0.0039
