0 0.0352 0.6172 0.0117 0.0208
0 0.1821 0.4883 0.0186 0.0339
0 0.0444 0.5176 0.0107 0.0169
0 0.0537 0.6126 0.0117 0.0195
0 0.1089 0.6185 0.0088 0.0182
0 0.124 0.6172 0.0117 0.0182
0 0.0742 0.515 0.0117 0.0195
0 0.1025 0.5176 0.0078 0.0169
0 0.1133 0.5098 0.0098 0.0169
0 0.1465 0.5026 0.0078 0.0182
0 0.2046 0.5085 0.0088 0.0169
0 0.2192 0.515 0.0107 0.0195
0 0.3345 0.5 0.0166 0.0286
0 0.291 0.5833 0.0059 0.0156
0 0.2432 0.5124 0.0078 0.0143
0 0.395 0.582 0.0088 0.0156
0 0.4072 0.5794 0.0078 0.0104
0 0.3799 0.5827 0.0059 0.0117
0 0.271 0.5052 0.0068 0.013
0 0.3472 0.515 0.0068 0.0117
0 0.3599 0.5299 0.0049 0.0078
0 0.4585 0.4707 0.0186 0.0326
0 0.4199 0.5326 0.0078 0.013
0 0.5298 0.5169 0.0049 0.0078
0 0.6431 0.4961 0.0146 0.0234
0 0.7163 0.4915 0.0127 0.0273
0 0.7559 0.5 0.0117 0.0208
0 0.7627 0.4967 0.0078 0.0169
0 0.9321 0.8047 0.0674 0.0964
0 0.8218 0.5254 0.0049 0.0065
0 0.8574 0.5163 0.0039 0.0065
0 0.8271 0.5163 0.0039 0.0065
0 0.834 0.5163 0.0039 0.0065
0 0.5532 0.5632 0.0029 0.0065
0 0.5391 0.569 0.0039 0.0078
0 0.5264 0.5684 0.0039 0.0091
0 0.5161 0.571 0.0049 0.0091
0 0.5474 0.5241 0.0029 0.0091
0 0.5767 0.5664 0.0029 0.0078
0 0.582 0.5618 0.0039 0.0091
0 0.5005 0.5176 0.0049 0.0091
0 0.4927 0.5189 0.0049 0.0091
0 0.3804 0.5221 0.0049 0.0078
0 0.4312 0.5176 0.0049 0.0091
0 0.4185 0.5814 0.0049 0.0117
0 0.5254 0.5189 0.0039 0.0091
0 0.8394 0.6803 0.0166 0.0404
0 0.0298 0.5332 0.0088 0.0117
