0 0.9946 0.4069 0.0088 0.0169
0 0.9878 0.4004 0.0107 0.0195
0 0.9541 0.3978 0.0117 0.0143
0 0.9502 0.3841 0.0098 0.0156
0 0.9292 0.4199 0.0088 0.0169
0 0.9395 0.4004 0.0098 0.0169
0 0.9238 0.3828 0.0098 0.0156
0 0.9033 0.4095 0.0098 0.0169
0 0.9014 0.3815 0.0098 0.0182
0 0.8867 0.3965 0.0078 0.0143
0 0.8857 0.3809 0.0098 0.0143
0 0.8662 0.4036 0.0098 0.0156
0 0.8628 0.3867 0.0088 0.0156
0 0.8721 0.375 0.0098 0.0156
0 0.8374 0.4102 0.0088 0.0182
0 0.8354 0.3835 0.0088 0.0169
0 0.8008 0.3939 0.0176 0.0273
0 0.7422 0.3978 0.0078 0.0143
0 0.7236 0.3971 0.0078 0.013
0 0.7256 0.377 0.0078 0.0143
0 0.6621 0.39 0.0059 0.0117
0 0.8296 0.39 0.0068 0.0143
0 0.6191 0.2812 0.041 0.0807
0 0.498 0.4082 0.0312 0.0508
0 0.4429 0.3665 0.04 0.0794
0 0.4795 0.3783 0.0117 0.0195
0 0.373 0.3796 0.0059 0.0091
0 0.394 0.39 0.0127 0.0221
0 0.3281 0.3743 0.0059 0.0091
0 0.3081 0.3743 0.0049 0.0091
0 0.0869 0.3548 0.0137 0.0221
0 0.1724 0.3626 0.0049 0.0091
0 0.6929 0.4049 0.0088 0.0156
0 0.6958 0.3926 0.0068 0.0117
0 0.668 0.3906 0.0059 0.0104
0 0.7749 0.3958 0.0107 0.0208
