0 0.0732 0.0824 0.0117 0.0241
0 0.0161 0.1991 0.0186 0.05
0 0.0098 0.238 0.0137 0.0463
0 0.1138 0.2565 0.0205 0.0426
0 0.0859 0.1713 0.0176 0.0463
0 0.0752 0.1407 0.0156 0.037
0 0.147 0.1685 0.0186 0.0481
0 0.1812 0.1833 0.0225 0.0481
0 0.2202 0.1074 0.0107 0.0222
0 0.2969 0.1546 0.0156 0.0463
0 0.2632 0.2009 0.0146 0.0278
0 0.2222 0.2657 0.0264 0.0537
0 0.1772 0.3167 0.0322 0.0667
0 0.3027 0.2898 0.0332 0.0722
0 0.3599 0.2481 0.0283 0.0593
0 0.2861 0.1389 0.0176 0.0444
0 0.375 0.1009 0.0137 0.0426
0 0.4082 0.0954 0.0098 0.0241
0 0.3965 0.0361 0.0098 0.0241
0 0.4277 0.0417 0.0117 0.0278
0 0.4517 0.075 0.0127 0.0352
0 0.4463 0.1231 0.0156 0.0463
0 0.4766 0.1704 0.0195 0.0519
0 0.4775 0.25 0.0234 0.063
0 0.498 0.288 0.0352 0.0796
0 0.5835 0.0981 0.0166 0.037
0 0.5396 0.1 0.0127 0.0296
0 0.5068 0.0889 0.0117 0.0296
0 0.4678 0.0583 0.0078 0.0241
0 0.5718 0.0333 0.0088 0.0148
0 0.6177 0.1065 0.0166 0.0352
0 0.6001 0.1472 0.0244 0.05
0 0.606 0.2213 0.0303 0.0537
0 0.6587 0.2426 0.0303 0.0704
0 0.707 0.0806 0.0137 0.0352
0 0.7256 0.0463 0.0137 0.0333
0 0.7373 0.1019 0.0215 0.0519
0 0.8081 0.0528 0.0088 0.0278
0 0.835 0.0306 0.0098 0.0315
0 0.855 0.0148 0.0088 0.0185
0 0.916 0.138 0.0234 0.0463
0 0.8721 0.2259 0.0293 0.063
0 0.7793 0.2028 0.0312 0.0574
0 0.7686 0.3111 0.0371 0.0852
0 0.978 0.2389 0.0264 0.0556
0 0.9463 0.0954 0.0098 0.0241
0 0.9722 0.0889 0.0088 0.0259
0 0.8896 0.0241 0.0078 0.0222
0 0.9429 0.0167 0.0068 0.0148
0 0.8252 0.1944 0.0254 0.0481
0 0.6714 0.063 0.0107 0.0333
0 0.6357 0.0565 0.0117 0.0241
0 0.6738 0.0157 0.0078 0.0167
0 0.5938 0.0231 0.0098 0.0241
0 0.0195 0.3324 0.0273 0.0648
0 0.4219 0.1231 0.0117 0.0352
0 0.0903 0.3657 0.0186 0.0463
0 0.3384 0.137 0.0146 0.0259
0 0.3271 0.1324 0.0117 0.0278
0 0.6895 0.0093 0.0098 0.0185
0 0.6816 0.0185 0.0059 0.0185
0 0.7134 0.013 0.0107 0.0222
0 0.9233 0.0046 0.0088 0.013
0 0.564 0.0676 0.0146 0.0315
0 0.5142 0.0926 0.0127 0.0333
0 0.9897 0.0963 0.0186 0.0444
