0 0.0625 0.7064 0.0098 0.019
0 0.6392 0.2621 0.0127 0.0264
0 0.082 0.6881 0.0117 0.0234
0 0.0728 0.5747 0.0088 0.022
0 0.1128 0.5813 0.0088 0.0205
0 0.1406 0.6369 0.0078 0.0176
0 0.1226 0.694 0.0146 0.0264
0 0.1079 0.6918 0.0146 0.022
0 0.1699 0.7284 0.0078 0.0161
0 0.2417 0.6947 0.0107 0.019
0 0.2192 0.7167 0.0049 0.019
0 0.2051 0.5996 0.0098 0.019
0 0.2554 0.59 0.0068 0.0117
0 0.3057 0.5988 0.0078 0.0146
0 0.2866 0.6999 0.0088 0.0146
0 0.3062 0.7189 0.0088 0.0176
0 0.3174 0.7064 0.0078 0.0161
0 0.1797 0.5857 0.0078 0.0146
0 0.0063 0.7343 0.0088 0.019
0 0.2207 0.5776 0.0078 0.0161
0 0.0352 0.7057 0.0117 0.0234
0 0.02 0.5015 0.0068 0.0161
0 0.082 0.5483 0.0098 0.022
0 0.2764 0.601 0.0098 0.019
