0 0.8872 0.2012 0.0537 0.0846
0 0.7031 0.1849 0.0449 0.0677
0 0.4199 0.2962 0.043 0.0664
0 0.3462 0.2799 0.0361 0.0547
0 0.1074 0.2155 0.0508 0.082
0 0.0786 0.2057 0.0381 0.0495
0 0.1812 0.0814 0.0107 0.0169
0 0.0815 0.0527 0.0107 0.0195
0 0.0454 0.0508 0.0107 0.0182
0 0.269 0.0514 0.0127 0.0221
0 0.4028 0.1133 0.0107 0.0182
0 0.4478 0.0729 0.0127 0.0182
0 0.5776 0.026 0.0107 0.0208
0 0.6572 0.041 0.0117 0.0221
0 0.6191 0.0319 0.0137 0.0221
0 0.8105 0.0189 0.0098 0.0169
0 0.8013 0.0228 0.0088 0.0195
0 0.7764 0.0495 0.0117 0.0182
0 0.8403 0.0684 0.0107 0.0195
0 0.2026 0.1452 0.0127 0.0169
0 0.2939 0.2318 0.0293 0.0469
0 0.7832 0.0846 0.0137 0.0208
0 0.8535 0.0072 0.0117 0.0169
