0 0.0117 0.5936 0.0098 0.015
0 0.0239 0.6086 0.0068 0.0123
0 0.0454 0.6025 0.0068 0.0109
0 0.0645 0.5833 0.0098 0.0137
0 0.0195 0.5328 0.0059 0.0082
0 0.1309 0.6038 0.0117 0.0191
0 0.1675 0.582 0.0107 0.0191
0 0.0981 0.5874 0.0068 0.0137
0 0.104 0.5622 0.0068 0.0123
0 0.1587 0.569 0.0088 0.015
0 0.1494 0.569 0.0078 0.0123
0 0.1816 0.5936 0.0098 0.0178
0 0.1841 0.5683 0.0088 0.0164
0 0.1924 0.5704 0.0059 0.0123
0 0.2354 0.6202 0.0195 0.0301
0 0.2554 0.6202 0.0264 0.0383
0 0.2847 0.6373 0.0283 0.0478
0 0.3125 0.582 0.0137 0.0219
0 0.3564 0.582 0.0195 0.0273
0 0.3101 0.6605 0.04 0.0533
0 0.4238 0.6755 0.0488 0.0779
0 0.3667 0.6264 0.0244 0.0342
0 0.4048 0.5915 0.0264 0.0355
0 0.4546 0.6086 0.0283 0.0423
0 0.4951 0.5799 0.0195 0.0314
0 0.4741 0.597 0.0186 0.0301
0 0.5156 0.5396 0.0078 0.0137
0 0.5347 0.5362 0.0088 0.015
0 0.5737 0.5567 0.0107 0.0205
0 0.6006 0.5799 0.0215 0.0314
0 0.5952 0.5314 0.0088 0.0137
0 0.6167 0.5109 0.0088 0.0164
0 0.6299 0.5068 0.0059 0.0109
0 0.5884 0.5171 0.0068 0.0096
0 0.5767 0.5055 0.0068 0.0109
0 0.5552 0.5102 0.0068 0.0123
0 0.605 0.515 0.0068 0.0082
0 0.6089 0.5348 0.0088 0.015
0 0.6978 0.2746 0.0068 0.0082
0 0.7153 0.2766 0.0049 0.0096
0 0.7383 0.2794 0.0059 0.0096
0 0.751 0.2678 0.0059 0.0109
0 0.7769 0.2609 0.0049 0.0082
0 0.7866 0.2596 0.0068 0.0109
0 0.7983 0.2548 0.0068 0.0123
0 0.8174 0.2568 0.0039 0.0082
0 0.8389 0.2507 0.0078 0.0123
0 0.8467 0.2432 0.0078 0.0164
0 0.8955 0.2404 0.0078 0.0137
0 0.8594 0.2514 0.0078 0.0109
0 0.9126 0.2152 0.0068 0.0123
0 0.6636 0.5314 0.0107 0.0191
0 0.6455 0.5027 0.0039 0.0082
0 0.6646 0.5041 0.0068 0.0109
0 0.686 0.5055 0.0049 0.0109
0 0.7007 0.5232 0.0068 0.0109
0 0.6973 0.4884 0.0059 0.0096
0 0.7314 0.4959 0.0078 0.0137
0 0.7607 0.4884 0.0059 0.0123
0 0.8022 0.4918 0.0068 0.0137
0 0.7808 0.5246 0.0068 0.0137
0 0.7842 0.5225 0.0059 0.015
0 0.7407 0.528 0.0107 0.0178
0 0.7319 0.5089 0.0068 0.015
0 0.7495 0.5048 0.0088 0.0096
0 0.8267 0.5266 0.0088 0.0178
0 0.7988 0.5594 0.0156 0.026
0 0.833 0.5034 0.0078 0.0123
0 0.8608 0.5266 0.0146 0.0232
0 0.8535 0.4911 0.0059 0.015
0 0.9683 0.5376 0.0146 0.0287
0 0.9233 0.4973 0.0068 0.0109
0 0.957 0.4945 0.0078 0.0109
0 0.9727 0.4986 0.0078 0.0109
0 0.9932 0.5041 0.0117 0.0164
0 0.4819 0.8142 0.0596 0.1038
0 0.5415 0.6202 0.0361 0.0574
0 0.5693 0.5977 0.0156 0.0232
0 0.6411 0.6366 0.0459 0.0656
0 0.6772 0.5813 0.0205 0.0314
0 0.7158 0.6079 0.0312 0.0519
0 0.7622 0.5956 0.0283 0.0464
0 0.8379 0.6947 0.0645 0.0943
0 0.8779 0.6318 0.0371 0.0642
0 0.6831 0.8142 0.0986 0.1639
0 0.8784 0.4986 0.0068 0.0109
0 0.8765 0.4863 0.0068 0.0109
0 0.7993 0.513 0.0068 0.0123
0 0.7871 0.4966 0.0078 0.0123
0 0.7798 0.4973 0.0068 0.0137
0 0.1201 0.5806 0.0098 0.0137
0 0.0156 0.582 0.0059 0.0109
