0 0.2432 0.4867 0.0254 0.0407
0 0.1792 0.5516 0.0244 0.0423
0 0.1318 0.5634 0.0273 0.0469
0 0.1685 0.4358 0.0205 0.0391
0 0.123 0.4257 0.0137 0.0282
0 0.1851 0.4077 0.0166 0.0329
0 0.2944 0.392 0.0186 0.0329
0 0.2466 0.4053 0.0166 0.0313
0 0.2075 0.3811 0.0088 0.0235
0 0.1987 0.4139 0.0127 0.0235
0 0.063 0.3803 0.0166 0.0344
0 0.0752 0.3443 0.0117 0.0219
0 0.0776 0.3161 0.0107 0.025
0 0.1221 0.3341 0.0117 0.0235
0 0.1367 0.3427 0.0117 0.025
0 0.146 0.3513 0.0107 0.0235
0 0.1504 0.3279 0.0098 0.0235
0 0.1802 0.3161 0.0107 0.0219
0 0.2051 0.3153 0.0098 0.0172
0 0.1909 0.3075 0.0107 0.0172
0 0.3105 0.3897 0.0137 0.0282
0 0.3286 0.3818 0.0127 0.025
0 0.3735 0.3834 0.0107 0.0188
0 0.3882 0.4108 0.0127 0.0266
0 0.4194 0.3889 0.0146 0.0266
0 0.4375 0.3912 0.0156 0.0344
0 0.459 0.3865 0.0117 0.0282
0 0.4575 0.3435 0.0107 0.0235
0 0.3994 0.3372 0.0117 0.0235
0 0.354 0.3239 0.0088 0.0156
0 0.2285 0.3795 0.0117 0.0235
0 0.2793 0.3576 0.0098 0.0203
0 0.2603 0.2872 0.0088 0.0172
0 0.2476 0.2833 0.0107 0.0188
0 0.2822 0.2903 0.0098 0.0172
0 0.1938 0.1933 0.0088 0.0172
0 0.3208 0.2926 0.0107 0.0188
0 0.3433 0.302 0.0107 0.0188
0 0.3618 0.2825 0.0088 0.0172
0 0.3745 0.2879 0.0068 0.0156
0 0.3848 0.2864 0.0078 0.0156
0 0.4199 0.3059 0.0098 0.0172
0 0.4189 0.2926 0.0098 0.0188
0 0.4678 0.2864 0.0078 0.0156
0 0.479 0.2692 0.0068 0.0156
0 0.4912 0.2793 0.0059 0.011
0 0.4854 0.2676 0.0059 0.0156
0 0.4951 0.3318 0.0098 0.0188
0 0.479 0.331 0.0107 0.0203
0 0.4858 0.3693 0.0127 0.0219
0 0.4937 0.421 0.0146 0.0282
0 0.5303 0.3944 0.0137 0.025
0 0.5225 0.392 0.0117 0.0266
0 0.5537 0.3701 0.0117 0.0266
0 0.5786 0.4327 0.0166 0.0297
0 0.6206 0.421 0.0166 0.0282
0 0.6597 0.4194 0.0146 0.0282
0 0.5928 0.4014 0.0117 0.0235
0 0.5684 0.3865 0.0137 0.0282
0 0.5806 0.3865 0.0107 0.025
0 0.6274 0.367 0.0127 0.0235
0 0.6626 0.3701 0.0127 0.0235
0 0.6914 0.3787 0.0137 0.025
0 0.7168 0.3967 0.0137 0.0266
0 0.7368 0.3889 0.0127 0.0266
0 0.7563 0.4757 0.0146 0.0313
0 0.7622 0.3756 0.0107 0.0219
0 0.6782 0.3419 0.0127 0.0266
0 0.6255 0.3482 0.0088 0.0203
0 0.603 0.3396 0.0146 0.0219
0 0.7588 0.3482 0.0098 0.0203
0 0.7246 0.3318 0.0098 0.0188
0 0.7432 0.2934 0.0059 0.0141
0 0.5518 0.2613 0.0078 0.0125
0 0.5635 0.2457 0.0059 0.0094
0 0.5649 0.2903 0.0068 0.0141
0 0.5732 0.2762 0.0059 0.011
0 0.6548 0.259 0.0049 0.011
0 0.7798 0.4491 0.0166 0.0344
0 0.8096 0.4218 0.0137 0.0297
0 0.8267 0.3951 0.0146 0.0266
0 0.8496 0.4061 0.0137 0.0235
0 0.8833 0.4202 0.0166 0.036
0 0.9248 0.4225 0.0137 0.025
0 0.9561 0.4178 0.0137 0.0282
0 0.9863 0.4022 0.0117 0.025
0 0.8926 0.3834 0.0117 0.025
0 0.875 0.3897 0.0117 0.0219
0 0.8765 0.3584 0.0068 0.0156
0 0.8921 0.3247 0.0088 0.0203
0 0.8555 0.3341 0.0098 0.0203
0 0.8428 0.3365 0.0078 0.0188
0 0.8823 0.3286 0.0068 0.0156
0 0.8647 0.3302 0.0068 0.0156
0 0.8809 0.2973 0.0078 0.0156
0 0.769 0.3247 0.0088 0.0203
0 0.9692 0.3326 0.0088 0.0203
0 0.9932 0.3803 0.0078 0.0188
0 0.9902 0.3357 0.0078 0.0203
0 0.9106 0.3662 0.0127 0.0282
0 0.6665 0.3263 0.0068 0.0172
0 0.6763 0.32 0.0088 0.0172
0 0.6743 0.2574 0.0068 0.0078
0 0.2993 0.3459 0.0127 0.025
0 0.5762 0.349 0.0117 0.025
0 0.0879 0.5274 0.0098 0.0219
0 0.0029 0.525 0.0078 0.0203
0 0.7827 0.3889 0.0107 0.0172
0 0.9761 0.3357 0.0088 0.0172
0 0.355 0.4288 0.0127 0.025
0 0.3506 0.4116 0.0117 0.0219
0 0.5562 0.266 0.0068 0.0125
0 0.4873 0.4006 0.0098 0.0188
0 0.0898 0.3505 0.0098 0.0219
0 0.7939 0.3638 0.0117 0.0235
0 0.7158 0.3772 0.0117 0.025
