0 0.0718 0.2851 0.0186 0.0322
0 0.104 0.2383 0.0088 0.0088
0 0.123 0.3026 0.0059 0.0146
0 0.1514 0.2858 0.0156 0.0336
0 0.2158 0.3224 0.0215 0.0453
0 0.2812 0.2946 0.0117 0.0249
0 0.3286 0.2412 0.0049 0.0088
0 0.3423 0.277 0.0029 0.0073
0 0.3735 0.2515 0.0225 0.0556
0 0.458 0.2814 0.0176 0.0278
0 0.5513 0.2376 0.0361 0.0629
0 0.4121 0.2705 0.0039 0.0058
0 0.4287 0.2705 0.0039 0.0088
0 0.6338 0.3099 0.0117 0.0175
0 0.6714 0.2946 0.0107 0.019
0 0.7261 0.2288 0.0264 0.0482
0 0.8384 0.2719 0.0166 0.0263
0 0.8193 0.2909 0.0098 0.0117
0 0.895 0.2946 0.0088 0.0161
0 0.9243 0.3077 0.0107 0.0161
0 0.9521 0.3026 0.0078 0.0117
0 0.9756 0.3026 0.0078 0.0117
0 0.1978 0.2975 0.0068 0.0132
