0 0.8745 0.7719 0.0303 0.059
0 0.9429 0.4734 0.0146 0.023
0 0.9702 0.4281 0.0088 0.0158
0 0.9941 0.4194 0.0078 0.0158
0 0.9404 0.4331 0.0098 0.0144
0 0.0767 0.777 0.0479 0.0863
0 0.187 0.4755 0.0107 0.0187
0 0.2163 0.4547 0.0107 0.0201
0 0.2075 0.4381 0.0088 0.0187
0 0.1772 0.4353 0.0127 0.0187
0 0.1787 0.5122 0.0098 0.0144
0 0.1377 0.4676 0.0078 0.0173
0 0.126 0.4626 0.0098 0.0129
0 0.0879 0.5 0.0078 0.0158
0 0.0601 0.4705 0.0107 0.0173
0 0.0732 0.4604 0.0098 0.0173
0 0.0688 0.4388 0.0107 0.0173
0 0.0435 0.4345 0.0107 0.0144
0 0.0308 0.4647 0.0107 0.0173
0 0.0293 0.4993 0.0098 0.0144
0 0.0103 0.4367 0.0107 0.0187
0 0.0498 0.4072 0.0098 0.0173
0 0.0693 0.3986 0.0078 0.0144
0 0.0713 0.4209 0.0078 0.0129
0 0.1064 0.4173 0.0117 0.0201
0 0.1455 0.4194 0.0117 0.0187
0 0.1216 0.4151 0.0088 0.0158
0 0.1196 0.4554 0.0088 0.0158
0 0.1104 0.4453 0.0098 0.0158
0 0.2188 0.4029 0.0078 0.0115
0 0.2495 0.3986 0.0088 0.0144
0 0.2573 0.4338 0.0107 0.0187
0 0.0083 0.4094 0.0088 0.0158
0 0.0186 0.3705 0.0078 0.0129
0 0.1631 0.4482 0.0078 0.0158
0 0.1807 0.4144 0.0098 0.0144
