0 0.9126 0.5592 0.0068 0.013
0 0.8711 0.539 0.0059 0.0091
0 0.8389 0.591 0.0059 0.0091
0 0.8862 0.5852 0.0049 0.0078
0 0.8145 0.5663 0.0059 0.0091
0 0.7695 0.5215 0.0059 0.0104
0 0.7363 0.5046 0.0059 0.0052
0 0.7207 0.4948 0.0039 0.0065
0 0.7144 0.4889 0.0049 0.0078
0 0.7021 0.4844 0.0059 0.0091
0 0.6929 0.4714 0.0049 0.0091
0 0.6733 0.4603 0.0049 0.0052
0 0.8252 0.4116 0.0039 0.0065
0 0.0229 0.7659 0.0088 0.0182
0 0.0361 0.7464 0.0078 0.0156
0 0.0469 0.7302 0.0078 0.0143
0 0.1289 0.7367 0.0059 0.0117
0 0.1621 0.7861 0.0098 0.0143
0 0.1733 0.7204 0.0088 0.0156
0 0.1128 0.7308 0.0068 0.013
0 0.064 0.7003 0.0068 0.0117
0 0.0264 0.8453 0.0098 0.0182
0 0.0039 0.6287 0.0078 0.0117
0 0.0024 0.6528 0.0068 0.013
0 0.2075 0.7386 0.0068 0.0078
0 0.0615 0.6782 0.0078 0.0117
0 0.0981 0.619 0.0068 0.0104
0 0.8857 0.8349 0.0098 0.0156
0 0.8223 0.8173 0.0078 0.0169
0 0.792 0.827 0.0098 0.013
0 0.8604 0.8075 0.0059 0.013
0 0.9385 0.8036 0.0098 0.013
0 0.9038 0.7965 0.0068 0.0117
0 0.8804 0.7646 0.0068 0.013
0 0.7583 0.8017 0.0068 0.0143
0 0.7739 0.8466 0.0088 0.0156
0 0.9692 0.6899 0.0068 0.0143
0 0.7349 0.762 0.0049 0.013
0 0.7544 0.7588 0.0068 0.0117
0 0.7407 0.7939 0.0107 0.0169
0 0.8682 0.7692 0.0078 0.0143
0 0.6899 0.8498 0.0088 0.0169
0 0.7021 0.8309 0.0059 0.0104
0 0.7446 0.8303 0.0068 0.0143
0 0.667 0.7815 0.0059 0.0104
0 0.6841 0.7503 0.0068 0.013
0 0.7173 0.7334 0.0068 0.0104
0 0.7891 0.6827 0.0078 0.013
0 0.749 0.6847 0.0059 0.0143
0 0.6167 0.7334 0.0068 0.0104
0 0.6401 0.7451 0.0088 0.0104
0 0.6592 0.7055 0.0059 0.0117
0 0.6411 0.697 0.0049 0.0104
0 0.6543 0.6905 0.0059 0.013
0 0.498 0.8127 0.0078 0.013
0 0.9795 0.9577 0.0117 0.0221
0 0.8936 0.907 0.0098 0.0169
0 0.8613 0.8947 0.0117 0.0182
0 0.916 0.8687 0.0098 0.0156
0 0.7812 0.933 0.0098 0.0143
0 0.8247 0.907 0.0107 0.0169
0 0.7744 0.9252 0.0098 0.0195
0 0.8218 0.8674 0.0088 0.0156
0 0.8442 0.9467 0.0068 0.0156
0 0.8638 0.9597 0.0088 0.0182
0 0.9727 0.92 0.0078 0.0143
0 0.7075 0.8765 0.0088 0.0182
0 0.7139 0.7874 0.0078 0.0117
0 0.6387 0.7991 0.0078 0.0169
0 0.6294 0.7796 0.0088 0.0143
0 0.6948 0.7841 0.0088 0.0156
0 0.6865 0.7003 0.0059 0.0117
0 0.6787 0.6918 0.0059 0.0104
0 0.8022 0.7094 0.0068 0.0143
0 0.5312 0.7198 0.0098 0.0117
0 0.563 0.6801 0.0107 0.013
0 0.5996 0.7815 0.0078 0.013
0 0.6079 0.7646 0.0049 0.0104
0 0.5864 0.7477 0.0068 0.013
0 0.2539 0.9467 0.0137 0.0208
0 0.1704 0.8706 0.0088 0.0143
0 0.3667 0.673 0.0068 0.0143
0 0.145 0.6964 0.0068 0.0117
0 0.4194 0.8179 0.0068 0.0156
0 0.5107 0.6027 0.0059 0.0091
0 0.1406 0.9805 0.0098 0.0182
0 0.02 0.9668 0.0146 0.0195
0 0.0688 0.7367 0.0088 0.0143
0 0.2993 0.8518 0.0088 0.013
0 0.4746 0.9012 0.0098 0.0208
0 0.4453 0.8908 0.0078 0.0156
