0 0.0078 0.1713 0.0176 0.0351
0 0.1855 0.1245 0.0273 0.0527
0 0.2197 0.0835 0.0234 0.0469
0 0.1001 0.2138 0.0264 0.0469
0 0.2031 0.243 0.0254 0.041
0 0.2959 0.101 0.0273 0.0469
0 0.2905 0.224 0.0283 0.0439
0 0.0581 0.3119 0.0283 0.0498
0 0.1523 0.336 0.0293 0.0483
0 0.2549 0.3243 0.0234 0.0425
0 0.209 0.418 0.0254 0.0483
0 0.0068 0.6091 0.0156 0.0439
0 0.0757 0.5578 0.0283 0.0498
0 0.0088 0.4575 0.0195 0.0483
0 0.1787 0.4839 0.0312 0.06
0 0.2065 0.5944 0.0283 0.0556
0 0.105 0.59 0.0283 0.0498
0 0.0186 0.735 0.0273 0.0556
0 0.0879 0.8016 0.0254 0.0512
0 0.1372 0.7255 0.0264 0.0542
0 0.2632 0.6889 0.0283 0.0542
0 0.1846 0.8441 0.0312 0.06
0 0.0312 0.9378 0.0371 0.0571
0 0.2358 0.9458 0.0303 0.0556
0 0.3296 0.8309 0.0303 0.0688
0 0.3877 0.7233 0.0293 0.0586
0 0.3599 0.1332 0.0244 0.0439
0 0.4941 0.216 0.0273 0.0512
0 0.3867 0.1977 0.0273 0.0498
0 0.3638 0.2584 0.0283 0.06
0 0.5244 0.0703 0.0234 0.0439
0 0.4521 0.0666 0.0254 0.0483
0 0.4717 0.2994 0.0234 0.0454
0 0.5684 0.3155 0.0254 0.0571
0 0.5181 0.396 0.0283 0.0512
0 0.4272 0.3858 0.0264 0.0483
0 0.2959 0.5205 0.0273 0.0483
0 0.3384 0.4012 0.0283 0.0498
0 0.4004 0.4868 0.0254 0.0454
0 0.4116 0.6025 0.0283 0.0542
0 0.3262 0.6047 0.0254 0.0527
0 0.5259 0.5886 0.0264 0.0527
0 0.6318 0.6113 0.0293 0.0542
0 0.416 0.9334 0.0293 0.0483
0 0.4497 0.8316 0.0303 0.0586
0 0.5347 0.7672 0.0283 0.0498
0 0.5684 0.8045 0.0332 0.063
0 0.6372 0.7423 0.0322 0.0586
0 0.5684 0.9473 0.0312 0.0469
0 0.7007 0.8397 0.0303 0.0542
0 0.7422 0.9283 0.0332 0.0556
0 0.8545 0.8975 0.0293 0.0469
0 0.7476 0.7394 0.0342 0.0527
0 0.8354 0.7621 0.0283 0.0512
0 0.7725 0.5798 0.0293 0.0498
0 0.668 0.4817 0.0312 0.0498
0 0.6167 0.4187 0.0342 0.0527
0 0.7085 0.3814 0.0303 0.0571
0 0.6689 0.3089 0.0293 0.0586
0 0.8022 0.3902 0.0303 0.0454
0 0.792 0.5198 0.0293 0.0556
0 0.8911 0.5974 0.0303 0.0498
0 0.9053 0.4912 0.0312 0.06
0 0.8965 0.2731 0.0332 0.0571
0 0.7666 0.2606 0.0332 0.0644
0 0.9097 0.4136 0.0342 0.0454
0 0.6221 0.1852 0.0273 0.0483
0 0.7236 0.1098 0.0273 0.0439
0 0.7354 0.1984 0.0254 0.0454
0 0.8623 0.1171 0.0254 0.0439
0 0.8906 0.2182 0.0273 0.0469
0 0.1021 0.3924 0.0264 0.0469
0 0.1255 0.0695 0.0264 0.0454
