0 0.0264 0.0487 0.0078 0.0131
0 0.0483 0.0451 0.0068 0.0116
0 0.0669 0.0509 0.0068 0.0116
0 0.0645 0.0349 0.0039 0.0058
0 0.02 0.1068 0.0068 0.0102
0 0.0093 0.1919 0.0068 0.0145
0 0.0322 0.1846 0.0078 0.0145
0 0.0586 0.2071 0.0078 0.0189
0 0.0786 0.1933 0.0068 0.0145
0 0.0938 0.1926 0.0078 0.016
0 0.0981 0.1766 0.0088 0.0131
0 0.085 0.0996 0.0078 0.0131
0 0.0913 0.0981 0.0068 0.0131
0 0.0098 0.2442 0.0078 0.0145
0 0.0303 0.242 0.0078 0.016
0 0.0249 0.2667 0.0088 0.016
0 0.0488 0.2674 0.0059 0.0116
0 0.064 0.2696 0.0068 0.016
0 0.0776 0.2798 0.0068 0.0131
0 0.0796 0.2987 0.0088 0.0131
0 0.0283 0.2892 0.0078 0.0116
0 0.0278 0.3103 0.0088 0.016
0 0.0049 0.314 0.0059 0.0087
0 0.0415 0.3423 0.0068 0.0131
0 0.0215 0.3801 0.0098 0.0189
0 0.0327 0.3917 0.0068 0.0131
0 0.0654 0.3757 0.0059 0.0102
0 0.0371 0.4731 0.0078 0.0131
0 0.0332 0.4164 0.0078 0.0102
0 0.105 0.391 0.0068 0.0116
0 0.0913 0.3852 0.0088 0.0116
0 0.1196 0.3779 0.0068 0.0145
0 0.1084 0.3576 0.0059 0.0145
0 0.0898 0.3539 0.0078 0.0131
0 0.1108 0.3031 0.0088 0.016
0 0.127 0.2863 0.0078 0.0174
0 0.1157 0.2653 0.0088 0.0189
0 0.1504 0.2842 0.0078 0.016
0 0.147 0.2573 0.0049 0.0087
0 0.1909 0.2783 0.0088 0.0131
0 0.1919 0.2558 0.0068 0.0145
0 0.1641 0.2093 0.0078 0.0116
0 0.186 0.1962 0.0107 0.0145
0 0.2046 0.2042 0.0068 0.016
0 0.2231 0.2093 0.0068 0.0116
0 0.2144 0.194 0.0068 0.0102
0 0.1436 0.1911 0.0078 0.0102
0 0.123 0.1962 0.0078 0.0116
0 0.123 0.1679 0.0078 0.0131
0 0.1562 0.1621 0.0078 0.0131
0 0.1401 0.1308 0.0068 0.0087
0 0.125 0.141 0.0059 0.0145
0 0.1758 0.1286 0.0078 0.0131
0 0.1812 0.1148 0.0068 0.0087
0 0.1562 0.1352 0.0059 0.0087
0 0.1475 0.0763 0.0059 0.0102
0 0.1562 0.077 0.0059 0.0145
0 0.209 0.0647 0.0078 0.016
0 0.2231 0.1265 0.0068 0.0116
0 0.2402 0.1039 0.0078 0.016
0 0.2383 0.077 0.0078 0.0145
0 0.2539 0.0712 0.0078 0.0145
0 0.2368 0.0523 0.0068 0.0116
0 0.2588 0.1163 0.0059 0.0058
0 0.2549 0.1359 0.0078 0.016
0 0.2378 0.1381 0.0049 0.0058
0 0.2749 0.1301 0.0068 0.0073
0 0.27 0.0996 0.0068 0.0102
0 0.291 0.0618 0.0059 0.0131
0 0.3213 0.1054 0.0078 0.0102
0 0.3281 0.0596 0.0059 0.0087
0 0.3472 0.056 0.0068 0.0131
0 0.3423 0.0828 0.0068 0.0116
0 0.2935 0.1388 0.0088 0.0131
0 0.3198 0.1446 0.0068 0.0102
0 0.3179 0.1802 0.0068 0.0116
0 0.3218 0.1737 0.0068 0.0102
0 0.2993 0.2122 0.0088 0.0116
0 0.3223 0.2028 0.0078 0.0131
0 0.314 0.2551 0.0049 0.0102
0 0.3149 0.2311 0.0068 0.0116
0 0.2559 0.2493 0.0078 0.0131
0 0.2266 0.2856 0.0078 0.016
0 0.2407 0.2129 0.0068 0.0102
0 0.2222 0.3147 0.0068 0.0102
0 0.2119 0.3249 0.0078 0.0131
0 0.2197 0.3583 0.0078 0.0102
0 0.2222 0.3772 0.0068 0.0131
0 0.2158 0.4062 0.0078 0.0102
0 0.2246 0.4419 0.0059 0.0116
0 0.2368 0.4266 0.0088 0.0131
0 0.2412 0.4557 0.0059 0.016
0 0.2295 0.4709 0.0078 0.0145
0 0.1675 0.4724 0.0088 0.0087
0 0.1343 0.4731 0.0088 0.016
0 0.1167 0.4666 0.0088 0.0116
0 0.1768 0.431 0.0078 0.0131
0 0.208 0.431 0.0078 0.0131
0 0.2007 0.4251 0.0088 0.0131
0 0.1865 0.3917 0.0078 0.016
0 0.1733 0.343 0.0068 0.0174
0 0.1748 0.306 0.0078 0.0131
0 0.1602 0.319 0.0078 0.016
0 0.1528 0.3459 0.0068 0.0174
0 0.2524 0.274 0.0068 0.016
0 0.2803 0.3561 0.0098 0.0174
0 0.2578 0.3888 0.0059 0.0189
0 0.3042 0.3285 0.0107 0.0203
0 0.312 0.3067 0.0088 0.0145
0 0.3408 0.3249 0.0078 0.0131
0 0.3462 0.3517 0.0088 0.0145
0 0.354 0.3547 0.0088 0.0174
0 0.3359 0.3794 0.0098 0.0203
0 0.3809 0.3837 0.0098 0.0174
0 0.4048 0.3815 0.0088 0.0189
0 0.4258 0.3016 0.0078 0.0131
0 0.458 0.3147 0.0078 0.016
0 0.4736 0.3147 0.0078 0.0189
0 0.4082 0.3249 0.0098 0.016
0 0.4033 0.2834 0.0078 0.0174
0 0.3716 0.2936 0.0088 0.0145
0 0.3721 0.2762 0.0078 0.0116
0 0.3545 0.2631 0.0078 0.0087
0 0.3589 0.2158 0.0068 0.0131
0 0.3555 0.2304 0.0059 0.0102
0 0.3633 0.2115 0.0059 0.0131
0 0.3804 0.2064 0.0068 0.0145
0 0.3994 0.2006 0.0078 0.0145
0 0.4009 0.1853 0.0088 0.016
0 0.377 0.1875 0.0078 0.0116
0 0.3833 0.173 0.0068 0.0145
0 0.3608 0.1875 0.0068 0.0116
0 0.3481 0.1722 0.0088 0.0131
0 0.3628 0.1097 0.0088 0.0131
0 0.3989 0.1272 0.0068 0.0102
0 0.4028 0.0974 0.0068 0.0116
0 0.4102 0.0581 0.0059 0.0116
0 0.3862 0.0865 0.0068 0.0102
0 0.3804 0.069 0.0068 0.0131
0 0.4414 0.0836 0.0078 0.0102
0 0.4268 0.1243 0.0078 0.0131
0 0.4536 0.0959 0.0068 0.0087
0 0.4487 0.0661 0.0068 0.0131
0 0.4771 0.0669 0.0068 0.0116
0 0.4341 0.1381 0.0068 0.0116
0 0.4414 0.1395 0.0059 0.0087
0 0.4438 0.157 0.0068 0.0087
0 0.4224 0.173 0.0088 0.0145
0 0.459 0.1875 0.0098 0.0116
0 0.4751 0.1584 0.0068 0.0116
0 0.4678 0.2064 0.0078 0.0116
0 0.4141 0.2246 0.0078 0.0131
0 0.1279 0.4055 0.0078 0.0116
0 0.5044 0.0799 0.0088 0.0116
0 0.5347 0.0603 0.0068 0.0102
0 0.5083 0.0996 0.0049 0.0102
0 0.5312 0.1148 0.0059 0.0116
0 0.5225 0.1017 0.0059 0.0116
0 0.5239 0.1279 0.0049 0.0116
0 0.5073 0.1323 0.0068 0.0116
0 0.5283 0.1795 0.0078 0.016
0 0.5 0.1962 0.0078 0.0116
0 0.5283 0.2013 0.0078 0.016
0 0.5459 0.1991 0.0098 0.0116
0 0.5513 0.1737 0.0068 0.0102
0 0.5562 0.1592 0.0068 0.0073
0 0.5547 0.1446 0.0039 0.0102
0 0.5601 0.125 0.0068 0.0116
0 0.5503 0.117 0.0068 0.0131
0 0.5571 0.1039 0.0068 0.0102
0 0.5649 0.093 0.0068 0.0116
0 0.5791 0.1083 0.0078 0.0102
0 0.5815 0.1439 0.0068 0.0087
0 0.6079 0.1294 0.0068 0.0116
0 0.6001 0.1003 0.0068 0.0116
0 0.6172 0.1235 0.0059 0.0116
0 0.5801 0.1773 0.0059 0.0058
0 0.6104 0.1882 0.0059 0.0073
0 0.6128 0.1766 0.0068 0.0073
0 0.6284 0.1744 0.0088 0.0116
0 0.6372 0.1497 0.0088 0.0145
0 0.6567 0.149 0.0068 0.0102
0 0.667 0.1243 0.0059 0.0102
0 0.6709 0.1003 0.0059 0.0116
0 0.6724 0.0785 0.0049 0.0087
0 0.6597 0.061 0.0088 0.0145
0 0.6382 0.1105 0.0068 0.0145
0 0.6401 0.1294 0.0068 0.0116
0 0.6362 0.1933 0.0068 0.0145
0 0.6489 0.2078 0.0068 0.0145
0 0.6763 0.2267 0.0068 0.0116
0 0.6353 0.25 0.0068 0.0116
0 0.5986 0.2217 0.0078 0.016
0 0.5801 0.2057 0.0059 0.0102
0 0.5771 0.2326 0.0078 0.0145
0 0.5586 0.2144 0.0078 0.0131
0 0.5439 0.2144 0.0059 0.0102
0 0.5278 0.2202 0.0049 0.0102
0 0.5425 0.2725 0.0068 0.0102
0 0.542 0.3045 0.0078 0.016
0 0.5645 0.2834 0.0059 0.0116
0 0.5615 0.2442 0.0039 0.0087
0 0.5679 0.2326 0.0029 0.0087
0 0.5493 0.3423 0.0068 0.0131
0 0.5498 0.3641 0.0059 0.016
0 0.5156 0.3227 0.0098 0.0174
0 0.5039 0.3844 0.0078 0.016
0 0.4922 0.4106 0.0078 0.016
0 0.5088 0.415 0.0117 0.016
0 0.647 0.3321 0.0088 0.0131
0 0.644 0.3605 0.0068 0.0116
0 0.6372 0.3619 0.0068 0.0116
0 0.6841 0.359 0.0068 0.0145
0 0.6997 0.3656 0.0068 0.0131
0 0.6943 0.3961 0.0078 0.0131
0 0.7168 0.3481 0.0078 0.0131
0 0.7129 0.3154 0.0078 0.0145
0 0.6953 0.3292 0.0059 0.0131
0 0.6724 0.2834 0.0068 0.0174
0 0.6982 0.2086 0.0078 0.0131
0 0.6836 0.2108 0.0059 0.0145
0 0.6958 0.1824 0.0068 0.016
0 0.6846 0.1868 0.0078 0.0102
0 0.6943 0.1555 0.0078 0.0145
0 0.7007 0.1417 0.0068 0.0131
0 0.728 0.1708 0.0068 0.016
0 0.7227 0.1962 0.0059 0.0116
0 0.7202 0.2231 0.0088 0.0131
0 0.7344 0.2406 0.0059 0.0131
0 0.7432 0.2558 0.0059 0.0116
0 0.7427 0.2042 0.0068 0.0131
0 0.7563 0.1701 0.0068 0.0174
0 0.7334 0.3031 0.0078 0.0131
0 0.75 0.3219 0.0078 0.016
0 0.7778 0.4135 0.0088 0.0218
0 0.7881 0.3605 0.0078 0.0145
0 0.7812 0.3786 0.0078 0.0189
0 0.8057 0.3379 0.0078 0.0189
0 0.8271 0.3728 0.0059 0.0102
0 0.8911 0.3619 0.0068 0.0116
0 0.8999 0.3699 0.0088 0.016
0 0.8896 0.3038 0.0059 0.0145
0 0.8965 0.274 0.0059 0.016
0 0.8301 0.298 0.0078 0.0116
0 0.8374 0.2674 0.0088 0.0203
0 0.8481 0.2885 0.0068 0.0189
0 0.814 0.2602 0.0068 0.0116
0 0.8096 0.2485 0.0078 0.0116
0 0.792 0.266 0.0059 0.0145
0 0.791 0.2391 0.0078 0.0131
0 0.7979 0.2224 0.0078 0.0116
0 0.811 0.1904 0.0068 0.0145
0 0.8369 0.1919 0.0078 0.0116
0 0.856 0.1904 0.0088 0.0174
0 0.8457 0.1381 0.0078 0.0116
0 0.8452 0.1192 0.0049 0.0087
0 0.8667 0.1468 0.0049 0.0116
0 0.877 0.1512 0.0078 0.0116
0 0.8765 0.1897 0.0068 0.0102
0 0.8896 0.2289 0.0078 0.0131
0 0.9097 0.1599 0.0049 0.0145
0 0.8872 0.0661 0.0068 0.0102
0 0.8906 0.1882 0.0078 0.0131
0 0.8188 0.1672 0.0088 0.0145
0 0.7881 0.1686 0.0059 0.0087
0 0.7856 0.2086 0.0068 0.0102
0 0.7524 0.1475 0.0068 0.0102
0 0.7676 0.1301 0.0059 0.0102
0 0.7524 0.1221 0.0068 0.0116
0 0.7461 0.109 0.0078 0.0145
0 0.7578 0.0865 0.0078 0.016
0 0.729 0.0828 0.0088 0.0145
0 0.7783 0.0916 0.0078 0.0116
0 0.7964 0.0821 0.0068 0.0102
0 0.7778 0.1134 0.0068 0.0116
0 0.5098 0.1475 0.0059 0.0131
0 0.8364 0.218 0.0068 0.0145
0 0.7729 0.2682 0.0088 0.0131
0 0.8564 0.4448 0.0078 0.0145
0 0.6543 0.4164 0.0078 0.0189
0 0.6162 0.2078 0.0078 0.0116
0 0.9292 0.0938 0.0068 0.0131
0 0.9448 0.1257 0.0088 0.016
0 0.9756 0.125 0.0059 0.0087
0 0.9771 0.1475 0.0049 0.0073
0 0.9834 0.1831 0.0059 0.0116
0 0.9902 0.1933 0.0078 0.0116
0 0.9722 0.218 0.0068 0.0087
0 0.9551 0.2151 0.0059 0.0087
0 0.9585 0.2311 0.0049 0.0116
0 0.9746 0.2565 0.0078 0.0131
0 0.9604 0.2674 0.0049 0.0087
0 0.9521 0.2682 0.0078 0.0131
0 0.9775 0.3278 0.0078 0.0131
0 0.9893 0.3568 0.0059 0.0131
0 0.9717 0.3663 0.0059 0.0087
0 0.9722 0.3903 0.0088 0.0131
0 0.9399 0.3256 0.0068 0.0116
0 0.9404 0.311 0.0078 0.0116
0 0.9263 0.2747 0.0049 0.0087
0 0.9355 0.2703 0.0059 0.0116
0 0.9126 0.2667 0.0088 0.016
0 0.9219 0.2406 0.0078 0.016
0 0.9424 0.2471 0.0078 0.0087
0 0.9209 0.2006 0.0078 0.0116
0 0.9224 0.1722 0.0088 0.016
0 0.9326 0.3874 0.0059 0.0131
0 0.9492 0.3895 0.0059 0.0116
0 0.9126 0.4077 0.0088 0.016
0 0.9219 0.4121 0.0078 0.016
0 0.9321 0.4404 0.0049 0.0087
0 0.9517 0.4738 0.0088 0.0116
0 0.9805 0.5102 0.0039 0.0116
0 0.9907 0.5007 0.0049 0.0131
0 0.9624 0.5392 0.0068 0.0116
0 0.9629 0.5211 0.0078 0.0102
0 0.9487 0.5589 0.0088 0.016
0 0.9565 0.5814 0.0088 0.0174
0 0.9814 0.601 0.0059 0.0131
0 0.9214 0.5625 0.0088 0.0174
0 0.9224 0.532 0.0088 0.0145
0 0.9082 0.5552 0.0078 0.0174
0 0.896 0.5262 0.0088 0.0174
0 0.9014 0.5015 0.0059 0.0087
0 0.8872 0.516 0.0088 0.0174
0 0.9106 0.5211 0.0088 0.0131
0 0.9214 0.4964 0.0068 0.016
0 0.9292 0.5073 0.0068 0.0174
0 0.9229 0.4491 0.0059 0.0145
0 0.8794 0.2733 0.0049 0.0174
0 0.8916 0.2464 0.0059 0.0102
0 0.9741 0.5712 0.0068 0.0145
0 0.9243 0.6047 0.0068 0.0174
0 0.9785 0.1592 0.0059 0.0131
0 0.8359 0.1126 0.0059 0.0131
0 0.9316 0.218 0.0059 0.0116
0 0.8867 0.5487 0.0098 0.0189
0 0.4839 0.3939 0.0068 0.0145
0 0.5659 0.4557 0.0088 0.0131
0 0.687 0.4717 0.0127 0.0189
0 0.7339 0.4862 0.0107 0.0189
0 0.3359 0.6817 0.0078 0.0203
0 0.4834 0.6969 0.0098 0.0189
0 0.6128 0.6977 0.0088 0.0203
0 0.7051 0.7064 0.0078 0.0145
0 0.0303 0.5138 0.0059 0.016
0 0.0532 0.516 0.0068 0.0116
0 0.1118 0.5233 0.0068 0.0145
0 0.1426 0.5044 0.0059 0.0116
0 0.2012 0.4891 0.0098 0.0131
0 0.2378 0.5153 0.0068 0.0131
0 0.2402 0.5015 0.0078 0.0116
0 0.2324 0.4971 0.0078 0.0145
0 0.062 0.4695 0.0088 0.0116
0 0.0742 0.6214 0.0078 0.0131
0 0.0337 0.7064 0.0107 0.0174
0 0.2305 0.6722 0.0059 0.0131
0 0.9399 0.6781 0.0088 0.016
0 0.9697 0.7122 0.0078 0.0116
0 0.978 0.9651 0.0068 0.0174
0 0.5298 0.8081 0.0068 0.0174
0 0.189 0.7594 0.0068 0.016
0 0.7476 0.4041 0.0088 0.0174
0 0.8125 0.3597 0.0078 0.0131
0 0.8115 0.3743 0.0078 0.0189
0 0.8052 0.4164 0.0088 0.016
0 0.7891 0.3358 0.0059 0.0145
0 0.2197 0.7289 0.0098 0.0189
0 0.0107 0.7718 0.0117 0.0262
0 0.0039 0.7972 0.0078 0.016
0 0.0571 0.7536 0.0107 0.0218
0 0.0405 0.7922 0.0088 0.0203
0 0.1274 0.5392 0.0088 0.0145
0 0.0747 0.5073 0.0088 0.0116
0 0.0645 0.407 0.0078 0.0116
0 0.0728 0.4281 0.0088 0.016
0 0.0444 0.4193 0.0068 0.0102
0 0.0571 0.4404 0.0068 0.0145
0 0.0337 0.4426 0.0088 0.0131
0 0.0112 0.4433 0.0088 0.0145
0 0.0864 0.1294 0.0068 0.0145
0 0.1279 0.1875 0.0059 0.0145
0 0.1396 0.1701 0.0059 0.0116
0 0.4824 0.1439 0.0059 0.0087
0 0.4888 0.1795 0.0068 0.0102
0 0.4399 0.1926 0.0068 0.016
0 0.4517 0.2326 0.0068 0.0116
0 0.4473 0.2493 0.0059 0.0102
0 0.4692 0.2282 0.0068 0.0116
0 0.4321 0.2689 0.0068 0.0087
0 0.5015 0.2144 0.0068 0.0131
0 0.4888 0.226 0.0068 0.0131
0 0.291 0.1235 0.0059 0.0116
0 0.6465 0.085 0.0078 0.0131
