0 0.0215 0.2522 0.0195 0.0184
0 0.1162 0.2421 0.0234 0.0172
0 0.0229 0.1919 0.0127 0.0083
0 0.0215 0.1714 0.0117 0.0089
0 0.0454 0.1664 0.0088 0.0071
0 0.0073 0.1907 0.0127 0.0083
0 0.0142 0.1518 0.0088 0.0077
0 0.0859 0.1459 0.0078 0.0053
0 0.1323 0.1465 0.0107 0.0065
0 0.1548 0.1405 0.0088 0.0065
0 0.1177 0.1566 0.0127 0.0101
0 0.1162 0.1726 0.0117 0.0089
0 0.1572 0.1803 0.0117 0.0113
0 0.1753 0.1791 0.0127 0.0077
0 0.1777 0.1934 0.0117 0.0089
0 0.1362 0.2094 0.0146 0.0113
0 0.1763 0.2065 0.0127 0.0113
0 0.2437 0.197 0.0127 0.0125
0 0.2393 0.1786 0.0156 0.0101
0 0.2598 0.1581 0.0137 0.0083
0 0.2759 0.1307 0.0107 0.0071
0 0.2637 0.1307 0.0078 0.0071
0 0.2891 0.128 0.0078 0.0065
0 0.2886 0.1494 0.0068 0.0065
0 0.3032 0.1411 0.0088 0.0077
0 0.3184 0.1295 0.0078 0.0059
0 0.3779 0.1209 0.0098 0.0065
0 0.4019 0.1194 0.0088 0.0071
0 0.4209 0.1165 0.0098 0.0071
0 0.1143 0.4236 0.043 0.0333
0 0.1182 0.5051 0.0566 0.0428
0 0.3413 0.5339 0.0693 0.0505
0 0.332 0.4103 0.0449 0.0339
0 0.4341 0.4685 0.0498 0.041
0 0.4546 0.4269 0.0439 0.0362
0 0.5454 0.5386 0.0635 0.0469
0 0.708 0.4542 0.0566 0.0434
0 0.4639 0.2629 0.0254 0.022
0 0.5459 0.2528 0.0254 0.022
0 0.6426 0.2436 0.0234 0.0166
0 0.7114 0.2516 0.0303 0.022
0 0.6797 0.213 0.0234 0.0172
0 0.7388 0.2225 0.0264 0.0184
0 0.8765 0.2294 0.0303 0.025
0 0.5645 0.2074 0.0215 0.0154
0 0.6206 0.1946 0.0205 0.016
0 0.6421 0.1964 0.0166 0.0125
0 0.6675 0.1934 0.0244 0.016
0 0.7588 0.1993 0.0215 0.0149
0 0.6914 0.1889 0.0195 0.0154
0 0.6855 0.1774 0.0195 0.0149
0 0.6611 0.169 0.0176 0.0137
0 0.6348 0.1521 0.0156 0.0131
0 0.688 0.1497 0.0166 0.0131
0 0.8359 0.183 0.0195 0.0166
0 0.8115 0.1765 0.0195 0.0154
0 0.7681 0.1628 0.0205 0.0154
0 0.8672 0.1566 0.0176 0.0137
0 0.7261 0.156 0.0166 0.0137
0 0.7334 0.139 0.0137 0.0107
0 0.7837 0.15 0.0166 0.0137
0 0.7988 0.1429 0.0156 0.0113
0 0.8291 0.1242 0.0156 0.0131
0 0.8452 0.1396 0.0166 0.0143
0 0.8838 0.1361 0.0156 0.0119
0 0.8809 0.1239 0.0195 0.0125
0 0.8477 0.1004 0.0137 0.0119
0 0.8794 0.1007 0.0146 0.0113
0 0.7822 0.1004 0.0156 0.0119
0 0.8066 0.0954 0.0137 0.0101
0 0.4844 0.1263 0.0059 0.0053
0 0.5098 0.1165 0.0059 0.0059
0 0.5312 0.1087 0.0078 0.0059
0 0.5527 0.1135 0.0098 0.0071
0 0.5757 0.104 0.0088 0.0048
0 0.6128 0.1001 0.0088 0.0065
0 0.6338 0.1067 0.0098 0.0077
0 0.6494 0.0915 0.0059 0.0048
0 0.6724 0.0882 0.0107 0.0089
0 0.707 0.0939 0.0078 0.0059
0 0.7354 0.074 0.0078 0.0077
0 0.7563 0.0844 0.0068 0.0059
0 0.7871 0.0734 0.0098 0.0077
0 0.8125 0.074 0.0078 0.0065
0 0.833 0.0775 0.0098 0.0077
0 0.8667 0.0927 0.0146 0.0131
0 0.8755 0.0829 0.0107 0.0089
0 0.8867 0.074 0.0117 0.0089
0 0.8999 0.0743 0.0088 0.0083
0 0.9189 0.0784 0.0117 0.0095
0 0.9438 0.0591 0.0107 0.0077
0 0.9619 0.0639 0.0117 0.0077
