0 0.1602 0.7332 0.0254 0.0391
0 0.2266 0.7346 0.0234 0.0391
0 0.2915 0.7304 0.0244 0.0391
0 0.3657 0.7395 0.0225 0.0489
0 0.4248 0.7304 0.0215 0.0419
0 0.4951 0.7318 0.0215 0.0419
0 0.0962 0.5936 0.0186 0.0279
0 0.1938 0.5957 0.0186 0.0293
0 0.2871 0.5992 0.0156 0.0251
0 0.3916 0.5866 0.0156 0.0279
0 0.8101 0.72 0.0264 0.0461
0 0.9238 0.7214 0.0273 0.0405
0 0.9199 0.5775 0.0176 0.0265
0 0.8223 0.5635 0.0195 0.0349
0 0.6699 0.5873 0.0176 0.0265
0 0.5938 0.5908 0.0137 0.0279
0 0.6719 0.5314 0.0156 0.0265
0 0.5757 0.5035 0.0107 0.0209
0 0.5718 0.4791 0.0107 0.0168
0 0.5732 0.4358 0.0117 0.0196
0 0.5635 0.4036 0.0078 0.014
0 0.5547 0.3736 0.0078 0.0126
0 0.5571 0.3506 0.0068 0.0112
0 0.6514 0.4972 0.0137 0.0251
0 0.6533 0.463 0.0117 0.0237
0 0.6333 0.4434 0.0107 0.0182
0 0.6196 0.4015 0.0088 0.0182
0 0.7876 0.5307 0.0146 0.0251
0 0.7476 0.4979 0.0127 0.0182
0 0.7261 0.4693 0.0127 0.0196
0 0.7163 0.4365 0.0107 0.0182
0 0.6787 0.3994 0.0117 0.0196
0 0.6597 0.3764 0.0068 0.0126
0 0.8433 0.5014 0.0146 0.0223
0 0.9307 0.4944 0.0137 0.0223
0 0.9028 0.4679 0.0127 0.0196
0 0.8755 0.4302 0.0127 0.0223
0 0.8511 0.4134 0.0127 0.0196
0 0.8208 0.4015 0.0107 0.0182
0 0.7817 0.3666 0.0088 0.0154
0 0.7993 0.4413 0.0107 0.0196
0 0.8164 0.4539 0.0117 0.0196
0 0.752 0.4001 0.0098 0.0182
0 0.7212 0.3638 0.0088 0.0154
0 0.751 0.3443 0.0078 0.0126
0 0.6084 0.3666 0.0078 0.0126
0 0.5962 0.3547 0.0049 0.0112
0 0.644 0.3527 0.0068 0.0098
0 0.6982 0.3457 0.0059 0.0126
0 0.707 0.317 0.0059 0.0112
0 0.6934 0.3038 0.0059 0.007
0 0.6572 0.3024 0.0059 0.0098
0 0.6304 0.317 0.0049 0.0084
0 0.5508 0.3177 0.0059 0.0098
0 0.5181 0.3219 0.0068 0.0098
0 0.6304 0.3024 0.0049 0.0098
0 0.6396 0.294 0.0059 0.0098
0 0.585 0.3198 0.0059 0.0112
0 0.3525 0.3771 0.0078 0.014
0 0.4038 0.3757 0.0088 0.014
0 0.4609 0.375 0.0078 0.0154
0 0.4746 0.3268 0.0059 0.014
0 0.4155 0.3534 0.0068 0.014
0 0.377 0.3547 0.0078 0.014
0 0.2617 0.3513 0.0098 0.0154
0 0.415 0.25 0.0059 0.0084
0 0.0537 0.3813 0.0078 0.0112
0 0.0356 0.3603 0.0068 0.0112
0 0.0791 0.3471 0.0078 0.0098
0 0.0986 0.3575 0.0059 0.014
0 0.1221 0.3296 0.0059 0.0084
0 0.1353 0.3471 0.0049 0.0098
0 0.0239 0.3436 0.0068 0.0084
0 0.0464 0.3122 0.0049 0.007
0 0.0732 0.287 0.0039 0.007
0 0.1074 0.2758 0.0039 0.007
0 0.1362 0.2877 0.0049 0.0084
0 0.1016 0.2884 0.0039 0.007
0 0.0278 0.294 0.0049 0.0098
0 0.0059 0.3122 0.0039 0.007
0 0.0166 0.301 0.0039 0.007
0 0.9438 0.3568 0.0068 0.0098
0 0.9746 0.3534 0.0098 0.014
0 0.9805 0.3757 0.0078 0.014
0 0.9814 0.3177 0.0059 0.0126
0 0.9819 0.2716 0.0068 0.0098
0 0.9492 0.2905 0.0059 0.0112
0 0.9414 0.3275 0.0078 0.0126
0 0.9365 0.3408 0.0078 0.0112
0 0.916 0.3436 0.0098 0.0168
0 0.8906 0.3191 0.0078 0.0126
0 0.8833 0.3087 0.0068 0.0112
0 0.8647 0.308 0.0068 0.0126
0 0.8267 0.2779 0.0049 0.0084
0 0.8408 0.2989 0.0078 0.014
0 0.8828 0.2689 0.0059 0.0098
0 0.9028 0.3052 0.0049 0.0098
0 0.9668 0.3457 0.0078 0.0126
0 0.9287 0.301 0.0059 0.0098
0 0.9395 0.3101 0.0059 0.0112
0 0.917 0.3045 0.0059 0.0112
0 0.8887 0.2933 0.0059 0.0112
0 0.9048 0.2835 0.0088 0.014
0 0.4907 0.595 0.0166 0.0307
0 0.0532 0.551 0.0166 0.0265
0 0.1436 0.5503 0.0156 0.0251
0 0.2192 0.5405 0.0146 0.0251
0 0.3345 0.5049 0.0107 0.0182
0 0.3989 0.5454 0.0146 0.0237
0 0.498 0.5426 0.0156 0.0237
0 0.5015 0.5021 0.0146 0.0237
0 0.4141 0.5091 0.0117 0.0209
0 0.2441 0.507 0.0137 0.0223
0 0.1768 0.5112 0.0137 0.0251
0 0.0923 0.5119 0.0166 0.0237
0 0.1377 0.4714 0.0137 0.0237
0 0.2061 0.4832 0.0137 0.0196
0 0.1748 0.4539 0.0098 0.0168
0 0.2769 0.4811 0.0127 0.0209
0 0.3569 0.4804 0.0107 0.0196
0 0.4302 0.4784 0.0107 0.0209
0 0.5 0.4742 0.0117 0.0209
0 0.5039 0.4406 0.0117 0.0209
0 0.436 0.4413 0.0107 0.0196
0 0.3633 0.4455 0.0117 0.0196
0 0.2983 0.456 0.0107 0.0182
0 0.2319 0.4546 0.0107 0.0209
0 0.2173 0.4071 0.0107 0.0182
0 0.2773 0.4099 0.0078 0.0154
0 0.3398 0.4106 0.0078 0.0168
0 0.5078 0.4001 0.0078 0.0182
0 0.5596 0.743 0.0215 0.0335
0 0.6323 0.7263 0.0225 0.0363
0 0.7344 0.7353 0.0234 0.0433
0 0.3062 0.3806 0.0068 0.0154
0 0.3286 0.3589 0.0049 0.014
0 0.3208 0.3226 0.0049 0.0084
0 0.3594 0.3324 0.0059 0.0112
0 0.3994 0.3268 0.0078 0.014
0 0.353 0.3059 0.0049 0.0084
0 0.396 0.3038 0.0049 0.0098
0 0.3804 0.3045 0.0049 0.0084
0 0.436 0.301 0.0049 0.007
0 0.4746 0.2982 0.0078 0.0126
0 0.438 0.3275 0.0049 0.0098
0 0.5864 0.3052 0.0068 0.0098
0 0.5552 0.2898 0.0049 0.0098
0 0.5942 0.2933 0.0049 0.0084
0 0.6836 0.2849 0.0059 0.0112
0 0.7217 0.2528 0.0039 0.0084
0 0.7388 0.2535 0.0049 0.007
0 0.7852 0.2535 0.0059 0.0098
0 0.7661 0.2709 0.0049 0.0084
0 0.7949 0.2716 0.0059 0.0098
0 0.813 0.2814 0.0049 0.0098
0 0.5122 0.3568 0.0049 0.0126
0 0.5166 0.3729 0.0078 0.014
0 0.6577 0.2423 0.0049 0.0098
0 0.5571 0.2514 0.0068 0.0112
0 0.5864 0.2353 0.0068 0.0098
0 0.605 0.2423 0.0068 0.0098
0 0.627 0.2367 0.0059 0.0098
0 0.3809 0.2563 0.0059 0.0098
0 0.4531 0.2256 0.0059 0.0098
0 0.4243 0.2591 0.0068 0.0098
0 0.5093 0.25 0.0049 0.0112
0 0.5127 0.2919 0.0078 0.014
0 0.5474 0.3073 0.0068 0.0112
0 0.5176 0.3122 0.0078 0.0126
0 0.8618 0.2926 0.0088 0.0126
0 0.8491 0.2849 0.0088 0.014
0 0.4185 0.2947 0.0068 0.0112
0 0.7705 0.4183 0.0098 0.0182
