0 0.9639 0.5907 0.0039 0.0107
0 0.9624 0.6441 0.0049 0.0107
0 0.9736 0.593 0.0039 0.0091
0 0.8501 0.5915 0.0088 0.0183
0 0.8052 0.5541 0.0068 0.0107
0 0.771 0.5915 0.0088 0.0183
0 0.7568 0.5473 0.0078 0.0091
0 0.7217 0.5838 0.0098 0.0183
0 0.6982 0.5252 0.0078 0.0168
0 0.6445 0.5678 0.0078 0.0137
0 0.627 0.6181 0.0039 0.0107
0 0.5986 0.6296 0.0059 0.0122
0 0.5601 0.6334 0.0068 0.0137
0 0.1392 0.5709 0.0088 0.0168
0 0.2144 0.5358 0.0186 0.0412
0 0.2695 0.561 0.0137 0.0335
0 0.3389 0.5617 0.0117 0.0229
0 0.3555 0.5785 0.0137 0.029
0 0.4141 0.5556 0.0156 0.0351
0 0.4517 0.5945 0.0107 0.0213
0 0.5464 0.6189 0.0049 0.0091
