0 0.9731 0.5537 0.0107 0.0234
0 0.9888 0.5623 0.0088 0.0187
0 0.9443 0.5249 0.0098 0.0218
0 0.98 0.4821 0.0107 0.0234
0 0.9702 0.4813 0.0107 0.0218
0 0.9272 0.4774 0.0107 0.0234
0 0.9146 0.4907 0.0068 0.0156
0 0.8613 0.5296 0.0137 0.0249
0 0.8877 0.4813 0.0078 0.0187
0 0.8613 0.4626 0.0098 0.0218
0 0.873 0.6075 0.0137 0.0249
0 0.7974 0.609 0.0127 0.028
0 0.8018 0.7103 0.0156 0.0249
0 0.752 0.5981 0.0156 0.0312
0 0.7275 0.5678 0.0156 0.0265
0 0.7656 0.4984 0.0117 0.0218
0 0.7891 0.514 0.0117 0.0249
0 0.8286 0.528 0.0127 0.0249
0 0.8423 0.4704 0.0107 0.0218
0 0.8228 0.4681 0.0127 0.0234
0 0.7861 0.4657 0.0098 0.0187
0 0.7632 0.4486 0.0107 0.0218
0 0.7344 0.4805 0.0137 0.0234
0 0.7412 0.4603 0.0117 0.0234
0 0.7036 0.5101 0.0088 0.0202
0 0.6636 0.6083 0.0127 0.0296
0 0.6426 0.5903 0.0137 0.0249
0 0.5986 0.5646 0.0137 0.0265
0 0.6748 0.5171 0.0098 0.0249
0 0.6855 0.4774 0.0098 0.0234
0 0.7017 0.4696 0.0088 0.0234
0 0.6162 0.4696 0.0156 0.0234
0 0.6523 0.4704 0.0117 0.0218
0 0.5601 0.4657 0.0107 0.0187
0 0.5625 0.4486 0.0117 0.0218
0 0.6045 0.4883 0.0117 0.0234
0 0.6504 0.2757 0.0098 0.0187
0 0.7378 0.2913 0.0088 0.0187
0 0.6079 0.3209 0.0107 0.0218
0 0.6309 0.3201 0.0078 0.0171
0 0.5815 0.3544 0.0107 0.0171
0 0.5962 0.3442 0.0107 0.0218
0 0.5669 0.3388 0.0107 0.0202
0 0.5601 0.3723 0.0088 0.0156
0 0.543 0.3731 0.0078 0.0171
0 0.5459 0.331 0.0098 0.0202
0 0.5132 0.4104 0.0088 0.0202
0 0.5264 0.3988 0.0078 0.0187
0 0.5117 0.3489 0.0078 0.0187
0 0.4951 0.3349 0.0098 0.0187
0 0.4897 0.3855 0.0088 0.0171
0 0.5029 0.4307 0.0078 0.0171
0 0.4653 0.3598 0.0107 0.0187
0 0.4473 0.3575 0.0117 0.0202
0 0.4175 0.352 0.0107 0.0218
0 0.4346 0.2773 0.0117 0.0187
0 0.4912 0.2368 0.0098 0.0218
0 0.5312 0.2516 0.0098 0.0234
0 0.479 0.2157 0.0107 0.0202
0 0.5205 0.1799 0.0098 0.0202
0 0.5464 0.155 0.0107 0.0234
0 0.5723 0.1589 0.0098 0.0218
0 0.5967 0.197 0.0117 0.0234
0 0.4258 0.4097 0.0117 0.0218
0 0.4355 0.4315 0.0117 0.0249
0 0.4639 0.4369 0.0098 0.0202
0 0.4175 0.4556 0.0107 0.0234
0 0.3906 0.433 0.0098 0.0187
0 0.5366 0.486 0.0088 0.0218
0 0.4058 0.5055 0.0107 0.0234
0 0.4399 0.4782 0.0127 0.0249
0 0.3872 0.5475 0.0146 0.0265
0 0.5225 0.6083 0.0137 0.0296
0 0.4893 0.6269 0.0176 0.0358
0 0.4102 0.6511 0.0137 0.028
0 0.3882 0.7126 0.0166 0.0296
0 0.4082 0.6215 0.0137 0.028
0 0.4238 0.5911 0.0137 0.0296
0 0.3608 0.5701 0.0146 0.028
0 0.3291 0.6456 0.0137 0.0265
0 0.3154 0.6098 0.0156 0.0265
0 0.3403 0.5927 0.0146 0.0265
0 0.2998 0.5467 0.0137 0.0249
0 0.481 0.4712 0.0107 0.0234
0 0.4756 0.4556 0.0098 0.0234
0 0.3779 0.5023 0.0117 0.0265
0 0.3315 0.4735 0.0127 0.028
0 0.3379 0.4556 0.0098 0.0171
0 0.3403 0.4283 0.0107 0.0218
0 0.3174 0.4361 0.0098 0.0218
0 0.3691 0.4361 0.0098 0.0218
0 0.5454 0.5802 0.0146 0.0265
0 0.5342 0.5584 0.0137 0.0265
0 0.2095 0.6394 0.0146 0.0296
0 0.2373 0.5771 0.0156 0.0358
0 0.27 0.5685 0.0127 0.0312
0 0.2568 0.5358 0.0137 0.0312
0 0.2925 0.5031 0.0146 0.0312
0 0.1826 0.5857 0.0137 0.028
0 0.1309 0.595 0.0137 0.028
0 0.0854 0.6215 0.0166 0.0312
0 0.0244 0.6044 0.0156 0.0312
0 0.0571 0.5475 0.0146 0.0265
0 0.1011 0.5148 0.0127 0.0265
0 0.125 0.528 0.0137 0.0312
0 0.146 0.5265 0.0127 0.028
0 0.1675 0.5241 0.0127 0.0234
0 0.2119 0.5421 0.0137 0.028
0 0.2495 0.5008 0.0127 0.0265
0 0.2002 0.493 0.0137 0.0296
0 0.0034 0.5086 0.0088 0.0202
0 0.041 0.4712 0.0117 0.0234
0 0.0894 0.4603 0.0088 0.0202
0 0.1099 0.4346 0.0107 0.0187
0 0.084 0.4346 0.0098 0.0187
0 0.062 0.426 0.0107 0.0171
0 0.0537 0.4494 0.0098 0.0202
0 0.2388 0.4315 0.0107 0.0249
0 0.4385 0.5864 0.0137 0.0265
0 0.5908 0.5 0.0098 0.0249
0 0.2197 0.4089 0.0098 0.0171
0 0.2007 0.4104 0.0088 0.0202
0 0.1792 0.4042 0.0107 0.0202
0 0.1631 0.3902 0.0098 0.0171
0 0.145 0.3949 0.0088 0.0202
0 0.1064 0.3925 0.0098 0.0187
0 0.0815 0.3925 0.0107 0.0187
0 0.1123 0.3684 0.0078 0.0171
0 0.127 0.3403 0.0098 0.0202
0 0.1479 0.345 0.0107 0.0202
0 0.2002 0.3357 0.0117 0.0234
0 0.228 0.3403 0.0088 0.0171
0 0.2524 0.3162 0.0107 0.0187
0 0.2808 0.3388 0.0107 0.0202
0 0.2803 0.317 0.0098 0.0202
0 0.3213 0.3178 0.0098 0.0218
0 0.3452 0.3115 0.0088 0.0218
0 0.3647 0.2734 0.0088 0.0202
0 0.3208 0.2531 0.0107 0.0234
0 0.2842 0.2702 0.0098 0.0171
0 0.2554 0.2601 0.0107 0.0218
0 0.1929 0.2866 0.0088 0.0187
0 0.1782 0.2765 0.0107 0.0171
0 0.1455 0.2788 0.0098 0.0156
0 0.1816 0.359 0.0098 0.0202
0 0.2178 0.2835 0.0098 0.0218
0 0.3105 0.3606 0.0098 0.0202
0 0.248 0.3684 0.0078 0.0202
0 0.2671 0.3917 0.0107 0.0234
0 0.1382 0.4237 0.0107 0.0187
0 0.0654 0.2664 0.0098 0.0187
0 0.0459 0.3146 0.0098 0.0187
0 0.1055 0.2235 0.0098 0.0171
0 0.0396 0.2695 0.0107 0.0187
0 0.0186 0.2625 0.0117 0.0171
0 0.0029 0.3139 0.0078 0.0171
0 0.061 0.1394 0.0107 0.0202
0 0.5962 0.7033 0.0146 0.0265
0 0.5513 0.7204 0.0146 0.0296
0 0.0752 0.5779 0.0156 0.0343
0 0.0776 0.5101 0.0146 0.0296
0 0.6479 0.4439 0.0088 0.0218
0 0.479 0.3731 0.0068 0.0171
0 0.3857 0.4112 0.0098 0.0187
0 0.3472 0.4058 0.0088 0.0202
0 0.5298 0.4751 0.0088 0.0187
0 0.8174 0.0779 0.0117 0.0218
0 0.7134 0.4945 0.0166 0.0296
0 0.8013 0.5125 0.0088 0.0218
0 0.2188 0.3894 0.0098 0.0187
0 0.2798 0.3762 0.0088 0.0171
0 0.2754 0.3785 0.0078 0.0125
0 0.9932 0.5974 0.0078 0.0202
0 0.2017 0.2648 0.0107 0.0218
