0 0.9717 0.3262 0.0195 0.0508
0 0.939 0.2904 0.0205 0.0391
0 0.8838 0.2461 0.0273 0.0521
0 0.8296 0.2643 0.0244 0.0469
0 0.7812 0.2324 0.0293 0.0534
0 0.7451 0.2103 0.0273 0.0534
0 0.6899 0.1921 0.0264 0.043
0 0.644 0.168 0.0322 0.0547
0 0.5137 0.1315 0.0312 0.0599
0 0.3755 0.1517 0.0381 0.0586
0 0.2905 0.14 0.0381 0.043
0 0.1904 0.1589 0.0332 0.0547
0 0.1211 0.1823 0.0293 0.0469
0 0.8447 0.8151 0.0137 0.0312
0 0.0166 0.9186 0.0195 0.0378
0 0.0225 0.8353 0.0078 0.0247
0 0.0337 0.8483 0.0088 0.0247
0 0.1084 0.9115 0.0254 0.0521
0 0.1499 0.8548 0.0186 0.0273
0 0.2227 0.7982 0.0371 0.0547
0 0.3667 0.7539 0.0303 0.0495
0 0.7812 0.8132 0.0176 0.0352
