0 0.0952 0.3827 0.0361 0.0542
0 0.0581 0.5927 0.0107 0.0227
0 0.0498 0.5605 0.0117 0.024
0 0.0679 0.5605 0.0088 0.0164
0 0.0215 0.5668 0.0117 0.0214
0 0.1802 0.2995 0.04 0.0593
0 0.2769 0.3544 0.0342 0.0479
0 0.3564 0.3985 0.0293 0.0454
0 0.4185 0.413 0.0264 0.0391
0 0.4536 0.3228 0.0381 0.0504
0 0.5176 0.3701 0.0312 0.0441
0 0.5835 0.3941 0.0283 0.0391
0 0.6187 0.4035 0.0283 0.0353
0 0.686 0.2736 0.0381 0.053
0 0.7725 0.3632 0.0176 0.0328
0 0.7988 0.3796 0.0215 0.0277
0 0.8345 0.396 0.0205 0.0328
0 0.8545 0.413 0.0156 0.024
0 0.8896 0.4357 0.0156 0.024
0 0.9102 0.4546 0.0156 0.0214
0 0.96 0.4994 0.0137 0.0202
0 0.9849 0.4817 0.0146 0.0202
