0 0.124 0.8715 0.0195 0.0438
0 0.0425 0.8474 0.0166 0.0394
0 0.231 0.8365 0.0107 0.0234
0 0.167 0.8693 0.0137 0.0336
0 0.1895 0.9102 0.0156 0.0365
0 0.2324 0.8095 0.0117 0.0248
0 0.2412 0.7204 0.0098 0.0248
0 0.1816 0.7212 0.0098 0.0234
0 0.1577 0.7504 0.0127 0.0263
0 0.127 0.7307 0.0098 0.0248
0 0.1455 0.7847 0.0117 0.0248
0 0.1216 0.8015 0.0107 0.0234
0 0.1011 0.7781 0.0088 0.0234
0 0.0898 0.7292 0.0098 0.0248
0 0.0547 0.7095 0.0098 0.0263
0 0.3555 0.8679 0.0176 0.0423
0 0.2983 0.8679 0.0205 0.0511
0 0.2646 0.865 0.0195 0.0423
0 0.3633 0.8131 0.0117 0.0263
0 0.3364 0.8124 0.0107 0.0248
0 0.3076 0.8161 0.0117 0.0263
0 0.3916 0.8219 0.0098 0.0204
0 0.3818 0.754 0.0117 0.0248
0 0.2603 0.8161 0.0107 0.0234
0 0.3228 0.7891 0.0107 0.0219
0 0.3823 0.7861 0.0088 0.019
0 0.2856 0.8117 0.0127 0.0234
0 0.2969 0.7912 0.0098 0.0204
0 0.2793 0.8438 0.0117 0.0204
0 0.416 0.7453 0.0098 0.019
0 0.4316 0.7394 0.0117 0.0219
0 0.4741 0.7416 0.0107 0.0204
0 0.5029 0.7409 0.0137 0.0219
0 0.4951 0.7197 0.0137 0.0263
0 0.5122 0.7102 0.0107 0.0161
0 0.4946 0.7693 0.0107 0.0204
0 0.5664 0.7401 0.0117 0.0263
0 0.5708 0.7861 0.0107 0.0248
0 0.5649 0.792 0.0088 0.0248
0 0.5889 0.8358 0.0098 0.0219
0 0.4863 0.8153 0.0117 0.0248
0 0.5298 0.7832 0.0107 0.0248
0 0.4629 0.8453 0.0117 0.0292
0 0.5039 0.8883 0.0215 0.0482
0 0.4229 0.8737 0.0195 0.0453
0 0.4097 0.8737 0.0205 0.0423
0 0.5732 0.8766 0.0176 0.0336
0 0.5889 0.9161 0.0195 0.0394
0 0.4614 0.7672 0.0107 0.0248
0 0.5059 0.7898 0.0098 0.0204
0 0.5146 0.7745 0.0098 0.0248
0 0.5615 0.8387 0.0098 0.0219
0 0.4106 0.8124 0.0107 0.0219
0 0.4351 0.7956 0.0088 0.0175
0 0.5908 0.6482 0.0117 0.0204
0 0.6211 0.6445 0.0098 0.0248
0 0.6338 0.6569 0.0117 0.0204
0 0.6309 0.6781 0.0117 0.0219
0 0.6821 0.6504 0.0107 0.0219
0 0.7026 0.6934 0.0107 0.0234
0 0.5879 0.7095 0.0098 0.0234
0 0.6499 0.7569 0.0107 0.0248
0 0.7056 0.7555 0.0127 0.0277
0 0.6733 0.8051 0.0146 0.0307
0 0.6089 0.8255 0.0146 0.0277
0 0.5928 0.8044 0.0137 0.0292
0 0.6895 0.8022 0.0117 0.0277
0 0.6665 0.7839 0.0107 0.0234
0 0.6118 0.7175 0.0127 0.0248
0 0.6592 0.7234 0.0098 0.0219
0 0.605 0.7613 0.0127 0.0219
0 0.6782 0.7423 0.0107 0.0277
0 0.7139 0.8387 0.0215 0.0423
0 0.6343 0.8613 0.0244 0.0496
0 0.7524 0.7737 0.0146 0.0263
0 0.8115 0.7599 0.0137 0.0248
0 0.7852 0.792 0.0117 0.0219
0 0.7261 0.7613 0.0127 0.0248
0 0.7344 0.8029 0.0117 0.0263
0 0.8379 0.6555 0.0117 0.0263
0 0.8281 0.6423 0.0098 0.0204
0 0.8066 0.6504 0.0117 0.0248
0 0.8252 0.6022 0.0098 0.0219
0 0.7729 0.6248 0.0068 0.0204
0 0.7378 0.6248 0.0107 0.0263
0 0.7944 0.735 0.0127 0.0248
0 0.7661 0.7409 0.0127 0.0248
0 0.7632 0.7131 0.0107 0.0248
0 0.7578 0.6912 0.0117 0.0277
0 0.8232 0.6825 0.0098 0.0277
0 0.835 0.754 0.0098 0.0248
0 0.73 0.7321 0.0088 0.0248
0 0.7368 0.7394 0.0088 0.0219
0 0.7456 0.7584 0.0107 0.0248
0 0.8062 0.6117 0.0107 0.0234
0 0.8384 0.6066 0.0107 0.0219
0 0.7305 0.635 0.0098 0.0234
0 0.7832 0.7263 0.0078 0.0219
0 0.7021 0.6131 0.0117 0.0204
0 0.7471 0.6752 0.0098 0.0219
0 0.8101 0.7073 0.0107 0.0219
0 0.6777 0.6168 0.0078 0.0161
0 0.6777 0.6365 0.0098 0.0234
0 0.9399 0.7642 0.0146 0.0248
0 0.8647 0.7818 0.0127 0.0277
0 0.853 0.7942 0.0107 0.0234
0 0.9082 0.7803 0.0137 0.0277
0 0.9438 0.7292 0.0127 0.0248
0 0.9131 0.7036 0.0117 0.0263
0 0.9468 0.7051 0.0127 0.0175
0 0.875 0.7518 0.0156 0.0263
0 0.8774 0.6861 0.0127 0.0263
0 0.8901 0.6788 0.0107 0.0263
0 0.856 0.6847 0.0127 0.0234
0 0.8467 0.7153 0.0098 0.0234
0 0.8672 0.8672 0.0234 0.0467
0 0.9326 0.7474 0.0117 0.0234
0 0.9141 0.865 0.0176 0.0307
0 0.6206 0.8022 0.0127 0.0219
0 0.9712 0.6423 0.0127 0.0234
0 0.9619 0.6146 0.0137 0.0263
0 0.9917 0.6175 0.0107 0.0234
0 0.9199 0.635 0.0117 0.0234
0 0.9312 0.6131 0.0127 0.0263
0 0.9761 0.5708 0.0107 0.0263
0 0.8828 0.6482 0.0117 0.0204
0 0.9062 0.6219 0.0117 0.0292
0 0.8892 0.6255 0.0107 0.0219
0 0.8638 0.6226 0.0107 0.0248
0 0.9067 0.5956 0.0107 0.0204
0 0.9453 0.5737 0.0098 0.0204
0 0.9907 0.5285 0.0107 0.0234
0 0.9741 0.5307 0.0127 0.0248
0 0.9214 0.5774 0.0127 0.0248
0 0.918 0.5511 0.0117 0.0219
0 0.9043 0.5737 0.0098 0.0204
0 0.9102 0.527 0.0117 0.0234
0 0.8926 0.5336 0.0117 0.0219
0 0.8604 0.5365 0.0117 0.0219
0 0.855 0.5774 0.0127 0.0131
0 0.7656 0.5635 0.0098 0.0234
0 0.8013 0.538 0.0127 0.0248
0 0.7944 0.5723 0.0107 0.0234
0 0.8091 0.5854 0.0107 0.0234
0 0.8276 0.5642 0.0088 0.0219
0 0.9746 0.508 0.0098 0.0175
0 0.9888 0.4365 0.0107 0.0204
0 0.9399 0.4584 0.0107 0.0234
0 0.9619 0.4898 0.0098 0.0219
0 0.9951 0.4788 0.0078 0.0204
0 0.9487 0.5036 0.0107 0.0204
0 0.9453 0.5372 0.0137 0.0234
0 0.9365 0.4912 0.0098 0.019
0 0.9497 0.2912 0.0088 0.019
0 0.9775 0.2818 0.0098 0.0146
0 0.9434 0.3212 0.0098 0.0146
0 0.917 0.3606 0.0098 0.0175
0 0.8892 0.3759 0.0107 0.019
0 0.877 0.3964 0.0117 0.0219
0 0.8613 0.3343 0.0098 0.0204
0 0.9106 0.3161 0.0107 0.0219
0 0.8984 0.2964 0.0098 0.0175
0 0.8887 0.2825 0.0098 0.019
0 0.9287 0.2971 0.0078 0.0131
0 0.8203 0.3219 0.0098 0.0219
0 0.8564 0.2949 0.0117 0.0204
0 0.8784 0.3307 0.0088 0.019
0 0.7959 0.3365 0.0098 0.019
0 0.7939 0.4153 0.0098 0.0219
0 0.8032 0.3745 0.0088 0.019
0 0.8491 0.3577 0.0088 0.0175
0 0.8345 0.4139 0.0088 0.019
0 0.8184 0.2949 0.0078 0.0175
0 0.7656 0.3584 0.0078 0.0161
0 0.7686 0.4095 0.0098 0.0219
0 0.7236 0.4496 0.0098 0.0204
0 0.8091 0.4547 0.0107 0.0219
0 0.7803 0.4591 0.0098 0.0219
0 0.7559 0.4511 0.0098 0.0234
0 0.7344 0.3438 0.0098 0.019
0 0.7563 0.3365 0.0088 0.0161
0 0.6763 0.3197 0.0107 0.0175
0 0.7017 0.3431 0.0088 0.0204
0 0.729 0.3708 0.0088 0.0204
0 0.7231 0.4051 0.0107 0.019
0 0.7422 0.4029 0.0117 0.0234
0 0.686 0.3891 0.0107 0.019
0 0.688 0.4139 0.0088 0.0219
0 0.647 0.4942 0.0088 0.019
0 0.7266 0.4869 0.0078 0.019
0 0.6958 0.4569 0.0107 0.0204
0 0.6235 0.3847 0.0088 0.019
0 0.6606 0.3839 0.0088 0.0204
0 0.6748 0.3445 0.0078 0.0175
0 0.5879 0.3606 0.0078 0.0175
0 0.6128 0.3518 0.0088 0.0204
0 0.6338 0.3613 0.0078 0.019
0 0.5996 0.4029 0.0098 0.0204
0 0.5771 0.3964 0.0098 0.019
0 0.6304 0.5358 0.0107 0.0204
0 0.6372 0.4628 0.0107 0.0175
0 0.4116 0.5263 0.0107 0.019
0 0.3579 0.5416 0.0088 0.0204
0 0.1333 0.6825 0.0107 0.0219
0 0.2236 0.6715 0.0117 0.0234
0 0.1836 0.6883 0.0098 0.0219
0 0.2817 0.6883 0.0088 0.0219
0 0.3345 0.6387 0.0107 0.0219
0 0.2842 0.6474 0.0117 0.0219
0 0.3379 0.6752 0.0098 0.0248
0 0.4331 0.6387 0.0127 0.0219
0 0.3838 0.635 0.0117 0.0234
0 0.9312 0.1146 0.0088 0.019
0 0.9385 0.1423 0.0078 0.0161
0 0.9126 0.1153 0.0088 0.0204
0 0.9043 0.1416 0.0098 0.0204
0 0.8682 0.1234 0.0078 0.0161
0 0.8867 0.1124 0.0078 0.0175
0 0.8975 0.1036 0.0078 0.0175
0 0.9185 0.1022 0.0088 0.0175
0 0.9175 0.1847 0.0088 0.019
0 0.833 0.1599 0.0098 0.019
0 0.8345 0.2051 0.0088 0.019
0 0.8779 0.1489 0.0078 0.0175
0 0.8633 0.1745 0.0098 0.019
0 0.8862 0.1971 0.0088 0.0175
0 0.8628 0.1073 0.0088 0.0161
0 0.8291 0.1241 0.0078 0.0204
0 0.7642 0.1723 0.0088 0.0175
0 0.8677 0.0679 0.0088 0.0161
0 0.9243 0.0336 0.0088 0.0146
0 0.9058 0.0372 0.0088 0.0161
0 0.8872 0.0599 0.0088 0.0175
0 0.8774 0.0365 0.0068 0.0175
0 0.8945 0.0299 0.0078 0.0161
0 0.9209 0.0044 0.0098 0.0117
0 0.9019 0.0161 0.0068 0.0146
0 0.8779 0.0073 0.0078 0.0146
0 0.8657 0.0088 0.0088 0.0175
0 0.8584 0.0124 0.0078 0.0131
0 0.8159 0.0489 0.0068 0.0161
0 0.8472 0.0927 0.0088 0.0161
0 0.8452 0.0737 0.0088 0.0131
0 0.8589 0.0657 0.0068 0.0146
0 0.8545 0.0453 0.0078 0.0146
0 0.8262 0.0314 0.0078 0.0161
0 0.7905 0.062 0.0088 0.0161
0 0.7676 0.0124 0.0078 0.0161
0 0.7852 0.0088 0.0098 0.0146
0 0.8135 0.019 0.0078 0.0146
0 0.8018 0.1175 0.0078 0.0161
0 0.8237 0.0766 0.0088 0.0161
0 0.8364 0.0599 0.0068 0.0146
0 0.8105 0.1737 0.0098 0.0175
0 0.7886 0.1759 0.0088 0.019
0 0.7793 0.1547 0.0098 0.0175
0 0.7949 0.1599 0.0098 0.019
0 0.7832 0.138 0.0078 0.0161
0 0.7676 0.1058 0.0078 0.0161
0 0.7759 0.0263 0.0088 0.0175
0 0.8159 0.1307 0.0088 0.0161
0 0.8569 0.1591 0.0088 0.0175
0 0.8433 0.1869 0.0068 0.0175
0 0.9282 0.073 0.0068 0.0175
0 0.9819 0.1416 0.0088 0.0204
0 0.9668 0.1847 0.0098 0.019
0 0.9863 0.1788 0.0078 0.019
0 0.9463 0.1745 0.0117 0.0219
0 0.9639 0.1504 0.0098 0.0204
0 0.9785 0.1007 0.0098 0.0204
0 0.9526 0.1088 0.0088 0.0161
0 0.9946 0.0759 0.0088 0.0204
0 0.9766 0.0635 0.0098 0.0219
0 0.9902 0.0219 0.0078 0.0175
0 0.9658 0.0212 0.0098 0.019
0 0.9565 0.0372 0.0088 0.019
0 0.9478 0.081 0.0068 0.0161
0 0.936 0.0788 0.0088 0.0175
0 0.9326 0.0161 0.0078 0.0146
0 0.7471 0.0423 0.0078 0.0175
0 0.7373 0.1022 0.0098 0.0175
0 0.7188 0.0854 0.0078 0.0161
0 0.6978 0.0847 0.0088 0.0175
0 0.6768 0.0898 0.0078 0.0161
0 0.7583 0.0766 0.0088 0.019
0 0.7583 0.1467 0.0088 0.019
0 0.7441 0.1745 0.0078 0.0161
0 0.7295 0.1606 0.0078 0.0175
0 0.7529 0.138 0.0078 0.0161
0 0.6787 0.1942 0.0117 0.0204
0 0.645 0.1788 0.0088 0.0161
0 0.6924 0.165 0.0078 0.0175
0 0.6748 0.1204 0.0078 0.0161
0 0.6587 0.1321 0.0088 0.019
0 0.6895 0.0693 0.0078 0.0161
0 0.6987 0.0577 0.0088 0.019
0 0.7114 0.0365 0.0088 0.0175
0 0.731 0.0277 0.0088 0.0175
0 0.7451 0.0139 0.0078 0.0161
0 0.6641 0.0606 0.0078 0.0161
0 0.6719 0.0219 0.0078 0.0175
0 0.6826 0.0394 0.0078 0.0146
0 0.6831 0.0628 0.0068 0.0146
0 0.6567 0.0438 0.0088 0.0175
0 0.6255 0.1438 0.0088 0.0161
0 0.6187 0.1752 0.0088 0.0175
0 0.6528 0.1591 0.0088 0.0175
0 0.6313 0.1672 0.0088 0.019
0 0.6216 0.0788 0.0088 0.0175
0 0.6421 0.1036 0.0088 0.0146
0 0.626 0.0445 0.0078 0.0131
0 0.6313 0.0197 0.0068 0.0161
0 0.6182 0.0131 0.0078 0.0175
0 0.6382 0.0796 0.0068 0.019
0 0.6392 0.1277 0.0088 0.019
0 0.7202 0.108 0.0088 0.0204
0 0.689 0.2131 0.0088 0.0146
0 0.6729 0.1474 0.0098 0.0175
0 0.6636 0.2131 0.0088 0.0175
0 0.6514 0.2197 0.0098 0.019
0 0.6475 0.2044 0.0098 0.0175
0 0.5894 0.1861 0.0088 0.019
0 0.584 0.2109 0.0078 0.0161
0 0.5688 0.1839 0.0088 0.0175
0 0.5854 0.1635 0.0107 0.0204
0 0.5635 0.2219 0.0098 0.0204
0 0.5801 0.2401 0.0098 0.019
0 0.6289 0.2628 0.0098 0.0204
0 0.5908 0.2628 0.0098 0.0204
0 0.5923 0.2401 0.0088 0.0161
0 0.5522 0.2839 0.0088 0.019
0 0.5562 0.2672 0.0088 0.0175
0 0.5581 0.2555 0.0088 0.0204
0 0.5718 0.1701 0.0088 0.019
0 0.5791 0.2 0.0078 0.0204
0 0.5977 0.1883 0.0078 0.0175
0 0.6152 0.238 0.0078 0.0146
0 0.6274 0.2401 0.0088 0.0161
0 0.5947 0.1423 0.0078 0.0131
0 0.5557 0.1533 0.0078 0.0175
0 0.8804 0.5182 0.0107 0.0234
0 0.854 0.5182 0.0088 0.0175
0 0.8389 0.535 0.0117 0.0219
0 0.7437 0.3131 0.0107 0.019
0 0.7207 0.3124 0.0098 0.0175
0 0.6958 0.3139 0.0107 0.0175
0 0.6245 0.3124 0.0088 0.0204
0 0.6592 0.3547 0.0098 0.0204
0 0.6489 0.3175 0.0107 0.019
0 0.77 0.3044 0.0088 0.0161
0 0.7837 0.3102 0.0088 0.0131
0 0.1216 0.0489 0.0068 0.0131
0 0.0381 0.0745 0.0078 0.0146
0 0.0918 0.1051 0.0078 0.0146
0 0.1284 0.0905 0.0088 0.0175
0 0.0698 0.0336 0.0068 0.0146
0 0.082 0.0343 0.0059 0.0161
0 0.0801 0.0796 0.0078 0.0131
0 0.0635 0.1073 0.0078 0.0161
0 0.0488 0.1212 0.0078 0.0146
0 0.0278 0.1365 0.0088 0.0161
0 0.1172 0.1292 0.0078 0.0161
0 0.1353 0.1285 0.0088 0.0175
0 0.1382 0.0956 0.0088 0.019
0 0.0723 0.0708 0.0078 0.0161
0 0.0591 0.0818 0.0088 0.0146
0 0.0952 0.1358 0.0068 0.0146
0 0.104 0.1 0.0068 0.0131
0 0.0996 0.0949 0.0078 0.0175
0 0.0205 0.0978 0.0059 0.0146
0 0.0181 0.0606 0.0068 0.0131
0 0.1299 0.0562 0.0078 0.0161
0 0.0698 0.1219 0.0068 0.0131
0 0.0112 0.1248 0.0068 0.0161
0 0.1133 0.027 0.0078 0.0131
0 0.0283 0.073 0.0078 0.0146
0 0.0459 0.0708 0.0059 0.0161
0 0.0786 0.1453 0.0068 0.0131
0 0.0942 0.0197 0.0068 0.0161
0 0.0469 0.0423 0.0078 0.0146
0 0.1567 0.0314 0.0068 0.0131
0 0.2031 0.0307 0.0078 0.0146
0 0.2212 0.1219 0.0068 0.0161
0 0.2217 0.1095 0.0078 0.0146
0 0.208 0.1095 0.0078 0.0146
0 0.1484 0.4788 0.0098 0.0175
0 0.1597 0.4869 0.0088 0.0161
0 0.1499 0.5044 0.0088 0.0161
0 0.1406 0.508 0.0098 0.0175
0 0.1743 0.4861 0.0088 0.0146
0 0.1191 0.5314 0.0078 0.0175
0 0.0947 0.5423 0.0117 0.0219
0 0.0835 0.5599 0.0088 0.019
0 0.0625 0.5599 0.0098 0.019
0 0.1675 0.4394 0.0088 0.0175
0 0.1855 0.4248 0.0098 0.0204
0 0.1475 0.427 0.0098 0.019
0 0.0977 0.4095 0.0078 0.0161
0 0.1523 0.4664 0.0078 0.0161
0 0.0908 0.4964 0.0098 0.0204
0 0.0767 0.5365 0.0088 0.019
0 0.04 0.5526 0.0098 0.019
0 0.0298 0.5591 0.0088 0.0204
0 0.1724 0.5073 0.0088 0.0161
0 0.0757 0.5117 0.0088 0.0161
0 0.0425 0.5248 0.0107 0.019
0 0.0239 0.4679 0.0107 0.019
0 0.0186 0.4971 0.0098 0.019
0 0.0684 0.4752 0.0098 0.019
0 0.0679 0.4613 0.0107 0.0175
0 0.1313 0.462 0.0088 0.0161
0 0.125 0.4401 0.0098 0.0161
0 0.1245 0.5 0.0088 0.0161
0 0.1079 0.4927 0.0088 0.0161
0 0.1089 0.4599 0.0088 0.0175
0 0.0952 0.4401 0.0088 0.0161
0 0.0835 0.4467 0.0088 0.0175
0 0.0635 0.4285 0.0098 0.019
0 0.0972 0.4613 0.0088 0.0146
0 0.0527 0.4482 0.0078 0.0175
0 0.0449 0.4401 0.0098 0.0161
0 0.0332 0.4496 0.0098 0.0175
0 0.0566 0.5263 0.0098 0.019
0 0.1318 0.419 0.0098 0.0175
0 0.1304 0.3956 0.0088 0.0175
0 0.1675 0.4175 0.0088 0.0175
0 0.1758 0.3839 0.0098 0.0175
0 0.1494 0.3839 0.0098 0.0175
0 0.0977 0.3847 0.0098 0.019
0 0.0698 0.4088 0.0088 0.0175
0 0.0693 0.3934 0.0078 0.0131
0 0.0566 0.392 0.0078 0.0161
0 0.0742 0.3803 0.0078 0.0161
0 0.0483 0.4124 0.0088 0.019
0 0.0337 0.3883 0.0088 0.0175
0 0.022 0.3803 0.0088 0.0161
0 0.0879 0.381 0.0078 0.0146
0 0.1172 0.3839 0.0098 0.0175
0 0.1245 0.4847 0.0088 0.0175
0 0.0513 0.4723 0.0088 0.0161
0 0.0386 0.4898 0.0088 0.0131
0 0.0522 0.4876 0.0088 0.0146
0 0.0215 0.5299 0.0078 0.0175
0 0.0337 0.5168 0.0088 0.0175
0 0.0435 0.5088 0.0088 0.019
0 0.063 0.5088 0.0088 0.0161
0 0.1416 0.4788 0.0078 0.0175
0 0.0259 0.5423 0.0088 0.0161
0 0.0195 0.4051 0.0059 0.0161
0 0.0239 0.4453 0.0088 0.0146
0 0.2739 0.4891 0.0088 0.0175
0 0.3042 0.4423 0.0107 0.0204
0 0.3052 0.4088 0.0107 0.0204
0 0.2651 0.4255 0.0088 0.0161
0 0.2598 0.4577 0.0078 0.0161
0 0.2759 0.4577 0.0088 0.0161
0 0.2515 0.4803 0.0107 0.0204
0 0.252 0.4577 0.0078 0.0161
0 0.2412 0.4285 0.0098 0.019
0 0.251 0.427 0.0098 0.019
0 0.2642 0.4007 0.0088 0.019
0 0.2822 0.3912 0.0098 0.0175
0 0.3105 0.3672 0.0098 0.0219
0 0.2798 0.362 0.0107 0.0175
0 0.2065 0.4715 0.0107 0.0204
0 0.2222 0.4613 0.0107 0.0204
0 0.2163 0.4701 0.0088 0.0175
0 0.2095 0.4292 0.0107 0.0204
0 0.2329 0.4241 0.0088 0.0161
0 0.2402 0.4022 0.0098 0.019
0 0.2217 0.4058 0.0098 0.0204
0 0.2041 0.3971 0.0098 0.0175
0 0.2427 0.3796 0.0088 0.0204
0 0.2129 0.3825 0.0098 0.0175
0 0.2163 0.3657 0.0088 0.0161
0 0.2441 0.3584 0.0098 0.0161
0 0.2012 0.3672 0.0098 0.0161
0 0.1851 0.3686 0.0088 0.0161
0 0.1899 0.4635 0.0088 0.0161
0 0.166 0.3599 0.0098 0.0161
0 0.3228 0.4453 0.0088 0.0204
0 0.3481 0.4182 0.0088 0.019
0 0.5674 0.4343 0.0078 0.019
0 0.5288 0.392 0.0107 0.019
0 0.5532 0.3934 0.0107 0.019
0 0.4292 0.3657 0.0107 0.019
0 0.5312 0.3445 0.0098 0.0204
0 0.5156 0.3438 0.0098 0.019
0 0.4941 0.3496 0.0098 0.019
0 0.498 0.3978 0.0098 0.019
0 0.3887 0.3993 0.0098 0.019
0 0.4062 0.3693 0.0098 0.0175
0 0.3804 0.3847 0.0088 0.019
0 0.3608 0.3942 0.0107 0.0204
0 0.3569 0.3759 0.0088 0.019
0 0.3315 0.4109 0.0107 0.0219
0 0.3184 0.3956 0.0098 0.0175
0 0.5518 0.3569 0.0117 0.0219
0 0.4214 0.3518 0.0107 0.0204
0 0.4761 0.3599 0.0088 0.019
0 0.4438 0.435 0.0107 0.0204
0 0.5088 0.438 0.0098 0.0204
0 0.5425 0.4219 0.0107 0.0204
0 0.4717 0.4343 0.0098 0.019
0 0.4829 0.4511 0.0107 0.0204
0 0.4126 0.4438 0.0107 0.0204
0 0.3867 0.3693 0.0078 0.0146
0 0.3369 0.3555 0.0098 0.019
0 0.3647 0.3533 0.0088 0.0204
0 0.3579 0.3474 0.0088 0.0175
0 0.4746 0.3416 0.0098 0.0175
0 0.4448 0.3343 0.0088 0.0146
0 0.4062 0.3336 0.0098 0.019
0 0.2939 0.3372 0.0078 0.0175
0 0.3091 0.3496 0.0088 0.0161
0 0.3193 0.3336 0.0098 0.0161
0 0.3271 0.3299 0.0078 0.0146
0 0.3389 0.3365 0.0098 0.0161
0 0.4258 0.4796 0.0098 0.019
0 0.1582 0.0737 0.0059 0.0131
0 0.1748 0.0693 0.0078 0.0131
0 0.1968 0.1518 0.0088 0.0146
0 0.168 0.154 0.0078 0.0131
0 0.1724 0.1416 0.0068 0.0146
0 0.1992 0.1212 0.0078 0.0146
0 0.1401 0.1526 0.0088 0.0161
0 0.1533 0.1453 0.0078 0.0161
0 0.1519 0.1292 0.0088 0.0161
0 0.1807 0.0438 0.0059 0.0146
0 0.1953 0.1825 0.0078 0.0146
0 0.2007 0.1686 0.0088 0.0161
0 0.165 0.1781 0.0078 0.0175
0 0.1509 0.2277 0.0088 0.0175
0 0.1763 0.2139 0.0088 0.0161
0 0.1831 0.2518 0.0088 0.019
0 0.105 0.1657 0.0068 0.0131
0 0.082 0.1693 0.0078 0.0175
0 0.207 0.0752 0.0059 0.0131
0 0.1875 0.0942 0.0078 0.0161
0 0.0518 0.1708 0.0078 0.0146
0 0.1143 0.1759 0.0078 0.0131
0 0.1709 0.1197 0.0078 0.0146
0 0.1953 0.2131 0.0078 0.0146
0 0.1978 0.2022 0.0088 0.0161
0 0.1235 0.1876 0.0088 0.0161
0 0.1289 0.2197 0.0098 0.0161
0 0.1289 0.238 0.0098 0.0175
0 0.1035 0.2066 0.0078 0.0161
0 0.0615 0.2146 0.0078 0.0146
0 0.0508 0.2219 0.0078 0.0175
0 0.1343 0.1839 0.0068 0.0146
0 0.1611 0.2066 0.0078 0.0161
0 0.0762 0.1854 0.0078 0.0175
0 0.041 0.1796 0.0078 0.0146
0 0.0747 0.2467 0.0088 0.0175
0 0.0151 0.1847 0.0068 0.0161
0 0.0088 0.1482 0.0059 0.0161
0 0.064 0.1628 0.0068 0.0161
0 0.1245 0.1657 0.0068 0.0161
0 0.1455 0.2533 0.0078 0.0161
0 0.0488 0.2474 0.0098 0.0161
0 0.1162 0.2314 0.0078 0.0161
0 0.1489 0.1898 0.0068 0.0146
0 0.105 0.2219 0.0088 0.0146
0 0.0845 0.2314 0.0088 0.0161
0 0.0356 0.2321 0.0068 0.0175
0 0.0308 0.2526 0.0088 0.0146
0 0.1895 0.062 0.0059 0.0102
0 0.0273 0.208 0.0078 0.0131
0 0.0127 0.2511 0.0078 0.0175
0 0.064 0.246 0.0088 0.0161
0 0.1011 0.2504 0.0088 0.0161
0 0.0479 0.1905 0.0078 0.0131
0 0.5342 0.2825 0.0078 0.0161
0 0.5215 0.3175 0.0078 0.0161
0 0.5039 0.3007 0.0098 0.0175
0 0.5015 0.2803 0.0088 0.0175
0 0.4907 0.2416 0.0088 0.019
0 0.4814 0.2474 0.0098 0.019
0 0.5166 0.2591 0.0098 0.0219
0 0.4766 0.3 0.0098 0.019
0 0.4858 0.2912 0.0068 0.0219
0 0.4688 0.2657 0.0098 0.0204
0 0.4639 0.2526 0.0098 0.0175
0 0.4731 0.2212 0.0088 0.019
0 0.4907 0.2175 0.0088 0.0175
0 0.4453 0.3051 0.0078 0.0175
0 0.5195 0.2372 0.0078 0.0161
0 0.4141 0.2788 0.0098 0.0204
0 0.4121 0.2445 0.0078 0.019
0 0.4341 0.2577 0.0088 0.019
0 0.459 0.2285 0.0098 0.019
0 0.4375 0.2307 0.0098 0.0146
0 0.4448 0.2467 0.0088 0.0175
0 0.522 0.1905 0.0068 0.0161
0 0.5479 0.1876 0.0078 0.019
0 0.5063 0.1905 0.0088 0.019
0 0.4385 0.2022 0.0098 0.019
0 0.4229 0.1766 0.0078 0.0175
0 0.4111 0.2314 0.0098 0.019
0 0.4102 0.2022 0.0098 0.019
0 0.4556 0.1891 0.0107 0.019
0 0.4854 0.1781 0.0098 0.0175
0 0.5381 0.265 0.0078 0.0131
0 0.5254 0.2934 0.0078 0.0146
0 0.4546 0.2861 0.0068 0.0175
0 0.6108 0.0467 0.0088 0.0175
0 0.5898 0.0708 0.0078 0.0131
0 0.6084 0.1314 0.0078 0.0175
0 0.5464 0.1314 0.0068 0.0117
0 0.5317 0.1504 0.0088 0.0146
0 0.5015 0.1482 0.0088 0.019
0 0.5293 0.1124 0.0078 0.0175
0 0.5381 0.1 0.0078 0.0161
0 0.5703 0.0606 0.0078 0.0161
0 0.5977 0.0547 0.0078 0.019
0 0.4741 0.1219 0.0088 0.0161
0 0.4541 0.0577 0.0078 0.0161
0 0.4473 0.0336 0.0078 0.0146
0 0.5107 0.0533 0.0078 0.0161
0 0.562 0.1073 0.0068 0.0131
0 0.4531 0.1292 0.0078 0.0161
0 0.4521 0.1533 0.0078 0.0175
0 0.4775 0.1445 0.0078 0.0175
0 0.5093 0.1139 0.0088 0.0175
0 0.6035 0.0898 0.0078 0.0161
0 0.5532 0.0299 0.0068 0.0161
0 0.4736 0.0438 0.0078 0.0146
0 0.4814 0.0752 0.0078 0.0161
0 0.5898 0.1299 0.0078 0.0146
0 0.4282 0.0737 0.0088 0.0161
0 0.4185 0.0562 0.0088 0.0161
0 0.4219 0.0328 0.0078 0.0161
0 0.4185 0.1489 0.0088 0.0175
0 0.4219 0.1219 0.0078 0.0161
0 0.4502 0.0993 0.0078 0.0175
0 0.3999 0.0526 0.0068 0.0146
0 0.3813 0.0109 0.0068 0.0161
0 0.3447 0.1197 0.0078 0.0175
0 0.3633 0.135 0.0078 0.019
0 0.3994 0.2526 0.0078 0.0175
0 0.3892 0.2336 0.0088 0.0175
0 0.3857 0.2131 0.0078 0.0175
0 0.3994 0.1876 0.0078 0.0161
0 0.4004 0.1613 0.0098 0.019
0 0.3647 0.1007 0.0088 0.0146
0 0.3872 0.0985 0.0068 0.0161
0 0.2832 0.181 0.0078 0.0175
0 0.2939 0.1891 0.0078 0.0161
0 0.3223 0.1555 0.0078 0.0131
0 0.3359 0.1365 0.0098 0.0161
0 0.3281 0.119 0.0078 0.0161
0 0.3994 0.073 0.0078 0.0146
0 0.3247 0.1015 0.0068 0.0131
0 0.4019 0.0358 0.0068 0.0131
0 0.188 0.0131 0.0068 0.0146
0 0.1797 0.0066 0.0078 0.0131
0 0.2417 0.0453 0.0068 0.0146
0 0.2192 0.0168 0.0068 0.0131
0 0.2637 0.0438 0.0078 0.0146
0 0.2583 0.0299 0.0068 0.0131
0 0.2856 0.046 0.0068 0.0161
0 0.3462 0.0423 0.0068 0.0146
0 0.3096 0.0584 0.0078 0.0117
0 0.3252 0.0482 0.0078 0.0175
0 0.312 0.0255 0.0068 0.0131
0 0.3623 0.0182 0.0078 0.0131
0 0.3804 0.0292 0.0088 0.0146
0 0.3643 0.0343 0.0078 0.0131
0 0.3745 0.0496 0.0088 0.0175
0 0.397 0.0109 0.0088 0.0161
0 0.458 0.0102 0.0078 0.0175
0 0.4404 0.0803 0.0078 0.0146
0 0.3779 0.0781 0.0078 0.0161
0 0.2944 0.0978 0.0068 0.0146
0 0.2349 0.0336 0.0088 0.0175
0 0.2944 0.0241 0.0068 0.0131
0 0.2842 0.0182 0.0078 0.0161
0 0.2725 0.0204 0.0078 0.0146
0 0.248 0.0766 0.0078 0.0131
0 0.2197 0.0577 0.0078 0.0161
0 0.3848 0.1416 0.0078 0.0146
0 0.3545 0.1723 0.0078 0.0146
0 0.4419 0.1591 0.0068 0.0146
0 0.4365 0.1431 0.0078 0.0117
0 0.3853 0.1657 0.0088 0.0131
0 0.3452 0.0985 0.0068 0.0131
0 0.3774 0.1182 0.0088 0.0146
0 0.3188 0.1226 0.0068 0.0146
0 0.2744 0.1015 0.0078 0.0161
0 0.2295 0.0891 0.0078 0.0146
0 0.2173 0.0949 0.0068 0.0175
0 0.2471 0.0956 0.0078 0.0161
0 0.2529 0.1139 0.0078 0.0146
0 0.3447 0.2109 0.0078 0.0161
0 0.3013 0.1562 0.0068 0.0146
0 0.2773 0.127 0.0078 0.0146
0 0.2241 0.1445 0.0068 0.0117
0 0.2446 0.1489 0.0068 0.0117
0 0.2642 0.1504 0.0068 0.0146
0 0.2852 0.162 0.0078 0.0146
0 0.2847 0.1453 0.0088 0.0131
0 0.3662 0.1701 0.0078 0.0131
0 0.3682 0.2066 0.0078 0.0131
0 0.3711 0.2226 0.0078 0.0131
0 0.3555 0.2409 0.0098 0.0175
0 0.332 0.2197 0.0098 0.0161
0 0.2666 0.1745 0.0078 0.0161
0 0.23 0.1715 0.0088 0.0131
0 0.2119 0.2029 0.0078 0.0146
0 0.2534 0.2051 0.0088 0.0161
0 0.2456 0.1839 0.0088 0.0175
0 0.2607 0.192 0.0078 0.0161
0 0.3359 0.2489 0.0078 0.0131
0 0.377 0.254 0.0078 0.0175
0 0.394 0.2898 0.0088 0.0161
0 0.3872 0.3015 0.0088 0.0161
0 0.374 0.2818 0.0098 0.0175
0 0.3706 0.3109 0.0088 0.0175
0 0.3521 0.281 0.0088 0.0161
0 0.3579 0.2591 0.0088 0.019
0 0.3467 0.3161 0.0098 0.0161
0 0.3433 0.3058 0.0088 0.0131
0 0.3179 0.3058 0.0088 0.019
0 0.2808 0.3314 0.0088 0.0146
0 0.2734 0.3307 0.0078 0.0161
0 0.2603 0.335 0.0088 0.0161
0 0.25 0.327 0.0098 0.0175
0 0.2305 0.3124 0.0098 0.0146
0 0.2109 0.3234 0.0078 0.0131
0 0.1963 0.3423 0.0078 0.0131
0 0.1875 0.3248 0.0098 0.019
0 0.1704 0.3168 0.0088 0.0146
0 0.188 0.2876 0.0088 0.0175
0 0.1787 0.292 0.0078 0.0146
0 0.3271 0.2869 0.0078 0.0161
0 0.3193 0.2876 0.0078 0.0146
0 0.3003 0.2832 0.0068 0.0175
0 0.3081 0.262 0.0088 0.0161
0 0.3145 0.246 0.0078 0.0161
0 0.2866 0.273 0.0088 0.0204
0 0.269 0.2971 0.0107 0.019
0 0.2515 0.2978 0.0088 0.0175
0 0.2739 0.2737 0.0088 0.019
0 0.2563 0.2657 0.0088 0.0175
0 0.2363 0.2927 0.0078 0.0161
0 0.2227 0.2781 0.0078 0.0161
0 0.2432 0.2745 0.0098 0.0175
0 0.2129 0.2869 0.0078 0.0131
0 0.209 0.2708 0.0078 0.0161
0 0.2925 0.2518 0.0088 0.0161
0 0.2964 0.2314 0.0068 0.0131
0 0.2251 0.2029 0.0088 0.0146
0 0.2769 0.2321 0.0068 0.0146
0 0.2915 0.2139 0.0088 0.0161
0 0.2314 0.2518 0.0078 0.0161
0 0.168 0.2577 0.0078 0.0161
0 0.1377 0.2861 0.0078 0.0146
0 0.1401 0.2686 0.0068 0.0146
0 0.1533 0.3161 0.0078 0.0161
0 0.1499 0.3555 0.0088 0.0161
0 0.1279 0.3701 0.0078 0.0161
0 0.1118 0.3745 0.0107 0.019
0 0.1143 0.2869 0.0078 0.0161
0 0.1211 0.2796 0.0078 0.0161
0 0.1338 0.3277 0.0078 0.0161
0 0.0977 0.3 0.0078 0.0161
0 0.0918 0.2993 0.0078 0.0146
0 0.0742 0.3197 0.0078 0.0146
0 0.0732 0.354 0.0078 0.0161
0 0.1123 0.3423 0.0078 0.0161
0 0.0952 0.3511 0.0088 0.019
0 0.0347 0.3336 0.0088 0.0161
0 0.0581 0.3139 0.0088 0.0175
0 0.1069 0.2766 0.0088 0.0161
0 0.0894 0.2562 0.0088 0.0161
0 0.2051 0.2533 0.0078 0.0161
0 0.0894 0.2818 0.0068 0.0146
0 0.0776 0.2679 0.0088 0.019
0 0.0757 0.3007 0.0068 0.0146
0 0.0566 0.2847 0.0098 0.0175
0 0.0566 0.2723 0.0098 0.0131
0 0.0361 0.2715 0.0078 0.0146
0 0.0347 0.2912 0.0088 0.0161
0 0.0137 0.2803 0.0078 0.0146
0 0.0537 0.3343 0.0078 0.0175
0 0.0186 0.4285 0.0098 0.019
0 0.0161 0.4518 0.0088 0.0161
0 0.5073 0.0109 0.0088 0.0161
0 0.5273 0.0708 0.0078 0.0131
0 0.4937 0.0467 0.0068 0.0146
0 0.5479 0.5438 0.0098 0.0248
0 0.7295 0.0591 0.0117 0.0161
0 0.2021 0.8905 0.0176 0.038
0 0.8198 0.0905 0.0107 0.0175
0 0.0078 0.8891 0.0176 0.0292
0 0.0024 0.038 0.0068 0.0146
0 0.0137 0.5482 0.0117 0.019
0 0.2212 0.5569 0.0107 0.0219
0 0.3398 0.4964 0.0078 0.0175
0 0.0034 0.4431 0.0068 0.0131
0 0.0039 0.3993 0.0078 0.0131
0 0.0029 0.3416 0.0078 0.0146
0 0.0063 0.3234 0.0088 0.019
0 0.0044 0.2847 0.0088 0.0146
0 0.0083 0.4796 0.0088 0.0131
0 0.0024 0.5168 0.0068 0.0175
0 0.0024 0.1679 0.0068 0.0117
0 0.0078 0.219 0.0098 0.0146
0 0.041 0.1577 0.0078 0.0146
0 0.1553 0.0533 0.0078 0.0131
