0 0.8545 0.4414 0.0117 0.022
0 0.8311 0.4261 0.0117 0.0264
0 0.7949 0.4385 0.0137 0.0307
0 0.7725 0.4341 0.0078 0.0161
0 0.9316 0.4217 0.0137 0.0264
0 0.9111 0.4458 0.0117 0.022
0 0.9521 0.4414 0.0098 0.0161
0 0.9893 0.4407 0.0098 0.0234
0 0.895 0.4319 0.0068 0.0146
0 0.7124 0.4422 0.0088 0.0176
0 0.6636 0.4561 0.0303 0.0571
0 0.6865 0.4575 0.0176 0.0395
0 0.6226 0.4363 0.0107 0.0264
0 0.7437 0.4327 0.0068 0.0102
0 0.5815 0.4107 0.0205 0.0395
0 0.5522 0.47 0.0283 0.0498
0 0.4907 0.4231 0.0342 0.0673
0 0.4531 0.4107 0.0254 0.0395
0 0.3691 0.4297 0.0293 0.0512
0 0.2983 0.4253 0.0244 0.0454
0 0.5391 0.4217 0.0078 0.0117
0 0.5093 0.4253 0.0068 0.0161
0 0.1831 0.4253 0.0146 0.0278
0 0.126 0.4056 0.0176 0.0322
0 0.0181 0.3931 0.0127 0.0366
0 0.1016 0.3909 0.0117 0.0322
0 0.0386 0.3917 0.0127 0.022
0 0.6113 0.3038 0.0137 0.0249
0 0.7354 0.437 0.0078 0.0132
0 0.0527 0.3982 0.0098 0.0176
0 0.8193 0.4707 0.0293 0.0483
