0 0.0591 0.2852 0.04 0.0761
0 0.085 0.2759 0.0352 0.0718
0 0.0972 0.2414 0.0283 0.0575
0 0.1074 0.2945 0.0254 0.0546
0 0.2007 0.2349 0.0381 0.0733
0 0.2964 0.2155 0.0283 0.0575
0 0.3076 0.3147 0.0293 0.0661
0 0.3462 0.245 0.04 0.079
0 0.4375 0.2385 0.0352 0.0776
0 0.5293 0.1063 0.0605 0.1092
0 0.6401 0.2974 0.0381 0.0747
0 0.7173 0.2241 0.0381 0.0805
0 0.8071 0.6027 0.0381 0.0618
0 0.8076 0.2471 0.0352 0.0603
0 0.8921 0.283 0.0225 0.0603
0 0.9214 0.2917 0.04 0.0747
0 0.9688 0.2931 0.0312 0.0718
0 0.6572 0.0402 0.0195 0.0402
0 0.9775 0.6609 0.0312 0.0546
