0 0.0669 0.3617 0.0283 0.0603
0 0.1309 0.3227 0.0273 0.0638
0 0.1973 0.3413 0.0254 0.055
0 0.3223 0.3759 0.0293 0.0567
0 0.3066 0.2473 0.0215 0.055
0 0.1646 0.1888 0.0127 0.0337
0 0.0464 0.2261 0.0225 0.0443
0 0.4419 0.3777 0.0283 0.0638
0 0.5596 0.3626 0.0293 0.0656
0 0.3599 0.3174 0.0283 0.0567
0 0.4307 0.2996 0.0234 0.0567
0 0.6597 0.3138 0.0264 0.0567
0 0.6206 0.2828 0.0283 0.0621
0 0.8306 0.3165 0.0244 0.0621
0 0.8794 0.3023 0.0303 0.0727
0 0.9165 0.297 0.0244 0.0656
0 0.9409 0.2934 0.0225 0.0621
0 0.9692 0.2872 0.0205 0.0567
0 0.9917 0.297 0.0146 0.055
0 0.2407 0.1498 0.0127 0.0301
0 0.3647 0.1711 0.0146 0.0337
0 0.3774 0.2119 0.0127 0.0266
0 0.2783 0.2863 0.0078 0.0195
0 0.1772 0.3129 0.0127 0.0266
0 0.418 0.1418 0.0137 0.0355
0 0.4761 0.2615 0.0186 0.0514
0 0.5024 0.2837 0.0186 0.0426
0 0.5796 0.1294 0.0146 0.0248
0 0.561 0.1135 0.0088 0.0248
0 0.5293 0.1472 0.0098 0.0248
0 0.6787 0.117 0.0078 0.0213
0 0.7124 0.1489 0.0107 0.0213
0 0.7427 0.1206 0.0088 0.0213
0 0.75 0.1427 0.0098 0.023
0 0.8159 0.1241 0.0088 0.0213
0 0.8257 0.2447 0.0146 0.039
0 0.8599 0.0922 0.0107 0.0248
0 0.9756 0.0816 0.0059 0.0142
0 0.4028 0.3413 0.0225 0.0514
