0 0.3232 0.3076 0.0273 0.0542
0 0.1782 0.3521 0.0244 0.0458
0 0.106 0.3347 0.0205 0.0417
0 0.7764 0.3104 0.0391 0.0736
0 0.6099 0.2931 0.0361 0.0639
0 0.4702 0.3146 0.0303 0.0542
0 0.0498 0.3813 0.0215 0.0431
0 0.9399 0.4375 0.0068 0.0111
0 0.9121 0.4285 0.0098 0.0125
0 0.9004 0.4313 0.0078 0.0125
0 0.8862 0.5153 0.0068 0.0111
0 0.8481 0.5118 0.0088 0.0125
0 0.8643 0.2326 0.0059 0.0097
0 0.9185 0.2354 0.0049 0.0069
0 0.9351 0.2493 0.0049 0.0069
0 0.8945 0.3 0.0059 0.0111
0 0.7246 0.4347 0.0059 0.0139
0 0.7358 0.4368 0.0049 0.0125
0 0.9565 0.3063 0.0049 0.0097
0 0.9434 0.309 0.0039 0.0069
0 0.873 0.3063 0.0039 0.0069
0 0.8853 0.2938 0.0049 0.0069
0 0.8774 0.2917 0.0049 0.0056
0 0.8975 0.2764 0.0059 0.0083
0 0.9033 0.2639 0.0039 0.0056
0 0.9146 0.2681 0.0049 0.0056
0 0.9062 0.2743 0.0059 0.0069
0 0.8677 0.3312 0.0068 0.0097
0 0.8896 0.3326 0.0059 0.0097
0 0.9043 0.2938 0.0059 0.0097
0 0.9336 0.3021 0.0059 0.0097
0 0.9009 0.3229 0.0049 0.0097
0 0.9253 0.3153 0.0068 0.0111
