0 0.5884 0.3822 0.0186 0.056
0 0.7324 0.3477 0.0254 0.0417
0 0.7764 0.3848 0.0117 0.0299
0 0.8115 0.3743 0.0117 0.0221
0 0.4502 0.3672 0.0234 0.0339
0 0.2964 0.3542 0.0283 0.0469
0 0.1592 0.3893 0.0234 0.0391
0 0.0161 0.373 0.0205 0.0326
0 0.9897 0.3893 0.0146 0.026
0 0.9468 0.388 0.0107 0.0182
0 0.8394 0.3965 0.0107 0.0169
0 0.853 0.3763 0.0107 0.013
0 0.665 0.3887 0.0215 0.0352
0 0.5249 0.3496 0.0186 0.0352
0 0.6196 0.3913 0.0068 0.0117
0 0.6001 0.3906 0.0107 0.013
0 0.3813 0.3652 0.0107 0.0195
0 0.3628 0.3887 0.0166 0.0221
0 0.3945 0.3809 0.0059 0.0091
0 0.3979 0.3757 0.0068 0.0091
0 0.3892 0.306 0.0068 0.0104
0 0.3203 0.3197 0.0078 0.0117
0 0.3345 0.3203 0.0068 0.0104
0 0.0864 0.4108 0.0146 0.0247
0 0.2031 0.3906 0.0098 0.0208
0 0.2188 0.3997 0.0098 0.0182
0 0.1895 0.3984 0.0117 0.0234
0 0.1909 0.3646 0.0088 0.0182
0 0.0845 0.3685 0.0088 0.013
0 0.0508 0.401 0.0117 0.0156
0 0.2412 0.3887 0.0117 0.0169
0 0.1201 0.4056 0.0156 0.0169
0 0.0635 0.3216 0.0098 0.013
0 0.3213 0.3906 0.0117 0.0182
0 0.0293 0.3737 0.0117 0.0208
