0 0.0259 0.64 0.0049 0.0135
0 0.0215 0.5546 0.0215 0.0434
0 0.0464 0.628 0.0088 0.0195
0 0.082 0.6347 0.0117 0.021
0 0.1147 0.637 0.0107 0.0225
0 0.1401 0.6587 0.0049 0.009
0 0.1592 0.6639 0.0059 0.0105
0 0.1694 0.6572 0.0049 0.009
0 0.2261 0.6362 0.0068 0.009
0 0.2568 0.6407 0.0039 0.009
0 0.2642 0.649 0.0049 0.0105
0 0.2744 0.6385 0.0059 0.0135
0 0.2861 0.6228 0.0098 0.015
0 0.2959 0.643 0.0059 0.0165
0 0.3062 0.637 0.0127 0.0195
0 0.3228 0.607 0.0146 0.0284
0 0.3447 0.6003 0.0137 0.0299
0 0.3643 0.6265 0.0117 0.0195
0 0.3838 0.6078 0.0156 0.0329
0 0.4258 0.5666 0.0215 0.0464
0 0.4902 0.5337 0.0312 0.0614
0 0.583 0.4611 0.0371 0.0719
0 0.7632 0.3391 0.0615 0.1213
0 0.2383 0.646 0.002 0.0045
0 0.394 0.5996 0.0107 0.0254
