0 0.3818 0.526 0.0137 0.0234
0 0.4297 0.5306 0.0117 0.0273
0 0.4111 0.5859 0.0098 0.0208
0 0.4224 0.6452 0.0127 0.0273
0 0.3418 0.4128 0.0137 0.0182
0 0.395 0.4108 0.0127 0.0195
0 0.4448 0.4062 0.0127 0.0208
0 0.4897 0.3991 0.0127 0.0195
0 0.5361 0.4258 0.0137 0.0234
0 0.5854 0.4206 0.0127 0.0182
0 0.4595 0.4688 0.0107 0.0234
0 0.5078 0.4701 0.0137 0.0234
0 0.5547 0.4714 0.0117 0.026
0 0.6011 0.4727 0.0088 0.0182
0 0.4814 0.5267 0.0117 0.0195
0 0.5259 0.528 0.0127 0.0195
0 0.564 0.5345 0.0127 0.0195
0 0.4429 0.5723 0.0107 0.0247
0 0.5029 0.5846 0.0137 0.026
0 0.5537 0.5898 0.0137 0.0234
0 0.6035 0.5892 0.0137 0.0273
0 0.4634 0.6361 0.0127 0.0273
0 0.5083 0.6413 0.0146 0.0247
0 0.5527 0.6523 0.0137 0.026
0 0.603 0.653 0.0146 0.0221
0 0.6313 0.418 0.0127 0.0182
0 0.6792 0.4121 0.0127 0.0195
0 0.7275 0.4154 0.0117 0.0208
0 0.7852 0.4056 0.0137 0.0221
0 0.6499 0.4538 0.0107 0.0169
0 0.7002 0.4544 0.0117 0.0208
0 0.7524 0.4473 0.0127 0.0195
0 0.8008 0.4525 0.0137 0.0221
0 0.6133 0.5195 0.0137 0.026
0 0.6597 0.513 0.0107 0.0182
0 0.707 0.5104 0.0137 0.026
0 0.7554 0.5215 0.0127 0.0195
0 0.8052 0.515 0.0127 0.0247
0 0.6714 0.5879 0.0166 0.0273
0 0.7227 0.5898 0.0137 0.0286
0 0.77 0.5781 0.0146 0.026
0 0.8276 0.5618 0.0146 0.0299
0 0.6484 0.6484 0.0156 0.026
0 0.8457 0.4147 0.0137 0.0247
0 0.8545 0.459 0.0176 0.0273
0 0.8599 0.5221 0.0127 0.0234
0 0.896 0.5182 0.0127 0.0286
0 0.9272 0.5078 0.0146 0.0234
0 0.9609 0.5052 0.0137 0.0312
0 0.897 0.5664 0.0146 0.0234
0 0.2021 0.4089 0.0117 0.0156
0 0.2549 0.4316 0.0117 0.0169
0 0.2974 0.4251 0.0107 0.0169
0 0.3125 0.4629 0.0098 0.0169
0 0.2637 0.4648 0.0098 0.0182
0 0.2153 0.459 0.0107 0.0195
0 0.1724 0.4727 0.0107 0.0182
0 0.1831 0.5215 0.0127 0.0221
0 0.2178 0.5273 0.0098 0.0208
0 0.2529 0.526 0.0098 0.0182
0 0.1909 0.5781 0.0127 0.0208
0 0.084 0.5098 0.0117 0.0195
0 0.1025 0.5221 0.0156 0.026
0 0.1436 0.5221 0.0117 0.0234
0 0.1011 0.5651 0.0107 0.0234
0 0.1416 0.5612 0.0137 0.0208
0 0.2363 0.5755 0.0137 0.0234
0 0.292 0.5736 0.0137 0.0221
0 0.2959 0.5332 0.0098 0.0221
0 0.3369 0.515 0.0117 0.0195
0 0.3447 0.5742 0.0117 0.0234
0 0.2373 0.6406 0.0117 0.026
0 0.2778 0.6452 0.0107 0.0273
0 0.3203 0.6432 0.0117 0.026
0 0.3721 0.6491 0.0137 0.0247
0 0.3613 0.4668 0.0137 0.0195
0 0.4111 0.4668 0.0117 0.0169
