0 0.1616 0.4839 0.0225 0.0248
0 0.2466 0.4745 0.0244 0.0409
0 0.3384 0.4387 0.0244 0.0307
0 0.4102 0.2942 0.0195 0.0248
0 0.4194 0.4577 0.0205 0.0365
0 0.501 0.4394 0.0215 0.0263
0 0.4526 0.5504 0.0283 0.0409
0 0.3745 0.5438 0.0205 0.0336
0 0.2798 0.5803 0.0244 0.0277
0 0.5688 0.5438 0.0244 0.0365
0 0.5815 0.4343 0.0205 0.0248
0 0.583 0.246 0.0176 0.0219
0 0.6558 0.4613 0.0166 0.0234
0 0.6719 0.5453 0.0215 0.0365
0 0.731 0.4599 0.0205 0.0292
0 0.8125 0.4263 0.0195 0.0263
0 0.502 0.0664 0.0234 0.0423
