0 0.1201 0.0905 0.0117 0.0247
0 0.2017 0.0807 0.0166 0.026
0 0.3232 0.0358 0.0117 0.0247
0 0.3677 0.0579 0.0068 0.0169
0 0.4194 0.0534 0.0186 0.0391
0 0.4697 0.1471 0.0684 0.1146
0 0.7544 0.041 0.0166 0.0378
0 0.7891 0.0371 0.0117 0.0273
0 0.8315 0.0527 0.0107 0.0299
0 0.8638 0.0267 0.0166 0.0404
0 0.8735 0.0592 0.0068 0.0117
0 0.9126 0.0293 0.0107 0.0247
0 0.9399 0.0312 0.0146 0.0391
0 0.9619 0.056 0.0156 0.026
0 0.604 0.0566 0.0049 0.0091
0 0.6177 0.0684 0.0049 0.0117
0 0.6494 0.0658 0.0039 0.0117
0 0.7085 0.0658 0.0049 0.0091
0 0.7217 0.0566 0.0059 0.0117
0 0.6807 0.0482 0.0039 0.0078
