0 0.251 0.519 0.0098 0.0175
0 0.1558 0.4606 0.0088 0.0146
0 0.1055 0.4257 0.0098 0.0175
0 0.3008 0.406 0.0078 0.016
0 0.2554 0.3499 0.0068 0.0146
0 0.3379 0.3426 0.0059 0.0117
0 0.3643 0.441 0.0078 0.0131
0 0.418 0.3316 0.0059 0.0131
0 0.4512 0.3819 0.0078 0.0146
0 0.5103 0.3163 0.0068 0.0117
0 0.4873 0.3528 0.0078 0.0146
0 0.6284 0.3083 0.0068 0.0131
0 0.6016 0.3375 0.0078 0.016
0 0.5806 0.3083 0.0068 0.0131
0 0.6367 0.3943 0.0078 0.0131
0 0.7266 0.309 0.0059 0.0117
0 0.6812 0.3149 0.0068 0.0117
0 0.8477 0.2915 0.0059 0.0117
0 0.7808 0.2945 0.0068 0.0117
0 0.7773 0.3426 0.0078 0.0146
0 0.8369 0.3601 0.0078 0.0117
0 0.957 0.3433 0.0078 0.016
0 0.8521 0.4133 0.0088 0.0131
0 0.5498 0.3703 0.0078 0.0117
0 0.4932 0.4242 0.0098 0.0146
0 0.4971 0.4913 0.0098 0.0175
0 0.5591 0.4483 0.0088 0.016
0 0.6494 0.4599 0.0098 0.016
0 0.6206 0.4103 0.0088 0.016
0 0.6929 0.371 0.0068 0.0131
0 0.7266 0.4147 0.0078 0.0131
0 0.7178 0.3899 0.0078 0.0131
0 0.7563 0.4898 0.0088 0.0146
0 0.187 0.7442 0.0146 0.0335
0 0.5947 0.7085 0.0117 0.0204
0 0.7192 0.6698 0.0127 0.0277
0 0.9556 0.6297 0.0146 0.0321
0 0.8613 0.648 0.0137 0.0306
0 0.979 0.5029 0.0107 0.0175
0 0.4639 0.7347 0.0137 0.0233
0 0.605 0.5649 0.0088 0.0131
0 0.8716 0.4636 0.0088 0.0146
0 0.7725 0.4249 0.0098 0.0131
