0 0.9619 0.3724 0.0195 0.0515
0 0.8955 0.3466 0.0117 0.0468
0 0.812 0.322 0.0166 0.0585
0 0.8633 0.3478 0.0098 0.0304
0 0.7017 0.3255 0.0166 0.0562
0 0.6338 0.3794 0.0312 0.0984
0 0.6748 0.3443 0.0098 0.0328
0 0.7451 0.3536 0.0098 0.0281
0 0.7573 0.3665 0.0068 0.0258
0 0.7324 0.3501 0.0078 0.0304
0 0.6489 0.3735 0.0068 0.0258
0 0.4497 0.37 0.0283 0.089
0 0.3242 0.329 0.0273 0.0773
0 0.4849 0.3384 0.0127 0.0398
0 0.3809 0.356 0.0098 0.0328
0 0.3511 0.3583 0.0088 0.0281
0 0.2676 0.329 0.0098 0.0304
0 0.2881 0.3431 0.0098 0.0258
0 0.5337 0.3501 0.0068 0.0164
0 0.5308 0.3899 0.0068 0.0164
0 0.5425 0.377 0.0068 0.0187
0 0.5806 0.3817 0.0088 0.0234
0 0.1187 0.3419 0.0166 0.0468
0 0.0801 0.3665 0.0137 0.0351
0 0.1953 0.329 0.0137 0.0492
0 0.2256 0.3372 0.0215 0.0656
0 0.0654 0.3431 0.0117 0.0351
0 0.0439 0.3349 0.0098 0.0234
0 0.0322 0.3337 0.0078 0.0211
0 0.0244 0.3337 0.0078 0.0258
0 0.1333 0.3443 0.0068 0.0187
0 0.2485 0.3478 0.0068 0.0211
0 0.0088 0.3173 0.0078 0.0211
0 0.4219 0.3208 0.0137 0.0375
0 0.4692 0.3349 0.0088 0.0234
