0 0.1064 0.3165 0.0156 0.0281
0 0.0732 0.2743 0.0137 0.0197
0 0.1284 0.2982 0.0107 0.0141
0 0.1724 0.2665 0.0127 0.0211
0 0.2173 0.2757 0.0127 0.0169
0 0.2852 0.2925 0.0156 0.0253
0 0.1099 0.3966 0.0459 0.0563
0 0.2227 0.3333 0.0469 0.045
0 0.3379 0.3277 0.0508 0.0563
0 0.4468 0.3467 0.04 0.0661
0 0.5439 0.3235 0.041 0.0703
0 0.6787 0.3333 0.0312 0.0591
0 0.7705 0.3664 0.0449 0.0774
0 0.8984 0.3502 0.043 0.0394
0 0.7881 0.3038 0.0098 0.0141
0 0.812 0.308 0.0166 0.0197
0 0.8389 0.2975 0.0137 0.0211
0 0.9512 0.2961 0.0176 0.0267
0 0.043 0.3158 0.043 0.0464
0 0.0483 0.2855 0.0146 0.0169
0 0.3853 0.2855 0.0205 0.0309
0 0.4043 0.2876 0.0195 0.0267
0 0.2471 0.2961 0.0215 0.0267
