0 0.0981 0.7623 0.0107 0.02
0 0.1084 0.7403 0.0117 0.024
0 0.1572 0.753 0.0117 0.0253
0 0.125 0.7577 0.0098 0.0213
0 0.1665 0.757 0.0107 0.02
0 0.2407 0.7557 0.0127 0.0226
0 0.2705 0.715 0.0078 0.0133
0 0.332 0.739 0.0098 0.0186
0 0.3662 0.743 0.0098 0.0213
0 0.3818 0.751 0.0078 0.0133
0 0.4263 0.761 0.0127 0.02
0 0.5737 0.759 0.0127 0.0213
0 0.6274 0.745 0.0127 0.0253
0 0.6133 0.7417 0.0117 0.0186
0 0.5928 0.7224 0.0098 0.0146
0 0.5522 0.7264 0.0068 0.012
0 0.5742 0.717 0.0059 0.012
0 0.7212 0.7317 0.0127 0.0226
0 0.7944 0.747 0.0146 0.0266
0 0.2642 0.7483 0.0088 0.0133
0 0.2773 0.7463 0.0078 0.0173
0 0.3027 0.753 0.0098 0.0173
0 0.312 0.7557 0.0107 0.02
0 0.3003 0.7723 0.0088 0.016
0 0.1304 0.7364 0.0107 0.0213
0 0.0547 0.7497 0.0098 0.024
0 0.0088 0.7483 0.0098 0.024
0 0.0127 0.743 0.0078 0.024
0 0.0796 0.749 0.0127 0.028
0 0.2061 0.7317 0.0059 0.0093
0 0.4292 0.735 0.0088 0.0133
0 0.3994 0.739 0.0078 0.016
0 0.4678 0.741 0.0059 0.012
0 0.4741 0.7344 0.0068 0.0173
0 0.542 0.739 0.0098 0.016
0 0.4727 0.8149 0.0098 0.0186
0 0.5303 0.7124 0.0059 0.0107
0 0.5186 0.8049 0.0098 0.0173
0 0.5337 0.7603 0.0107 0.016
0 0.3125 0.8296 0.0117 0.0213
