0 0.0103 0.2189 0.0186 0.0483
0 0.0347 0.2182 0.0244 0.0498
0 0.1196 0.2555 0.0342 0.0717
0 0.1729 0.2628 0.0293 0.0483
0 0.21 0.2474 0.0195 0.0322
0 0.2676 0.2782 0.0312 0.0586
0 0.3306 0.2548 0.0303 0.0498
0 0.3003 0.287 0.0205 0.0322
0 0.4893 0.3031 0.0215 0.0351
0 0.4009 0.2848 0.0088 0.019
0 0.3872 0.2914 0.0068 0.0146
0 0.4321 0.2958 0.0088 0.0176
0 0.543 0.3009 0.0449 0.0864
0 0.6421 0.3111 0.0342 0.0688
0 0.6909 0.3031 0.0205 0.0351
0 0.6699 0.3126 0.0137 0.0249
0 0.7271 0.3067 0.0166 0.0337
0 0.7729 0.3624 0.0127 0.0278
0 0.7881 0.3646 0.0137 0.0234
0 0.8198 0.3353 0.0244 0.0469
0 0.856 0.3309 0.0303 0.0586
0 0.875 0.2555 0.0273 0.0483
0 0.8105 0.2921 0.0195 0.0307
0 0.791 0.3001 0.0137 0.0264
0 0.7383 0.2884 0.0137 0.0234
0 0.7158 0.2599 0.0098 0.022
0 0.959 0.3067 0.0176 0.0337
0 0.9443 0.3755 0.0098 0.0249
0 0.9692 0.3726 0.0146 0.0249
0 0.936 0.2818 0.0127 0.0249
0 0.9409 0.246 0.0127 0.0234
0 0.7412 0.3836 0.0098 0.0205
0 0.752 0.3675 0.0137 0.0293
0 0.4648 0.284 0.0078 0.0176
0 0.9937 0.2958 0.0107 0.0293
0 0.9897 0.3909 0.0146 0.0264
0 0.9883 0.4802 0.0137 0.0293
0 0.9609 0.4766 0.0137 0.0307
0 0.9888 0.2416 0.0088 0.0234
0 0.6406 0.2628 0.0098 0.0249
0 0.6567 0.2731 0.0088 0.019
0 0.751 0.2738 0.0117 0.0234
0 0.9141 0.2855 0.0156 0.0264
0 0.4126 0.2701 0.0068 0.0132
