0 0.0088 0.2425 0.0195 0.0356
0 0.0356 0.2319 0.0225 0.0341
0 0.1069 0.2269 0.0283 0.0441
0 0.1523 0.1771 0.0332 0.0526
0 0.2314 0.2248 0.0352 0.0597
0 0.2549 0.2248 0.0215 0.037
0 0.3428 0.1856 0.0391 0.064
0 0.3105 0.2354 0.0273 0.0498
0 0.3701 0.1991 0.0293 0.0398
0 0.4751 0.1437 0.0439 0.0711
0 0.4888 0.197 0.0205 0.0441
0 0.5161 0.1999 0.0244 0.0384
0 0.5742 0.1999 0.0312 0.0498
0 0.6328 0.1714 0.0371 0.0583
0 0.7632 0.1991 0.0283 0.0398
0 0.7969 0.1458 0.0449 0.0669
0 0.8804 0.2048 0.04 0.0654
0 0.9209 0.207 0.0332 0.0498
0 0.9507 0.1913 0.0283 0.0384
0 0.9717 0.2119 0.0234 0.0341
