0 0.3594 0.5938 0.0215 0.0286
0 0.2944 0.6191 0.0186 0.0326
0 0.0532 0.6699 0.0127 0.0195
0 0.1382 0.6595 0.0088 0.0169
0 0.1621 0.6549 0.0098 0.0104
0 0.1006 0.6608 0.0078 0.0117
0 0.0928 0.7077 0.0078 0.0117
0 0.0176 0.6569 0.0059 0.0091
0 0.0278 0.6549 0.0068 0.0104
0 0.0215 0.6927 0.0078 0.013
0 0.8721 0.6172 0.0098 0.0182
0 0.8999 0.61 0.0127 0.0221
0 0.8979 0.5762 0.0107 0.0169
0 0.9512 0.6055 0.0117 0.0208
0 0.9658 0.6849 0.0117 0.0208
0 0.9771 0.6504 0.0107 0.0169
0 0.9927 0.6237 0.0127 0.0182
0 0.8672 0.7129 0.0156 0.0247
0 0.9233 0.7142 0.0127 0.0221
0 0.9727 0.6257 0.0117 0.0221
0 0.9233 0.6901 0.0107 0.0156
0 0.6328 0.6107 0.0117 0.0156
0 0.6167 0.6139 0.0088 0.0143
0 0.6865 0.5859 0.0137 0.0286
0 0.5474 0.6009 0.0186 0.0326
0 0.9438 0.709 0.0107 0.0221
