0 0.0273 0.5981 0.0137 0.0249
0 0.2773 0.6596 0.0234 0.0337
0 0.3228 0.5425 0.0088 0.022
0 0.1992 0.7584 0.0215 0.0351
0 0.3335 0.3895 0.0381 0.0878
0 0.436 0.5981 0.0146 0.0249
0 0.3882 0.5425 0.0088 0.019
0 0.4849 0.5286 0.0107 0.0205
0 0.5381 0.5264 0.0137 0.0249
0 0.4238 0.8302 0.0293 0.0556
0 0.3472 0.8536 0.0303 0.0527
0 0.2368 0.4912 0.0068 0.0132
0 0.769 0.5849 0.0127 0.0249
0 0.7856 0.6303 0.0166 0.0307
0 0.7847 0.6633 0.0166 0.0381
0 0.8267 0.5322 0.0166 0.0278
0 0.9116 0.5278 0.0146 0.022
0 0.9531 0.5271 0.0137 0.0234
0 0.0601 0.5315 0.0088 0.0176
