0 0.0503 0.2379 0.0146 0.0459
0 0.1099 0.2814 0.0205 0.0556
0 0.166 0.3394 0.0176 0.0507
0 0.1997 0.6377 0.0088 0.029
0 0.248 0.2174 0.0254 0.0531
0 0.2017 0.3913 0.0127 0.0386
0 0.2026 0.43 0.0068 0.029
0 0.3032 0.3587 0.0107 0.0507
0 0.3921 0.2971 0.0205 0.0725
0 0.4116 0.3092 0.0146 0.0483
0 0.5518 0.2911 0.0195 0.0604
0 0.4614 0.5242 0.0068 0.029
0 0.4878 0.5725 0.0088 0.0242
0 0.5142 0.5193 0.0068 0.029
0 0.4897 0.6848 0.0049 0.0217
0 0.4814 0.6703 0.0059 0.0266
0 0.6172 0.2512 0.0195 0.0435
0 0.6963 0.2524 0.0215 0.0507
0 0.7808 0.2899 0.0186 0.0435
0 0.8306 0.2802 0.0244 0.058
0 0.9663 0.4698 0.0166 0.0362
0 0.9277 0.535 0.0059 0.0266
0 0.9463 0.5169 0.0098 0.029
