0 0.0703 0.1207 0.0234 0.0318
0 0.2285 0.248 0.0195 0.0345
0 0.0859 0.3992 0.0234 0.0318
0 0.0044 0.5491 0.0107 0.0398
0 0.1909 0.6837 0.0283 0.0464
0 0.2446 0.5073 0.0283 0.0438
0 0.4019 0.6452 0.0322 0.0491
0 0.3955 0.8601 0.0293 0.0544
0 0.3857 0.3475 0.0254 0.0424
0 0.5415 0.4383 0.0244 0.0438
0 0.5317 0.0882 0.0225 0.0305
0 0.5059 0.2241 0.0215 0.0318
0 0.6665 0.2732 0.0225 0.0371
0 0.1904 0.0245 0.0195 0.0332
0 0.3315 0.1101 0.0225 0.0371
0 0.7656 0.0464 0.0195 0.0292
0 0.7178 0.185 0.0195 0.0305
0 0.9707 0.0292 0.0195 0.0318
0 0.9199 0.1359 0.0195 0.0305
0 0.8755 0.2593 0.0225 0.0305
0 0.832 0.3886 0.0254 0.0451
0 0.7485 0.571 0.0322 0.0438
0 0.6445 0.8216 0.0312 0.0517
