0 0.2119 0.7212 0.0312 0.0526
0 0.2437 0.5657 0.0146 0.0248
0 0.1899 0.5431 0.0088 0.0175
0 0.2505 0.538 0.0088 0.019
0 0.2896 0.5445 0.0107 0.0175
0 0.3062 0.5693 0.0127 0.0234
0 0.3525 0.5672 0.0098 0.019
0 0.3423 0.538 0.0088 0.0161
0 0.3794 0.5431 0.0088 0.0146
0 0.4092 0.5679 0.0098 0.0175
0 0.4165 0.5299 0.0088 0.0146
0 0.0337 0.5766 0.0127 0.0292
0 0.0371 0.5482 0.0098 0.0161
0 0.5356 0.6839 0.0205 0.0423
0 0.5063 0.6036 0.0166 0.0307
0 0.4692 0.5613 0.0107 0.019
0 0.5811 0.5547 0.0078 0.0146
0 0.5073 0.5423 0.0068 0.0161
0 0.5381 0.5431 0.0078 0.0146
0 0.5664 0.5416 0.0078 0.0117
0 0.4282 0.5431 0.0107 0.0146
0 0.4663 0.5314 0.0068 0.0146
0 0.6768 0.5474 0.0078 0.0146
0 0.7012 0.5387 0.0059 0.0146
0 0.6963 0.5372 0.0059 0.0117
0 0.7202 0.5358 0.0068 0.0146
0 0.6206 0.5285 0.0068 0.0117
0 0.6001 0.5394 0.0068 0.0131
0 0.6152 0.5584 0.0078 0.0131
0 0.5151 0.5285 0.0068 0.0088
0 0.7451 0.5445 0.0059 0.0117
0 0.7593 0.5409 0.0068 0.0102
0 0.4502 0.9555 0.0215 0.0423
0 0.7944 0.6241 0.0068 0.0161
0 0.8296 0.5474 0.0068 0.0117
0 0.8867 0.5299 0.0059 0.0117
0 0.9077 0.5314 0.0068 0.0117
0 0.936 0.5496 0.0068 0.0131
0 0.8652 0.5336 0.0059 0.0102
0 0.8096 0.5526 0.0078 0.0131
0 0.8584 0.5664 0.0078 0.0175
