0 0.2534 0.2548 0.042 0.0732
0 0.1387 0.3023 0.0312 0.0512
0 0.041 0.276 0.0254 0.0454
0 0.4048 0.2489 0.0264 0.041
0 0.4595 0.276 0.0264 0.0512
0 0.5542 0.2372 0.0459 0.0761
0 0.7578 0.2445 0.0234 0.041
0 0.8291 0.2269 0.0312 0.0586
0 0.8828 0.2826 0.041 0.0703
0 0.9214 0.2906 0.0166 0.0454
0 0.8232 0.1435 0.0078 0.0176
0 0.9595 0.2584 0.0088 0.019
0 0.9805 0.2438 0.0078 0.0132
0 0.9624 0.2013 0.0088 0.0161
0 0.9639 0.1764 0.0117 0.022
0 0.2017 0.2709 0.0186 0.0322
0 0.3086 0.2731 0.0195 0.0366
0 0.3706 0.2687 0.0186 0.0366
0 0.6577 0.0886 0.0088 0.0161
0 0.7061 0.03 0.0098 0.019
0 0.5381 0.0673 0.0078 0.0117
0 0.7358 0.0307 0.0068 0.0146
0 0.2808 0.0395 0.0088 0.0205
0 0.1216 0.0307 0.0088 0.0176
0 0.2637 0.0922 0.0078 0.0146
0 0.1538 0.0549 0.0088 0.0161
0 0.3311 0.1779 0.0098 0.019
0 0.3311 0.093 0.0098 0.019
0 0.4824 0.2599 0.0234 0.0454
0 0.958 0.011 0.0078 0.019
0 0.0122 0.2064 0.0127 0.0234
0 0.0371 0.1713 0.0117 0.0205
0 0.0703 0.1113 0.0098 0.0205
0 0.1045 0.1098 0.0117 0.0205
0 0.1758 0.1654 0.0098 0.0176
0 0.0957 0.0739 0.0078 0.0161
0 0.7563 0.0505 0.0088 0.0161
0 0.2168 0.0498 0.0078 0.0176
0 0.3164 0.142 0.0078 0.0146
0 0.4209 0.0608 0.0098 0.0278
0 0.4365 0.1662 0.0098 0.019
0 0.459 0.1654 0.0137 0.0205
0 0.8511 0.0871 0.0107 0.0161
0 0.7827 0.0915 0.0107 0.0161
0 0.7305 0.1633 0.0117 0.0161
0 0.7397 0.1201 0.0127 0.0176
0 0.0449 0.0739 0.0117 0.019
0 0.3306 0.2672 0.0127 0.0307
0 0.1875 0.0703 0.0098 0.0205
0 0.1787 0.1186 0.0098 0.0176
0 0.2939 0.0952 0.0078 0.0146
0 0.2783 0.0717 0.0078 0.0176
