0 0.0972 0.3424 0.0186 0.0286
0 0.1489 0.3633 0.04 0.0677
0 0.1899 0.3535 0.0225 0.043
0 0.21 0.3503 0.0156 0.0339
0 0.2178 0.3926 0.0215 0.043
0 0.2671 0.321 0.0166 0.0273
0 0.2261 0.3522 0.0127 0.0247
0 0.2925 0.3717 0.0264 0.0456
0 0.3301 0.3626 0.0332 0.043
0 0.3271 0.4277 0.0332 0.0586
0 0.4072 0.4102 0.0352 0.0781
0 0.4663 0.373 0.0225 0.0195
0 0.5034 0.36 0.0303 0.0482
0 0.5366 0.3861 0.0225 0.0299
0 0.5625 0.3737 0.041 0.0677
0 0.5952 0.3438 0.0146 0.0286
0 0.6348 0.2826 0.0176 0.0234
0 0.647 0.3659 0.0205 0.0417
0 0.6689 0.3307 0.0078 0.0156
0 0.6997 0.4121 0.0537 0.0977
0 0.7324 0.3561 0.0117 0.0195
0 0.7559 0.3529 0.0098 0.0156
0 0.8003 0.3535 0.0244 0.0404
0 0.8203 0.4121 0.0234 0.0586
0 0.8447 0.3691 0.0117 0.0221
0 0.8623 0.3613 0.0195 0.0352
0 0.8647 0.4173 0.0322 0.0508
0 0.9155 0.3516 0.0225 0.0286
0 0.9634 0.3802 0.0225 0.0286
0 0.9863 0.3757 0.0156 0.0273
0 0.9946 0.3835 0.0088 0.0117
0 0.9951 0.3711 0.0059 0.013
0 0.959 0.612 0.0801 0.1719
0 0.4961 0.8431 0.043 0.0612
0 0.7246 0.9466 0.0918 0.1016
0 0.1299 0.362 0.0234 0.0443
0 0.3696 0.2441 0.0225 0.043
0 0.3975 0.2337 0.0234 0.0404
0 0.0122 0.3516 0.0205 0.0312
