0 0.8481 0.6146 0.0088 0.0204
0 0.7432 0.6314 0.0098 0.019
0 0.7227 0.6139 0.0078 0.0161
0 0.668 0.635 0.0156 0.0263
0 0.686 0.6212 0.0088 0.019
0 0.6958 0.6248 0.0088 0.0204
0 0.605 0.6299 0.0127 0.0277
0 0.6313 0.5803 0.0146 0.0277
0 0.6172 0.627 0.0098 0.019
0 0.5083 0.6343 0.0068 0.0131
0 0.4771 0.619 0.0068 0.0146
0 0.4702 0.6197 0.0068 0.0161
0 0.4351 0.6161 0.0088 0.0088
0 0.4121 0.627 0.0098 0.0161
0 0.3115 0.5818 0.043 0.1007
0 0.3647 0.6161 0.0068 0.0146
0 0.2744 0.6226 0.0059 0.0131
0 0.3438 0.627 0.0078 0.0131
0 0.4946 0.635 0.0088 0.0146
