0 0.98 0.5053 0.0146 0.024
0 0.9707 0.5013 0.0117 0.0267
0 0.9849 0.4813 0.0088 0.0133
0 0.9614 0.482 0.0088 0.0093
0 0.9355 0.5607 0.0098 0.02
0 0.9355 0.5327 0.0117 0.0173
0 0.9253 0.5053 0.0049 0.0133
0 0.9502 0.51 0.0098 0.012
0 0.9106 0.5167 0.0088 0.0147
0 0.8843 0.5027 0.0107 0.0187
0 0.8979 0.5027 0.0107 0.016
0 0.8613 0.546 0.0117 0.0173
0 0.8657 0.61 0.0107 0.0173
0 0.8472 0.5227 0.0088 0.0133
0 0.8613 0.502 0.0059 0.0093
0 0.8276 0.4947 0.0107 0.0133
0 0.8188 0.5307 0.0107 0.0133
0 0.8535 0.49 0.0059 0.0067
0 0.9302 0.5033 0.0068 0.012
0 0.9702 0.474 0.0049 0.0067
0 0.8623 0.5227 0.0098 0.0133
0 0.8052 0.516 0.0088 0.0107
0 0.7925 0.5293 0.0049 0.008
0 0.8101 0.5307 0.0049 0.0107
0 0.7998 0.502 0.0059 0.0067
0 0.7793 0.522 0.0078 0.012
0 0.8398 0.4773 0.0059 0.008
0 0.7368 0.544 0.0068 0.0107
0 0.7256 0.5533 0.0059 0.0107
0 0.7046 0.5673 0.0068 0.0093
0 0.7095 0.5487 0.0049 0.0093
0 0.71 0.518 0.0078 0.012
0 0.7524 0.5013 0.0049 0.008
0 0.6973 0.5347 0.0059 0.0133
0 0.7207 0.5587 0.0059 0.0107
0 0.7715 0.496 0.0078 0.0133
0 0.6841 0.5233 0.0068 0.0147
0 0.6851 0.51 0.0088 0.012
0 0.6724 0.544 0.0068 0.0133
0 0.7134 0.566 0.0049 0.0067
0 0.6768 0.53 0.0059 0.0093
0 0.6626 0.5233 0.0088 0.0147
0 0.4214 0.3527 0.0244 0.0333
0 0.4829 0.366 0.0244 0.0307
0 0.5327 0.372 0.0244 0.032
0 0.5859 0.3947 0.0195 0.0267
0 0.6416 0.4187 0.0156 0.0267
0 0.311 0.4907 0.0107 0.016
0 0.2773 0.4827 0.0078 0.0133
0 0.2378 0.49 0.0088 0.012
0 0.2578 0.5113 0.0078 0.0093
0 0.2173 0.4907 0.0068 0.008
0 0.2061 0.476 0.0117 0.016
0 0.1714 0.4687 0.0107 0.0147
0 0.1821 0.482 0.0049 0.0067
0 0.1348 0.464 0.0117 0.0133
0 0.0732 0.4913 0.0098 0.012
0 0.0381 0.4913 0.0098 0.0147
0 0.1104 0.496 0.0078 0.0133
