0 0.9448 0.5552 0.0146 0.0265
0 0.9189 0.5781 0.0137 0.025
0 0.894 0.5088 0.0127 0.0221
0 0.8789 0.4786 0.0117 0.0177
0 0.8721 0.447 0.0098 0.0191
0 0.8682 0.3969 0.0098 0.0162
0 0.8491 0.3748 0.0088 0.0133
0 0.8447 0.4094 0.0098 0.0147
0 0.8184 0.3652 0.0078 0.0147
0 0.8691 0.606 0.0117 0.025
0 0.8525 0.6451 0.0137 0.0265
0 0.8242 0.5464 0.0137 0.0236
0 0.8306 0.5155 0.0107 0.0206
0 0.8257 0.4845 0.0088 0.0177
0 0.811 0.4521 0.0068 0.0177
0 0.8218 0.433 0.0068 0.0177
0 0.8105 0.3984 0.0098 0.0162
0 0.8071 0.6046 0.0107 0.0221
0 0.7749 0.5596 0.0127 0.0206
0 0.7539 0.5979 0.0137 0.0236
0 0.6978 0.5854 0.0146 0.0221
0 0.7197 0.5582 0.0117 0.0206
0 0.7837 0.5125 0.0127 0.0206
0 0.7412 0.5184 0.0098 0.0206
0 0.7495 0.4934 0.0088 0.0177
0 0.7896 0.4809 0.0088 0.0162
0 0.6646 0.5545 0.0107 0.0191
0 0.6875 0.5206 0.0117 0.0191
0 0.7041 0.4904 0.0117 0.0206
0 0.6626 0.4948 0.0107 0.0177
0 0.7905 0.4411 0.0088 0.0162
0 0.7739 0.3903 0.0088 0.0147
0 0.7554 0.4323 0.0088 0.0162
0 0.7798 0.4499 0.0068 0.0162
0 0.7456 0.4558 0.0088 0.0191
0 0.7231 0.4337 0.0088 0.0162
0 0.7349 0.3807 0.0107 0.0162
0 0.2119 0.5633 0.0117 0.0191
0 0.1802 0.5862 0.0146 0.0265
0 0.0938 0.5471 0.0137 0.0221
0 0.1929 0.6458 0.0146 0.025
0 0.1338 0.6502 0.0156 0.028
0 0.0522 0.5751 0.0146 0.025
0 0.354 0.5574 0.0127 0.0221
0 0.3442 0.5979 0.0146 0.0206
0 0.3311 0.5147 0.0117 0.0191
0 0.7007 0.3881 0.0088 0.0162
0 0.7134 0.4588 0.0088 0.0162
0 0.6924 0.4411 0.0098 0.0162
0 0.6797 0.4499 0.0098 0.0191
0 0.6548 0.4345 0.0088 0.0177
0 0.6401 0.4507 0.0107 0.0177
0 0.6641 0.3837 0.0078 0.0162
0 0.626 0.3763 0.0078 0.0133
0 0.5933 0.3785 0.0088 0.0147
0 0.6099 0.3277 0.0088 0.0133
0 0.6577 0.3277 0.0088 0.0133
0 0.5601 0.3277 0.0107 0.0133
0 0.5571 0.38 0.0088 0.0147
0 0.6128 0.4374 0.0088 0.0147
0 0.5942 0.4521 0.0088 0.0177
0 0.5737 0.4418 0.0088 0.0147
0 0.5542 0.458 0.0107 0.0177
0 0.5352 0.4345 0.0098 0.0177
0 0.522 0.3785 0.0088 0.0147
0 0.5195 0.3365 0.0078 0.0133
0 0.4917 0.3785 0.0088 0.0147
0 0.4966 0.4448 0.0088 0.0147
0 0.5142 0.4507 0.0107 0.0177
0 0.6323 0.5906 0.0146 0.0236
0 0.5947 0.5589 0.0137 0.0221
0 0.6265 0.5236 0.0107 0.0191
0 0.6187 0.486 0.0107 0.0206
0 0.5767 0.486 0.0107 0.0206
0 0.5708 0.5265 0.0107 0.0191
0 0.5444 0.5523 0.0107 0.0206
0 0.5674 0.592 0.0137 0.0265
0 0.5327 0.4875 0.0107 0.0177
0 0.5249 0.5214 0.0107 0.0236
0 0.4229 0.3277 0.0078 0.0162
0 0.4736 0.3211 0.0098 0.0177
0 0.3936 0.4536 0.0098 0.0177
0 0.377 0.4374 0.0098 0.0177
0 0.3423 0.4337 0.0088 0.0162
0 0.3218 0.4529 0.0088 0.0162
0 0.3613 0.4654 0.0078 0.0147
0 0.502 0.6016 0.0117 0.0221
0 0.5005 0.5538 0.0127 0.0236
0 0.4839 0.5243 0.0107 0.0206
0 0.4951 0.5022 0.0078 0.0147
0 0.4531 0.4941 0.0098 0.0191
0 0.415 0.4926 0.0098 0.0162
0 0.3774 0.4867 0.0107 0.0162
0 0.3721 0.5147 0.0098 0.0191
0 0.3979 0.5574 0.0127 0.0221
0 0.4062 0.5214 0.0117 0.0206
0 0.4512 0.5574 0.0117 0.0221
0 0.4468 0.5324 0.0107 0.0191
0 0.4243 0.592 0.0127 0.0236
0 0.292 0.391 0.0078 0.0162
0 0.2573 0.3903 0.0088 0.0177
0 0.2432 0.3579 0.0078 0.0147
0 0.229 0.3873 0.0088 0.0147
0 0.2197 0.3999 0.0098 0.0162
0 0.2065 0.4116 0.0088 0.0162
0 0.272 0.4374 0.0088 0.0147
0 0.2871 0.4521 0.0098 0.0177
0 0.3076 0.4389 0.0078 0.0147
0 0.3394 0.4779 0.0107 0.0191
0 0.248 0.4521 0.0098 0.0177
0 0.1895 0.4602 0.0098 0.0191
0 0.1646 0.4801 0.0107 0.0206
0 0.1367 0.5052 0.0117 0.0206
0 0.2051 0.5199 0.0117 0.0206
0 0.2305 0.4926 0.0098 0.0191
0 0.249 0.5147 0.0117 0.0191
0 0.2896 0.5206 0.0107 0.0191
0 0.3032 0.4971 0.0088 0.0162
0 0.2666 0.4853 0.0098 0.0191
0 0.3076 0.5611 0.0117 0.0206
0 0.2715 0.5987 0.0137 0.0191
0 0.2603 0.5633 0.0127 0.0221
0 0.4556 0.3851 0.0088 0.0162
0 0.4248 0.3881 0.0078 0.0162
0 0.396 0.3829 0.0088 0.0147
0 0.3599 0.3829 0.0088 0.0147
0 0.3257 0.3814 0.0088 0.0147
0 0.4165 0.4374 0.0088 0.0177
0 0.4565 0.433 0.0088 0.0147
0 0.4731 0.4639 0.0088 0.0147
0 0.4307 0.4521 0.0098 0.0177
