0 0.332 0.1242 0.0156 0.0235
0 0.4492 0.0765 0.0098 0.017
0 0.4141 0.0183 0.0078 0.0183
0 0.4844 0.0791 0.0098 0.0144
0 0.4946 0.0294 0.0107 0.0144
0 0.5688 0.0824 0.0088 0.0209
0 0.54 0.0804 0.0098 0.0144
0 0.606 0.0229 0.0088 0.017
0 0.4009 0.1359 0.0107 0.0183
0 0.4814 0.1359 0.0098 0.0157
0 0.0605 0.402 0.0273 0.0379
0 0.3882 0.4961 0.0322 0.0536
0 0.3208 0.1974 0.0127 0.0209
0 0.4761 0.2183 0.0146 0.0209
0 0.7329 0.2719 0.0166 0.0288
0 0.7793 0.4418 0.0273 0.0444
0 0.1216 0.1144 0.0107 0.0196
0 0.1626 0.1092 0.0107 0.0196
0 0.2012 0.1124 0.0098 0.0183
0 0.1416 0.0477 0.0098 0.0196
0 0.1885 0.0627 0.0098 0.0209
0 0.2285 0.0562 0.0117 0.0183
0 0.2432 0.0693 0.0098 0.0183
0 0.2451 0.1196 0.0117 0.0196
0 0.2974 0.0719 0.0088 0.0183
0 0.2676 0.0111 0.0098 0.017
0 0.2319 0.0085 0.0088 0.017
0 0.3315 0.0667 0.0088 0.0209
0 0.3809 0.0817 0.0137 0.0196
0 0.4165 0.0902 0.0107 0.0157
