0 0.0674 0.3183 0.0312 0.061
0 0.1836 0.3137 0.0566 0.0703
0 0.2363 0.3276 0.0371 0.0504
0 0.3071 0.2911 0.04 0.0676
0 0.3457 0.3084 0.0352 0.0464
0 0.4062 0.3017 0.0527 0.0809
0 0.5093 0.3183 0.0459 0.0769
0 0.5771 0.3355 0.043 0.0663
0 0.6216 0.3103 0.0361 0.0531
0 0.6636 0.3024 0.0244 0.0424
0 0.6846 0.2891 0.043 0.0663
0 0.7378 0.3097 0.0303 0.0464
0 0.8135 0.3647 0.0254 0.0477
0 0.9087 0.3442 0.0283 0.0464
0 0.7695 0.3534 0.0234 0.0358
0 0.0244 0.2971 0.0176 0.0584
0 0.854 0.3932 0.0225 0.0385
