0 0.1299 0.6354 0.0332 0.1025
0 0.3496 0.6618 0.0234 0.0527
0 0.334 0.5717 0.0312 0.0483
0 0.2769 0.6384 0.0166 0.0527
0 0.1973 0.6896 0.0234 0.0703
0 0.0723 0.4707 0.0156 0.022
0 0.0239 0.4385 0.0068 0.0102
0 0.2075 0.511 0.0107 0.0205
0 0.2402 0.519 0.0195 0.0337
0 0.3672 0.3587 0.0215 0.0469
0 0.4199 0.4963 0.0234 0.0351
0 0.3838 0.5293 0.0176 0.0366
0 0.6035 0.6391 0.0371 0.0659
0 0.6743 0.4619 0.0127 0.022
0 0.8867 0.5073 0.0254 0.0571
0 0.8667 0.5037 0.0107 0.0205
0 0.9175 0.4392 0.0088 0.0146
0 0.959 0.47 0.0137 0.0322
0 0.981 0.4685 0.0146 0.0264
0 0.9429 0.4246 0.0088 0.0117
0 0.9614 0.429 0.0068 0.0146
0 0.9312 0.5527 0.0303 0.0659
0 0.7427 0.5944 0.0498 0.0966
