0 0.0088 0.3695 0.0137 0.0411
0 0.0312 0.3724 0.0176 0.0235
0 0.0176 0.313 0.0098 0.0161
0 0.0444 0.3174 0.0127 0.022
0 0.0732 0.3431 0.0137 0.0235
0 0.1064 0.3629 0.0137 0.022
0 0.0698 0.2969 0.0107 0.0191
0 0.1089 0.2045 0.0127 0.0279
0 0.1323 0.1987 0.0068 0.0132
0 0.1523 0.2067 0.0098 0.0176
0 0.1694 0.2412 0.0088 0.0161
0 0.1694 0.2764 0.0088 0.0191
0 0.1323 0.3028 0.0107 0.0191
0 0.1235 0.3174 0.0107 0.0191
0 0.1294 0.3424 0.0127 0.0191
0 0.1523 0.3526 0.0234 0.0396
0 0.2173 0.3519 0.0264 0.0528
0 0.2163 0.2815 0.0107 0.0176
0 0.21 0.2192 0.0137 0.022
0 0.1978 0.1899 0.0088 0.0132
0 0.2881 0.2485 0.0078 0.0132
0 0.2939 0.2214 0.0078 0.0147
0 0.1958 0.335 0.0146 0.0279
0 0.2847 0.3328 0.0146 0.0264
0 0.353 0.3079 0.0264 0.0469
0 0.3965 0.2478 0.0078 0.0117
0 0.418 0.2977 0.0215 0.0381
0 0.418 0.3864 0.0254 0.0396
0 0.4624 0.3358 0.0107 0.0205
0 0.478 0.3262 0.0127 0.0279
0 0.5142 0.3248 0.0146 0.0279
0 0.5513 0.3658 0.0303 0.0513
0 0.5728 0.3196 0.0107 0.0264
0 0.5938 0.3519 0.0234 0.0411
0 0.5771 0.3636 0.0117 0.0264
0 0.6182 0.3262 0.0137 0.0308
0 0.5762 0.2507 0.0078 0.0147
0 0.5732 0.2676 0.0078 0.0103
0 0.6191 0.2617 0.0078 0.0132
0 0.6401 0.2581 0.0068 0.0147
0 0.6509 0.2383 0.0068 0.0132
0 0.6699 0.2779 0.0098 0.0191
0 0.6831 0.2771 0.0088 0.0176
0 0.6855 0.3174 0.0137 0.022
0 0.668 0.3277 0.0078 0.0191
0 0.6543 0.3226 0.0117 0.0176
0 0.666 0.3886 0.0156 0.0235
0 0.7065 0.3776 0.0186 0.0396
0 0.7363 0.3768 0.0156 0.0235
0 0.7578 0.3306 0.0137 0.0249
0 0.7798 0.3592 0.0186 0.0323
0 0.7974 0.327 0.0127 0.0235
0 0.8037 0.2625 0.0098 0.0176
0 0.7168 0.2786 0.0098 0.0176
0 0.6992 0.2551 0.0098 0.0176
0 0.6611 0.2617 0.0098 0.0161
0 0.7319 0.2559 0.0088 0.0161
0 0.7485 0.2375 0.0088 0.0147
0 0.7793 0.2207 0.0117 0.022
0 0.8281 0.2434 0.0098 0.0147
0 0.5146 0.2676 0.0078 0.0103
0 0.5493 0.2053 0.0088 0.0147
0 0.6128 0.2045 0.0068 0.0132
0 0.5562 0.2295 0.0068 0.0103
0 0.5405 0.2243 0.0068 0.0117
0 0.0356 0.1928 0.0088 0.0132
0 0.4941 0.2427 0.0078 0.0132
0 0.7236 0.1891 0.0078 0.0147
0 0.7485 0.2133 0.0068 0.0103
0 0.8418 0.2573 0.0078 0.0191
0 0.6997 0.313 0.0088 0.0191
0 0.9629 0.2683 0.0078 0.0176
0 0.9702 0.184 0.0068 0.0161
0 0.9736 0.1444 0.0039 0.0073
