0 0.2334 0.4854 0.0098 0.019
0 0.2085 0.5037 0.0068 0.0146
0 0.2002 0.4934 0.0059 0.0117
0 0.1807 0.4963 0.0059 0.0117
0 0.1714 0.4934 0.0068 0.0117
0 0.1572 0.4993 0.0059 0.0117
0 0.147 0.4941 0.0049 0.0102
0 0.1353 0.4971 0.0049 0.0102
0 0.126 0.4934 0.0059 0.0117
0 0.1162 0.4993 0.0059 0.0088
0 0.1025 0.5037 0.0059 0.0117
0 0.0913 0.4905 0.0049 0.0088
0 0.5732 0.4905 0.0137 0.0293
0 0.5874 0.4868 0.0127 0.022
0 0.604 0.4978 0.0088 0.0205
0 0.6128 0.4868 0.0107 0.022
0 0.625 0.4919 0.0137 0.0264
0 0.6494 0.4934 0.0156 0.0322
0 0.6689 0.4927 0.0098 0.0249
0 0.6924 0.4649 0.0176 0.0337
0 0.7197 0.5095 0.0156 0.0351
0 0.7495 0.478 0.0166 0.0366
0 0.8125 0.4517 0.0176 0.0425
0 0.8613 0.4597 0.0156 0.0439
0 0.9277 0.5132 0.0098 0.019
0 0.9478 0.5154 0.0107 0.0205
0 0.9844 0.5 0.0293 0.0952
0 0.0156 0.4985 0.0039 0.0102
0 0.0596 0.511 0.0039 0.0088
0 0.0815 0.5044 0.0049 0.0073
0 0.2563 0.4963 0.0049 0.0117
0 0.2822 0.4868 0.0117 0.019
0 0.2749 0.4927 0.0088 0.0161
0 0.2915 0.4934 0.0068 0.0146
0 0.3071 0.4919 0.0107 0.0205
0 0.3408 0.5 0.0098 0.019
0 0.3633 0.4868 0.0117 0.022
0 0.375 0.4758 0.0098 0.0176
0 0.3989 0.4766 0.0107 0.022
0 0.4116 0.4744 0.0127 0.0234
0 0.4282 0.4868 0.0107 0.022
0 0.4458 0.4846 0.0127 0.0264
0 0.4766 0.4729 0.0156 0.0293
0 0.4897 0.4766 0.0107 0.0249
0 0.5215 0.4802 0.0078 0.0205
0 0.5283 0.5022 0.0117 0.0234
0 0.5366 0.4839 0.0088 0.022
0 0.5562 0.4861 0.0088 0.0234
0 0.8218 0.5051 0.0107 0.0205
0 0.2251 0.489 0.0068 0.0117
0 0.248 0.5015 0.0059 0.0132
0 0.7617 0.5307 0.0098 0.022
