0 0.043 0.5632 0.0254 0.0448
0 0.042 0.6107 0.0254 0.0448
0 0.1025 0.5496 0.0195 0.0367
0 0.1152 0.6121 0.0195 0.0231
0 0.1191 0.6393 0.0176 0.0285
0 0.1318 0.748 0.0234 0.0394
0 0.1289 0.6882 0.0176 0.0258
0 0.1772 0.6345 0.0225 0.0435
0 0.2046 0.7452 0.0205 0.0367
0 0.2285 0.6923 0.0254 0.0394
0 0.1372 0.8777 0.0244 0.0299
0 0.2393 0.8655 0.0254 0.0353
0 0.3164 0.7086 0.0176 0.0312
0 0.3086 0.7711 0.0254 0.0448
0 0.3125 0.6073 0.0215 0.0272
0 0.314 0.6576 0.0205 0.0326
0 0.2173 0.5781 0.0205 0.0421
0 0.2822 0.553 0.0176 0.0299
0 0.3374 0.5448 0.0166 0.0272
0 0.1694 0.5639 0.0205 0.0326
0 0.0342 0.4565 0.0176 0.0299
0 0.0308 0.4056 0.0166 0.0285
0 0.0693 0.3662 0.0117 0.0231
0 0.084 0.4246 0.0156 0.0258
0 0.1069 0.4688 0.0225 0.038
0 0.1255 0.4389 0.0166 0.0326
0 0.2095 0.4796 0.0186 0.0272
0 0.1851 0.3886 0.0127 0.019
0 0.2207 0.4321 0.0137 0.0299
0 0.2695 0.5129 0.0176 0.0394
0 0.2876 0.4776 0.0166 0.0285
0 0.2314 0.4069 0.0137 0.0204
0 0.2798 0.3811 0.0127 0.0204
0 0.3198 0.3601 0.0127 0.0299
0 0.3086 0.305 0.0137 0.0258
0 0.1846 0.2996 0.0137 0.0177
0 0.1362 0.3125 0.0146 0.0272
0 0.0933 0.3451 0.0166 0.0272
0 0.0498 0.3003 0.0156 0.019
0 0.063 0.2853 0.0107 0.019
0 0.1353 0.233 0.0127 0.0177
0 0.2285 0.2201 0.0117 0.0163
0 0.2417 0.2052 0.0127 0.019
0 0.1685 0.2711 0.0127 0.0177
0 0.2632 0.1929 0.0107 0.0163
0 0.2471 0.178 0.0098 0.019
0 0.2969 0.2045 0.0117 0.0204
0 0.3579 0.2154 0.0107 0.0177
0 0.3677 0.2398 0.0107 0.0204
0 0.3691 0.4518 0.0137 0.0258
0 0.0757 0.1923 0.0107 0.0177
0 0.1069 0.2486 0.0127 0.0272
0 0.2007 0.3417 0.0146 0.0204
0 0.0386 0.3662 0.0186 0.0204
0 0.2163 0.2745 0.0146 0.0217
0 0.3999 0.2874 0.0127 0.0231
0 0.3433 0.4212 0.0146 0.0299
0 0.3848 0.3899 0.0137 0.0245
0 0.4023 0.3893 0.0117 0.0231
0 0.4238 0.4042 0.0117 0.0231
0 0.3882 0.4857 0.0166 0.0367
0 0.4106 0.517 0.0166 0.0258
0 0.3159 0.2351 0.0127 0.0245
0 0.4116 0.2418 0.0088 0.019
0 0.3965 0.2242 0.0098 0.0163
0 0.0947 0.1861 0.0117 0.019
0 0.1577 0.2099 0.0088 0.0177
0 0.1597 0.1379 0.0127 0.0177
0 0.4004 0.553 0.0234 0.0299
0 0.4238 0.6909 0.0234 0.0421
0 0.3867 0.7914 0.0254 0.0394
0 0.4785 0.8064 0.0254 0.0503
0 0.4756 0.8995 0.0293 0.0462
0 0.5376 0.858 0.0264 0.0394
0 0.6509 0.7724 0.0186 0.0312
0 0.5381 0.75 0.0234 0.0299
0 0.5728 0.7996 0.0283 0.0312
0 0.5205 0.6427 0.0234 0.0299
0 0.522 0.5747 0.0205 0.038
0 0.5728 0.5605 0.0186 0.0258
0 0.6016 0.6236 0.0234 0.0326
0 0.7041 0.6549 0.0176 0.0326
0 0.6567 0.5965 0.0166 0.0299
0 0.6948 0.8132 0.0225 0.034
0 0.6875 0.9144 0.0254 0.0408
0 0.4546 0.5938 0.0205 0.0299
0 0.4756 0.5503 0.0176 0.0326
0 0.5278 0.5245 0.0205 0.0272
0 0.5396 0.4783 0.0166 0.0272
0 0.5332 0.4443 0.0137 0.0217
0 0.4678 0.4878 0.0176 0.0272
0 0.4785 0.3662 0.0098 0.0177
0 0.5049 0.3539 0.0137 0.0231
0 0.5498 0.3865 0.0156 0.0231
0 0.5923 0.4103 0.0127 0.0272
0 0.6353 0.4796 0.0166 0.0272
0 0.6104 0.536 0.0156 0.0285
0 0.6445 0.5557 0.0195 0.0299
0 0.6646 0.4592 0.0146 0.0245
0 0.7217 0.5183 0.0137 0.0258
0 0.7144 0.4599 0.0146 0.0258
0 0.812 0.4823 0.0146 0.0272
0 0.6934 0.358 0.0137 0.0231
0 0.6221 0.337 0.0137 0.0217
0 0.5923 0.4518 0.0146 0.0258
0 0.8027 0.6474 0.0176 0.0285
0 0.5757 0.659 0.0205 0.0326
0 0.7251 0.3614 0.0107 0.0163
0 0.7407 0.4579 0.0127 0.019
0 0.4971 0.4878 0.0176 0.0272
0 0.5718 0.2568 0.0088 0.0163
0 0.647 0.2901 0.0088 0.0177
0 0.5942 0.2921 0.0107 0.0136
0 0.6831 0.3111 0.0088 0.019
0 0.751 0.358 0.0078 0.0177
0 0.4727 0.2154 0.0078 0.0122
0 0.4521 0.2615 0.0078 0.0149
0 0.5005 0.2527 0.0068 0.0109
0 0.7778 0.3023 0.0107 0.0177
0 0.7915 0.2697 0.0146 0.0177
0 0.8003 0.25 0.0107 0.019
0 0.8721 0.3261 0.0098 0.0163
0 0.8765 0.4015 0.0107 0.0149
0 0.8862 0.3567 0.0068 0.0149
0 0.8906 0.4327 0.0117 0.0204
0 0.9536 0.4423 0.0127 0.0204
0 0.9116 0.5428 0.0146 0.0258
0 0.9058 0.4939 0.0127 0.0231
0 0.8442 0.4579 0.0166 0.0272
0 0.7817 0.426 0.0107 0.0177
0 0.8457 0.3105 0.0098 0.0149
0 0.7612 0.9402 0.0264 0.0435
0 0.8462 0.9232 0.0244 0.0448
0 0.9023 0.8702 0.0273 0.034
0 0.9692 0.877 0.0303 0.0448
0 0.7856 0.875 0.0303 0.0462
0 0.8633 0.7086 0.0176 0.034
0 0.9678 0.6923 0.0195 0.0258
0 0.9839 0.7493 0.0205 0.034
0 0.8623 0.5754 0.0156 0.0285
0 0.8799 0.6332 0.0195 0.0272
0 0.8428 0.5971 0.0215 0.0258
0 0.6484 0.8424 0.0215 0.0462
0 0.7251 0.9497 0.0322 0.0516
0 0.0425 0.7418 0.0264 0.0489
0 0.7598 0.7412 0.0176 0.0367
0 0.8008 0.7575 0.0234 0.0394
0 0.8955 0.7446 0.0156 0.0245
0 0.1685 0.4198 0.0205 0.0299
0 0.3716 0.8967 0.0205 0.0353
0 0.8613 0.8091 0.0156 0.0285
0 0.605 0.9368 0.0264 0.0448
0 0.4731 0.7289 0.0146 0.0394
0 0.1548 0.1766 0.0166 0.0353
0 0.0195 0.1379 0.0156 0.0285
0 0.4648 0.322 0.0098 0.019
0 0.4771 0.2914 0.0107 0.0149
0 0.3994 0.3478 0.0098 0.019
0 0.5967 0.3207 0.0137 0.0272
0 0.6577 0.3662 0.0146 0.0231
0 0.0337 0.4932 0.0186 0.0353
0 0.7124 0.5931 0.0166 0.0285
0 0.7012 0.7133 0.0137 0.0245
0 0.647 0.6732 0.0127 0.034
0 0.6328 0.6753 0.0176 0.0299
0 0.5518 0.2364 0.0117 0.0217
0 0.6479 0.2208 0.0068 0.0149
0 0.9341 0.3838 0.0088 0.0204
0 0.8979 0.3003 0.0068 0.0136
0 0.9395 0.3173 0.0117 0.0231
0 0.9062 0.7228 0.0176 0.0299
0 0.2568 0.25 0.0156 0.0299
0 0.2944 0.2595 0.0146 0.0245
0 0.6841 0.2147 0.0088 0.0163
0 0.6909 0.2174 0.0088 0.0163
0 0.7607 0.6182 0.0156 0.0299
0 0.8301 0.5938 0.0156 0.0272
0 0.3843 0.4137 0.0127 0.0204
0 0.958 0.5238 0.0156 0.034
0 0.9727 0.4966 0.0098 0.0258
