0 0.0942 0.893 0.1885 0.2023
0 0.2085 0.61 0.0557 0.1114
0 0.2583 0.6532 0.0674 0.1422
0 0.1826 0.4692 0.0508 0.1056
0 0.2236 0.426 0.0273 0.0572
0 0.1421 0.4047 0.0225 0.0411
0 0.1333 0.4633 0.0342 0.0762
0 0.0811 0.4802 0.0312 0.063
0 0.0293 0.4516 0.0293 0.0499
0 0.4082 0.4956 0.043 0.0733
0 0.5391 0.5975 0.0488 0.0806
0 0.4678 0.4201 0.0332 0.0777
0 0.5444 0.4487 0.0303 0.0616
0 0.5264 0.4406 0.0293 0.0513
0 0.6333 0.3974 0.0283 0.0587
0 0.6772 0.5044 0.0615 0.132
0 0.7549 0.426 0.0312 0.063
0 0.8652 0.3636 0.0273 0.044
0 0.9072 0.3365 0.0234 0.0425
0 0.9351 0.3167 0.0225 0.044
0 0.6172 0.3343 0.0117 0.0264
0 0.6675 0.3248 0.0127 0.0279
0 0.7119 0.3336 0.0137 0.0279
0 0.7266 0.3123 0.0098 0.0205
0 0.7446 0.3057 0.0088 0.0161
0 0.7651 0.3035 0.0107 0.0235
0 0.7456 0.3482 0.0088 0.0191
0 0.8013 0.3123 0.0088 0.0117
0 0.791 0.2999 0.0078 0.0132
0 0.8354 0.3079 0.0068 0.0117
0 0.8735 0.3006 0.0107 0.0235
0 0.9551 0.2918 0.0117 0.0235
0 0.9805 0.294 0.0078 0.0161
