0 0.064 0.4197 0.0166 0.0428
0 0.1099 0.5064 0.0166 0.0407
0 0.1709 0.439 0.0176 0.0471
0 0.2012 0.3961 0.0137 0.0428
0 0.228 0.4208 0.0166 0.0535
0 0.2905 0.3822 0.0166 0.0535
0 0.3267 0.4358 0.0225 0.0578
0 0.3247 0.3758 0.0088 0.0236
0 0.252 0.3779 0.0059 0.015
0 0.2368 0.3565 0.0068 0.0193
0 0.355 0.379 0.0107 0.03
0 0.3916 0.3587 0.0117 0.0278
0 0.4229 0.4186 0.0234 0.0707
0 0.4805 0.3951 0.0176 0.0493
0 0.5283 0.3929 0.0195 0.0535
0 0.5508 0.3704 0.0098 0.0343
0 0.6094 0.4165 0.0195 0.0535
0 0.6494 0.3833 0.0098 0.0343
0 0.6284 0.3704 0.0107 0.0385
0 0.6646 0.4026 0.0127 0.0428
0 0.7227 0.4251 0.0176 0.0578
0 0.7368 0.4647 0.0186 0.0428
0 0.7358 0.3565 0.0107 0.0321
0 0.7061 0.3801 0.0137 0.0407
0 0.7422 0.3747 0.0098 0.0428
0 0.7852 0.4229 0.0176 0.0493
0 0.7773 0.3512 0.0078 0.0171
0 0.8286 0.4197 0.0146 0.0428
0 0.8608 0.3929 0.0146 0.045
0 0.8755 0.4925 0.0166 0.0428
0 0.917 0.4957 0.0215 0.0535
0 0.9136 0.3876 0.0166 0.0428
0 0.9395 0.3897 0.0117 0.0343
0 0.8491 0.5824 0.0166 0.0385
0 0.5791 0.1606 0.0195 0.0557
