0 0.1123 0.4738 0.0098 0.0146
0 0.1694 0.4599 0.0107 0.019
0 0.248 0.5335 0.0234 0.0466
0 0.2881 0.4563 0.0059 0.0117
0 0.2979 0.4599 0.0059 0.0131
0 0.3774 0.4978 0.0244 0.051
0 0.5225 0.5241 0.0215 0.0423
0 0.5791 0.5204 0.0293 0.0525
0 0.668 0.5525 0.0156 0.0262
0 0.6167 0.5459 0.0107 0.0219
0 0.7202 0.5292 0.0146 0.0233
0 0.7422 0.5292 0.0117 0.0204
0 0.7485 0.4628 0.0127 0.0219
0 0.73 0.4585 0.0127 0.019
0 0.6865 0.4825 0.0137 0.0204
0 0.6284 0.457 0.0107 0.0219
0 0.811 0.5517 0.0107 0.019
0 0.7783 0.4708 0.0117 0.0233
0 0.7656 0.4606 0.0117 0.0262
0 0.7578 0.4366 0.0078 0.019
0 0.7876 0.4388 0.0088 0.0146
0 0.8071 0.4424 0.0088 0.0131
0 0.814 0.4614 0.0107 0.0219
0 0.8447 0.4592 0.0137 0.0233
0 0.8647 0.4475 0.0049 0.0117
