0 0.0244 0.5832 0.0293 0.054
0 0.1548 0.6241 0.0186 0.0307
0 0.1802 0.6277 0.0166 0.0292
0 0.2153 0.6358 0.0186 0.0307
0 0.2773 0.6109 0.0215 0.0307
0 0.3579 0.6482 0.0127 0.0263
0 0.377 0.646 0.0156 0.0248
0 0.3979 0.6161 0.0127 0.0263
0 0.4434 0.6007 0.0137 0.0219
0 0.4995 0.6577 0.0146 0.0248
0 0.4497 0.6547 0.0107 0.0219
0 0.4849 0.6511 0.0107 0.0175
0 0.5146 0.6489 0.0098 0.019
0 0.606 0.6438 0.0068 0.0146
0 0.6133 0.6599 0.0117 0.0234
0 0.6348 0.6474 0.0137 0.0277
0 0.6616 0.6584 0.0166 0.0321
0 0.6865 0.6642 0.0098 0.0204
0 0.7305 0.6606 0.0195 0.0394
