0 0.4058 0.4146 0.0283 0.0526
0 0.312 0.4219 0.0264 0.0438
0 0.2725 0.427 0.0156 0.0248
0 0.2114 0.4438 0.0342 0.0672
0 0.1733 0.4453 0.0264 0.0438
0 0.1445 0.3839 0.0156 0.0234
0 0.0898 0.4146 0.0176 0.035
0 0.4678 0.3204 0.1914 0.3255
0 0.9038 0.4131 0.0166 0.0234
0 0.8691 0.4285 0.0234 0.0423
0 0.7661 0.4401 0.0205 0.0307
0 0.7231 0.4365 0.0244 0.035
0 0.6499 0.435 0.0225 0.035
0 0.769 0.5547 0.0303 0.0526
0 0.7212 0.5467 0.0303 0.0569
0 0.7803 0.4117 0.0098 0.0204
0 0.0107 0.4474 0.0234 0.0599
0 0.0767 0.4299 0.0088 0.019
