0 0.2363 0.2773 0.0332 0.0703
0 0.1807 0.4056 0.0391 0.1003
0 0.0166 0.168 0.0098 0.013
0 0.0249 0.1882 0.0088 0.0143
0 0.0576 0.1706 0.0098 0.0156
0 0.0581 0.1523 0.0107 0.0156
0 0.0723 0.1699 0.0098 0.0143
0 0.1011 0.1725 0.0088 0.0143
0 0.1182 0.1654 0.0078 0.013
0 0.1353 0.1842 0.0107 0.0169
0 0.1445 0.168 0.0098 0.0156
0 0.1812 0.1595 0.0088 0.0143
0 0.2109 0.1647 0.0098 0.0169
0 0.2212 0.209 0.0225 0.043
0 0.2339 0.1576 0.0107 0.026
0 0.2446 0.1641 0.0088 0.0182
0 0.2778 0.1836 0.0166 0.0312
0 0.3184 0.1536 0.0078 0.0104
0 0.3296 0.1745 0.0107 0.0182
0 0.3457 0.1992 0.0156 0.0312
0 0.3521 0.1471 0.0068 0.0104
0 0.3735 0.1628 0.0088 0.0156
0 0.4092 0.1478 0.0098 0.0169
0 0.396 0.1432 0.0068 0.0078
0 0.4111 0.2161 0.0156 0.0312
0 0.418 0.2057 0.0137 0.0286
0 0.4395 0.1842 0.0156 0.0221
0 0.4434 0.2467 0.0117 0.0352
0 0.4756 0.1634 0.0078 0.0117
0 0.4995 0.1901 0.0166 0.0208
0 0.5225 0.1536 0.0117 0.0156
0 0.5308 0.1589 0.0146 0.0312
0 0.5503 0.1914 0.0146 0.0312
0 0.5771 0.1445 0.0098 0.0208
0 0.5962 0.1673 0.0146 0.0247
0 0.603 0.2044 0.0127 0.0339
0 0.293 0.1569 0.0078 0.0117
0 0.4546 0.138 0.0068 0.0104
0 0.4473 0.1471 0.0059 0.0104
0 0.6396 0.1465 0.0098 0.0117
0 0.6328 0.1771 0.0137 0.0208
0 0.6782 0.1523 0.0127 0.0182
0 0.6963 0.1471 0.0098 0.0234
0 0.709 0.166 0.0137 0.0273
0 0.731 0.1855 0.0146 0.0247
0 0.749 0.1732 0.0117 0.0234
0 0.7344 0.1374 0.0098 0.0169
0 0.7559 0.1471 0.0078 0.013
0 0.7637 0.1576 0.0098 0.0156
0 0.7891 0.1777 0.0156 0.0299
0 0.8198 0.1641 0.0127 0.0208
0 0.835 0.1302 0.0098 0.013
0 0.7744 0.3724 0.0273 0.0599
0 0.9512 0.3678 0.0332 0.0768
0 0.9365 0.1895 0.0273 0.0404
0 0.9004 0.1582 0.0117 0.0169
0 0.7612 0.5221 0.0459 0.0885
0 0.874 0.5221 0.0547 0.1328
0 0.2852 0.64 0.043 0.1237
0 0.9814 0.2422 0.0137 0.0417
