0 0.0542 0.3503 0.0205 0.0365
0 0.0322 0.3385 0.0176 0.026
0 0.0073 0.3633 0.0088 0.0208
0 0.2568 0.3223 0.0273 0.043
0 0.3389 0.3379 0.0234 0.0404
0 0.3975 0.3665 0.0273 0.0482
0 0.4121 0.319 0.0234 0.0391
0 0.5054 0.3333 0.0205 0.0365
0 0.5073 0.3809 0.0244 0.0482
0 0.584 0.3398 0.0176 0.0391
0 0.5889 0.3646 0.0234 0.0417
0 0.6714 0.3177 0.0244 0.0365
0 0.6938 0.3815 0.0283 0.0469
0 0.7598 0.3659 0.0195 0.0521
0 0.7798 0.3711 0.0264 0.0599
0 0.8027 0.3646 0.0352 0.0573
0 0.9199 0.3301 0.0293 0.0352
0 0.9702 0.431 0.0576 0.1667
0 0.9507 0.3672 0.0225 0.0469
0 0.8164 0.4147 0.0391 0.0924
0 0.8555 0.4805 0.041 0.0781
