0 0.979 0.3443 0.0322 0.1293
0 0.8794 0.2955 0.0322 0.0897
0 0.8721 0.409 0.0293 0.1266
0 0.7544 0.2493 0.0303 0.0818
0 0.6538 0.2282 0.0303 0.0818
0 0.5781 0.2137 0.0234 0.0633
0 0.5688 0.1346 0.0146 0.0422
0 0.5122 0.1596 0.0205 0.0712
0 0.5186 0.4169 0.0254 0.153
0 0.3433 0.3456 0.0342 0.1478
0 0.4453 0.1689 0.0176 0.0528
0 0.397 0.1332 0.0166 0.0607
0 0.3525 0.1121 0.0176 0.0554
0 0.312 0.1148 0.0166 0.0501
0 0.2739 0.1174 0.0186 0.0501
0 0.2446 0.1174 0.0146 0.0449
0 0.2139 0.0871 0.0137 0.0422
0 0.2329 0.3087 0.0322 0.1319
0 0.2451 0.2929 0.0254 0.1055
0 0.1685 0.2256 0.0283 0.1029
0 0.146 0.0699 0.0146 0.0501
0 0.0957 0.0897 0.0156 0.0422
0 0.0562 0.1649 0.0225 0.0818
0 0.1304 0.223 0.0244 0.0818
0 0.1045 0.1953 0.0195 0.0739
0 0.0293 0.0844 0.0156 0.0475
