0 0.1777 0.351 0.0195 0.0264
0 0.1367 0.3921 0.0234 0.0352
0 0.125 0.3634 0.0156 0.0338
0 0.0845 0.3289 0.0186 0.0294
0 0.0967 0.4156 0.0215 0.0382
0 0.0728 0.4361 0.0264 0.047
0 0.0591 0.3612 0.0186 0.0382
0 0.0361 0.3164 0.0215 0.0308
0 0.0264 0.3862 0.0215 0.0382
0 0.0088 0.3884 0.0176 0.0396
0 0.2402 0.5352 0.043 0.0778
0 0.3252 0.3348 0.0176 0.0382
0 0.3198 0.3216 0.0146 0.0206
0 0.3623 0.362 0.0195 0.0426
0 0.3887 0.3634 0.0234 0.0455
0 0.3979 0.3142 0.0186 0.0323
0 0.4199 0.3465 0.0195 0.0411
0 0.0122 0.6233 0.0225 0.0602
0 0.1904 0.6358 0.0156 0.0558
0 0.4043 0.558 0.0176 0.0499
0 0.4766 0.3399 0.0254 0.0514
0 0.46 0.3377 0.0176 0.0352
0 0.4409 0.2783 0.0166 0.0338
0 0.5283 0.2606 0.0176 0.0308
0 0.543 0.3084 0.0195 0.0352
0 0.5088 0.3473 0.0293 0.0485
0 0.5796 0.3546 0.0225 0.0426
0 0.6543 0.3811 0.0254 0.0426
0 0.6729 0.3576 0.0215 0.0485
0 0.7842 0.3253 0.0176 0.0455
0 0.832 0.3348 0.0215 0.0411
0 0.8921 0.3414 0.0264 0.0485
0 0.9761 0.3789 0.0264 0.0441
0 0.9106 0.3231 0.0186 0.0441
0 0.5884 0.5507 0.0322 0.0646
0 0.6748 0.4339 0.0215 0.0543
0 0.5249 0.5396 0.0186 0.0543
0 0.9868 0.42 0.0205 0.0822
0 0.7153 0.0991 0.04 0.0631
0 0.3945 0.862 0.0254 0.0881
0 0.252 0.4156 0.0215 0.0499
0 0.3203 0.3979 0.0254 0.0558
0 0.2925 0.3164 0.0205 0.0338
0 0.2505 0.3392 0.0205 0.0323
0 0.2271 0.3605 0.0205 0.0396
0 0.2119 0.3253 0.0195 0.0279
0 0.189 0.3928 0.0225 0.0308
