0 0.9736 0.3694 0.0293 0.0449
0 0.8359 0.2388 0.0332 0.0501
0 0.8887 0.376 0.0312 0.0449
0 0.813 0.4466 0.0303 0.0435
0 0.7422 0.3892 0.0312 0.0475
0 0.7144 0.3179 0.0264 0.0369
0 0.8496 0.6121 0.0371 0.0528
0 0.7715 0.6445 0.0391 0.0594
0 0.6123 0.2507 0.0293 0.0475
0 0.5923 0.3476 0.0322 0.0488
0 0.5552 0.3951 0.0361 0.0646
0 0.4961 0.2137 0.0352 0.0607
0 0.3716 0.3661 0.04 0.0594
0 0.2256 0.2441 0.0234 0.0449
0 0.3271 0.2493 0.0234 0.0449
0 0.1011 0.2051 0.04 0.0673
0 0.4473 0.6168 0.0352 0.062
0 0.2847 0.6715 0.0439 0.066
0 0.188 0.4202 0.0225 0.033
0 0.1719 0.3674 0.0273 0.0435
0 0.042 0.3648 0.0469 0.0726
