0 0.1069 0.5529 0.0361 0.0599
0 0.1611 0.389 0.0312 0.0561
0 0.2598 0.4401 0.0215 0.0383
0 0.2822 0.3202 0.0195 0.0357
0 0.3838 0.3272 0.0195 0.0344
0 0.3784 0.4872 0.0303 0.051
0 0.2686 0.4936 0.0195 0.0255
0 0.4927 0.3635 0.0283 0.051
0 0.5098 0.5287 0.0293 0.0523
0 0.585 0.4496 0.0234 0.0344
0 0.6392 0.3629 0.0244 0.0395
0 0.7354 0.4011 0.0215 0.0344
0 0.7314 0.4777 0.0234 0.0421
0 0.8257 0.3635 0.0303 0.0485
0 0.7646 0.5625 0.0254 0.0434
0 0.8433 0.4968 0.0264 0.0497
0 0.9375 0.5019 0.0293 0.0421
0 0.2544 0.7679 0.0303 0.051
0 0.4443 0.7372 0.0312 0.051
0 0.6606 0.7685 0.0283 0.0497
0 0.7368 0.729 0.0264 0.0446
0 0.1885 0.0204 0.0176 0.0281
0 0.7285 0.0548 0.0137 0.0255
