0 0.9395 0.4492 0.0469 0.0714
0 0.8193 0.487 0.0371 0.0646
0 0.7529 0.4519 0.0312 0.0632
0 0.7188 0.3935 0.0352 0.0591
0 0.665 0.3784 0.0391 0.0618
0 0.6841 0.5659 0.0381 0.0714
0 0.77 0.6449 0.0459 0.0701
0 0.6313 0.4883 0.0342 0.0563
0 0.5366 0.4966 0.0654 0.1058
0 0.9604 0.7363 0.0479 0.0769
0 0.7139 0.7294 0.0469 0.0824
0 0.9194 0.081 0.0283 0.0467
0 0.7896 0.0769 0.0264 0.0385
0 0.6519 0.0735 0.0264 0.0426
0 0.4453 0.5268 0.0488 0.0783
0 0.3789 0.4705 0.0371 0.0701
0 0.3286 0.4931 0.0244 0.044
0 0.3086 0.4423 0.0332 0.0577
0 0.2705 0.4265 0.0371 0.0618
0 0.1997 0.4602 0.042 0.0659
0 0.2744 0.6477 0.0391 0.0673
0 0.3398 0.6456 0.041 0.0687
0 0.1743 0.7589 0.0459 0.0728
0 0.2217 0.8098 0.0371 0.0508
0 0.0781 0.7335 0.0449 0.0769
0 0.0645 0.4691 0.041 0.0618
0 0.1348 0.454 0.0371 0.0646
