0 0.8687 0.5099 0.0264 0.0396
0 0.8066 0.5025 0.0234 0.0371
0 0.8457 0.6071 0.0254 0.0433
0 0.791 0.5848 0.0273 0.0359
0 0.7456 0.5798 0.0225 0.0408
0 0.6694 0.6027 0.0264 0.0446
0 0.7227 0.5031 0.0254 0.0408
0 0.6689 0.5031 0.0273 0.0408
0 0.8408 0.4134 0.0215 0.0347
0 0.7773 0.422 0.0254 0.0371
0 0.7202 0.4325 0.0244 0.0359
0 0.6504 0.4233 0.0234 0.0347
0 0.5947 0.4548 0.0254 0.0384
0 0.5923 0.3707 0.0264 0.0408
0 0.7446 0.3812 0.0205 0.0371
0 0.7764 0.3472 0.0176 0.0334
0 0.8286 0.3465 0.0186 0.0322
0 0.6108 0.5303 0.0264 0.0359
0 0.5894 0.6176 0.0264 0.0371
0 0.5254 0.4375 0.0234 0.0334
0 0.5176 0.5173 0.0234 0.0396
0 0.5127 0.6046 0.0254 0.0408
0 0.4258 0.6052 0.0293 0.0421
0 0.4297 0.5093 0.0215 0.0359
0 0.4565 0.4109 0.0244 0.0396
0 0.4224 0.3886 0.0205 0.0322
0 0.3926 0.3719 0.0215 0.0309
0 0.3618 0.4196 0.0225 0.0396
0 0.3545 0.5105 0.0234 0.0384
0 0.2964 0.5006 0.0225 0.0384
0 0.2949 0.4158 0.0234 0.0396
0 0.2363 0.3868 0.0215 0.0384
0 0.1919 0.3818 0.0225 0.0384
0 0.1851 0.4709 0.0225 0.0334
0 0.2402 0.461 0.0254 0.0384
0 0.2178 0.599 0.0234 0.0322
0 0.2715 0.604 0.0254 0.0347
0 0.3291 0.612 0.0254 0.0384
0 0.1704 0.5749 0.0205 0.0309
0 0.1182 0.5043 0.0215 0.0359
0 0.1323 0.4394 0.0225 0.0322
0 0.1206 0.5743 0.0205 0.0322
0 0.2349 0.2958 0.0088 0.0149
0 0.1177 0.1856 0.0107 0.0149
0 0.0767 0.1974 0.0068 0.0111
0 0.3765 0.3113 0.0088 0.0111
0 0.5059 0.2407 0.0078 0.0111
0 0.1787 0.3032 0.0098 0.0149
0 0.6699 0.3824 0.0234 0.0347
