0 0.9932 0.1452 0.0117 0.0352
0 0.9238 0.1849 0.0234 0.0365
0 0.9321 0.1413 0.0186 0.0247
0 0.8643 0.1322 0.0234 0.0273
0 0.8677 0.1908 0.0186 0.0273
0 0.79 0.1725 0.0195 0.0273
0 0.7583 0.1094 0.0146 0.0234
0 0.7603 0.1647 0.0186 0.0299
0 0.7969 0.2793 0.0195 0.0299
0 0.8369 0.3327 0.0234 0.0326
0 0.938 0.3516 0.042 0.0495
0 0.6899 0.1667 0.0205 0.0365
0 0.6826 0.1237 0.0195 0.0234
0 0.6362 0.0938 0.0146 0.0234
0 0.6113 0.0957 0.0156 0.0195
0 0.6152 0.1628 0.0234 0.0391
0 0.5664 0.1797 0.0195 0.0312
0 0.5444 0.1159 0.0225 0.0234
0 0.6948 0.3125 0.0264 0.0443
0 0.6284 0.3743 0.0264 0.0221
0 0.481 0.1243 0.0166 0.0299
0 0.4272 0.1211 0.0283 0.0365
0 0.3286 0.1243 0.0283 0.0352
0 0.4434 0.2311 0.0293 0.0404
0 0.5112 0.2624 0.0264 0.0299
0 0.5112 0.194 0.0264 0.0391
0 0.2529 0.1504 0.0312 0.0352
0 0.1641 0.1784 0.0332 0.0391
0 0.2642 0.2812 0.0361 0.0417
0 0.0615 0.1849 0.0332 0.0339
0 0.0215 0.2689 0.041 0.0508
0 0.5654 0.3893 0.0293 0.0417
0 0.3208 0.5449 0.0439 0.0872
0 0.1465 0.4967 0.0371 0.0586
0 0.7808 0.7122 0.0439 0.0651
0 0.7178 0.4707 0.0254 0.0378
0 0.4165 0.4883 0.0322 0.0677
0 0.4561 0.4564 0.0312 0.0326
0 0.3467 0.3965 0.0293 0.0482
