0 0.8848 0.6224 0.0527 0.0547
0 0.6396 0.5723 0.0195 0.0352
0 0.5762 0.6354 0.0254 0.0443
0 0.4868 0.5469 0.0107 0.0156
0 0.0283 0.498 0.0117 0.0195
0 0.2397 0.5625 0.0107 0.0234
0 0.2471 0.5397 0.0098 0.0169
0 0.2446 0.502 0.0107 0.0195
0 0.3965 0.5599 0.0156 0.0312
0 0.3398 0.5697 0.0156 0.0299
0 0.2778 0.556 0.0107 0.0234
0 0.4165 0.5579 0.0127 0.0247
0 0.3755 0.5547 0.0127 0.0208
0 0.3198 0.541 0.0127 0.0195
0 0.3325 0.5358 0.0088 0.0195
0 0.2822 0.5326 0.0078 0.0156
0 0.3057 0.5352 0.0059 0.013
0 0.4678 0.5117 0.0059 0.013
0 0.4155 0.5033 0.0049 0.0091
0 0.6353 0.5013 0.0068 0.013
0 0.6523 0.5059 0.0059 0.0117
0 0.1797 0.5286 0.0059 0.0104
