0 0.0459 0.4647 0.0215 0.0557
0 0.0601 0.4647 0.0166 0.06
0 0.1064 0.4615 0.0195 0.0578
0 0.1382 0.5054 0.0205 0.0514
0 0.1729 0.4422 0.0176 0.0493
0 0.2046 0.4807 0.0205 0.0578
0 0.2529 0.4079 0.0137 0.045
0 0.2681 0.4454 0.0186 0.0428
0 0.2905 0.4454 0.0146 0.0514
0 0.3018 0.4133 0.0137 0.0428
0 0.3447 0.4647 0.0176 0.0557
0 0.3477 0.4004 0.0156 0.0471
0 0.3599 0.4443 0.0166 0.0535
0 0.3818 0.4325 0.0156 0.0428
0 0.4028 0.4764 0.0166 0.0535
0 0.4263 0.4797 0.0186 0.0471
0 0.4307 0.4443 0.0156 0.045
0 0.4468 0.4358 0.0127 0.0364
0 0.4614 0.4968 0.0186 0.0557
0 0.4722 0.4454 0.0146 0.0428
0 0.4878 0.4647 0.0166 0.0514
0 0.5024 0.4154 0.0146 0.0471
0 0.5254 0.4486 0.0156 0.045
0 0.5142 0.5096 0.0166 0.0514
0 0.5439 0.4722 0.0176 0.0535
0 0.5571 0.5278 0.0166 0.0493
0 0.5713 0.4251 0.0156 0.0407
0 0.5996 0.4647 0.0156 0.0514
0 0.6187 0.4325 0.0146 0.0428
0 0.6382 0.469 0.0166 0.0557
0 0.6548 0.4561 0.0146 0.0471
0 0.6846 0.5107 0.0137 0.045
0 0.6831 0.4186 0.0146 0.045
0 0.7241 0.4582 0.0166 0.0514
0 0.7339 0.4015 0.0146 0.0407
0 0.7437 0.4518 0.0146 0.0428
0 0.7715 0.4764 0.0156 0.0493
0 0.8066 0.4315 0.0156 0.045
0 0.8071 0.4904 0.0146 0.0428
0 0.8682 0.4315 0.0156 0.0407
0 0.877 0.4925 0.0156 0.0385
0 0.9253 0.4358 0.0166 0.0493
0 0.9595 0.4979 0.0166 0.0407
