0 0.0957 0.1399 0.0508 0.1105
0 0.1431 0.1623 0.04 0.0898
0 0.208 0.2401 0.0371 0.0933
0 0.2402 0.2038 0.0352 0.0829
0 0.2935 0.2686 0.0342 0.0812
0 0.3687 0.2168 0.042 0.1019
0 0.3125 0.1632 0.0371 0.0777
0 0.4028 0.1269 0.0381 0.0846
0 0.543 0.1408 0.0449 0.095
0 0.5264 0.196 0.0371 0.0777
0 0.4717 0.1425 0.0332 0.0812
0 0.6426 0.1347 0.0469 0.1071
0 0.6997 0.1641 0.0342 0.0794
0 0.7368 0.1598 0.042 0.0984
0 0.6958 0.2936 0.0439 0.1071
0 0.7593 0.3143 0.0518 0.1174
0 0.8223 0.2107 0.0488 0.114
0 0.9087 0.1831 0.0439 0.0933
0 0.8906 0.3135 0.0547 0.1226
