0 0.1152 0.459 0.0117 0.0195
0 0.1318 0.4668 0.0117 0.0195
0 0.1401 0.4512 0.0088 0.0143
0 0.1504 0.4395 0.0098 0.0143
0 0.165 0.4355 0.0098 0.0143
0 0.1606 0.4596 0.0107 0.0182
0 0.1719 0.4564 0.0098 0.0169
0 0.1831 0.4388 0.0127 0.0182
0 0.188 0.4212 0.0107 0.0143
0 0.2031 0.4219 0.0098 0.013
0 0.2144 0.4095 0.0088 0.0143
0 0.2324 0.4089 0.0098 0.013
0 0.23 0.3301 0.0068 0.0117
0 0.2544 0.4069 0.0068 0.0117
0 0.2583 0.4232 0.0088 0.013
0 0.251 0.4388 0.0098 0.0182
0 0.2227 0.4336 0.0098 0.0104
0 0.2031 0.4447 0.0098 0.0143
0 0.2114 0.4557 0.0107 0.0182
0 0.2246 0.4551 0.0098 0.0143
0 0.2437 0.4629 0.0088 0.0169
0 0.2563 0.4551 0.0107 0.0169
0 0.2705 0.4766 0.0098 0.013
0 0.2866 0.4935 0.0107 0.013
0 0.2871 0.4753 0.0098 0.0156
0 0.272 0.4622 0.0088 0.013
0 0.2866 0.4505 0.0088 0.013
0 0.2793 0.4303 0.0098 0.0169
0 0.2983 0.4212 0.0088 0.0143
0 0.292 0.4238 0.0059 0.0117
0 0.2827 0.4121 0.0088 0.0091
0 0.2861 0.3867 0.0098 0.013
0 0.2866 0.3691 0.0088 0.0117
0 0.3047 0.3783 0.0078 0.0143
0 0.2954 0.3861 0.0068 0.0117
0 0.3062 0.4134 0.0068 0.0117
0 0.3022 0.403 0.0068 0.0117
0 0.3184 0.388 0.0078 0.0078
0 0.3276 0.3919 0.0049 0.0078
0 0.3223 0.3757 0.0078 0.0091
0 0.3252 0.3691 0.0078 0.0117
0 0.334 0.4095 0.0098 0.0169
0 0.3418 0.4082 0.0078 0.0143
0 0.3364 0.4023 0.0068 0.013
0 0.3481 0.39 0.0068 0.0117
0 0.3569 0.3822 0.0068 0.0117
0 0.3618 0.4004 0.0088 0.0143
0 0.3701 0.3952 0.0078 0.0169
0 0.3794 0.3958 0.0068 0.013
0 0.376 0.3776 0.0059 0.0104
0 0.375 0.3594 0.0078 0.0104
0 0.3628 0.3574 0.0068 0.0117
0 0.3496 0.3659 0.0078 0.013
0 0.1914 0.4701 0.0117 0.0182
0 0.1948 0.4577 0.0088 0.0117
0 0.1768 0.4811 0.0117 0.0169
0 0.1558 0.4798 0.0088 0.0143
0 0.144 0.4824 0.0107 0.0169
0 0.1094 0.4837 0.0137 0.0169
0 0.0815 0.4759 0.0107 0.0169
0 0.064 0.4961 0.0146 0.0208
0 0.0513 0.5202 0.0107 0.0195
0 0.0562 0.556 0.0146 0.0234
0 0.0737 0.5352 0.0146 0.0182
0 0.1006 0.6361 0.0137 0.0221
0 0.0972 0.6686 0.0166 0.0221
0 0.1558 0.6406 0.0166 0.0208
0 0.2026 0.6439 0.0146 0.0195
0 0.2734 0.6178 0.0117 0.0143
0 0.2993 0.5866 0.0146 0.0273
0 0.3525 0.5671 0.0098 0.0195
0 0.4019 0.5553 0.0107 0.0221
0 0.4365 0.5566 0.0117 0.0221
0 0.4785 0.5254 0.0098 0.0143
0 0.124 0.5039 0.0156 0.0234
0 0.1362 0.5345 0.0127 0.0221
0 0.1606 0.5065 0.0127 0.0182
0 0.1826 0.5488 0.0137 0.0143
0 0.1919 0.5299 0.0127 0.013
0 0.2188 0.5365 0.0137 0.0182
0 0.2217 0.5065 0.0117 0.0156
0 0.2251 0.4824 0.0107 0.0143
0 0.2461 0.4935 0.0098 0.0208
0 0.2744 0.5299 0.0137 0.0182
0 0.3179 0.5072 0.0127 0.0195
0 0.3105 0.4792 0.0098 0.013
0 0.3052 0.459 0.0088 0.0117
0 0.3145 0.4395 0.0098 0.0143
0 0.3247 0.4473 0.0088 0.0169
0 0.3354 0.4453 0.0088 0.013
0 0.3403 0.4342 0.0088 0.0117
0 0.3535 0.4499 0.0098 0.0143
0 0.3633 0.4727 0.0098 0.0156
0 0.3433 0.487 0.0107 0.0208
0 0.3901 0.4779 0.0088 0.0156
0 0.4082 0.4857 0.0098 0.0182
0 0.4292 0.4746 0.0107 0.0143
0 0.46 0.4688 0.0098 0.0182
0 0.4673 0.4538 0.0088 0.0143
0 0.4702 0.4434 0.0068 0.0117
0 0.4541 0.4473 0.0078 0.0143
0 0.4458 0.457 0.0107 0.013
0 0.4468 0.4362 0.0088 0.013
0 0.4268 0.4414 0.0098 0.013
0 0.4116 0.4368 0.0088 0.0143
0 0.4019 0.4492 0.0068 0.0156
0 0.3906 0.4453 0.0078 0.013
0 0.3794 0.4544 0.0088 0.013
0 0.3687 0.446 0.0068 0.0143
0 0.3735 0.4342 0.0068 0.0117
0 0.3604 0.4173 0.0078 0.0143
0 0.3867 0.4219 0.0078 0.013
0 0.4058 0.4264 0.0088 0.0117
0 0.3901 0.4102 0.0088 0.013
0 0.4009 0.3939 0.0068 0.0143
0 0.4126 0.4128 0.0068 0.0156
0 0.4229 0.4069 0.0078 0.0117
0 0.4414 0.4134 0.0098 0.0143
0 0.4458 0.3926 0.0088 0.0117
0 0.4365 0.3926 0.0059 0.0117
0 0.4302 0.3952 0.0068 0.0117
0 0.418 0.3828 0.0078 0.0104
0 0.3994 0.3757 0.0059 0.0091
0 0.3872 0.3757 0.0068 0.0117
0 0.3853 0.3561 0.0068 0.0117
0 0.3872 0.3405 0.0049 0.0091
0 0.3809 0.332 0.0059 0.0104
0 0.4702 0.3991 0.0088 0.0143
0 0.48 0.3958 0.0068 0.013
0 0.5024 0.4388 0.0088 0.0156
0 0.4932 0.4466 0.0078 0.013
0 0.5195 0.4629 0.0098 0.0117
0 0.5239 0.502 0.0088 0.0117
0 0.5405 0.4512 0.0068 0.0091
0 0.5625 0.4564 0.0078 0.0169
0 0.5308 0.4342 0.0088 0.0143
0 0.5142 0.4186 0.0068 0.0117
0 0.5239 0.4186 0.0068 0.0117
0 0.4971 0.4245 0.0059 0.0078
0 0.499 0.4089 0.0059 0.0104
0 0.502 0.4004 0.0078 0.0117
0 0.5171 0.3997 0.0068 0.013
0 0.5112 0.3997 0.0068 0.0104
0 0.5405 0.418 0.0088 0.013
0 0.5552 0.4362 0.0068 0.0156
0 0.5649 0.429 0.0068 0.0143
0 0.5757 0.4368 0.0068 0.0143
0 0.561 0.4121 0.0088 0.0117
0 0.5537 0.4036 0.0059 0.013
0 0.5581 0.3932 0.0068 0.013
0 0.5444 0.3926 0.0068 0.0117
0 0.5288 0.3861 0.0068 0.0117
0 0.4009 0.3229 0.0049 0.0078
0 0.396 0.3392 0.0029 0.0065
0 0.3916 0.3535 0.0039 0.0091
0 0.4028 0.334 0.0049 0.0091
0 0.4336 0.3359 0.0039 0.0078
0 0.4307 0.3457 0.0039 0.0065
0 0.4253 0.3548 0.0049 0.0091
0 0.4185 0.3542 0.0049 0.0078
0 0.4199 0.3685 0.0059 0.0104
0 0.4023 0.3626 0.0059 0.0091
0 0.4346 0.3672 0.0059 0.0104
0 0.439 0.3652 0.0049 0.0091
0 0.4453 0.3665 0.0059 0.0091
0 0.4468 0.3529 0.0049 0.0078
0 0.4473 0.3411 0.0039 0.0078
0 0.4531 0.3366 0.0059 0.0091
0 0.46 0.3431 0.0059 0.0091
0 0.4746 0.3333 0.0059 0.0104
0 0.4863 0.3327 0.0059 0.0091
0 0.4946 0.3333 0.0049 0.0078
0 0.4951 0.3516 0.0059 0.0078
0 0.4868 0.3561 0.0049 0.0091
0 0.478 0.3594 0.0049 0.0078
0 0.4707 0.3633 0.0059 0.0104
0 0.4731 0.347 0.0049 0.0091
0 0.4561 0.3581 0.0059 0.0078
0 0.4634 0.3594 0.0068 0.0104
0 0.459 0.3828 0.0078 0.0104
0 0.4575 0.3997 0.0088 0.0104
0 0.4854 0.3835 0.0059 0.0091
0 0.4937 0.3796 0.0049 0.0091
0 0.501 0.3796 0.0078 0.0117
0 0.5044 0.3665 0.0068 0.0091
0 0.4912 0.3691 0.0059 0.0117
0 0.4819 0.3724 0.0049 0.0078
0 0.5122 0.3529 0.0068 0.0104
0 0.5054 0.3503 0.0068 0.0104
0 0.5093 0.3346 0.0049 0.0078
0 0.5171 0.3288 0.0068 0.0117
0 0.5278 0.3385 0.0068 0.0104
0 0.5225 0.3451 0.0059 0.0078
0 0.5327 0.3542 0.0049 0.0078
0 0.5425 0.349 0.0049 0.0078
0 0.5493 0.3346 0.0068 0.0104
0 0.5371 0.3366 0.0059 0.0091
0 0.5327 0.3763 0.0068 0.0104
0 0.541 0.3724 0.0059 0.0104
0 0.5479 0.3789 0.0059 0.0104
0 0.5332 0.3672 0.0059 0.0078
0 0.5244 0.3665 0.0059 0.0091
0 0.5171 0.3691 0.0068 0.0117
0 0.5581 0.3724 0.0068 0.0104
0 0.5649 0.3757 0.0068 0.0117
0 0.5498 0.3548 0.0059 0.0117
0 0.5625 0.349 0.0059 0.0104
0 0.5693 0.3346 0.0059 0.0104
0 0.5747 0.3327 0.0049 0.0091
0 0.5884 0.332 0.0049 0.0078
0 0.5874 0.3477 0.0049 0.0104
0 0.5723 0.3574 0.0059 0.0091
0 0.5742 0.3457 0.0059 0.0091
0 0.584 0.362 0.0059 0.0104
0 0.5908 0.3587 0.0059 0.0091
0 0.5962 0.3685 0.0068 0.0104
0 0.583 0.3763 0.0078 0.0104
0 0.5742 0.3887 0.0059 0.0091
0 0.5791 0.3991 0.0078 0.0117
0 0.5933 0.3913 0.0068 0.0091
0 0.6089 0.3945 0.0068 0.013
0 0.6196 0.3958 0.0068 0.013
0 0.6089 0.3802 0.0068 0.0104
0 0.6152 0.3711 0.0059 0.0104
0 0.624 0.3678 0.0059 0.0117
0 0.6313 0.3835 0.0068 0.0117
0 0.6328 0.3737 0.0059 0.0104
0 0.6411 0.3854 0.0068 0.0104
0 0.6479 0.3763 0.0068 0.013
0 0.644 0.3568 0.0049 0.0104
0 0.623 0.3548 0.0059 0.0091
0 0.6167 0.36 0.0049 0.0091
0 0.6035 0.3594 0.0059 0.0104
0 0.6079 0.3568 0.0049 0.0104
0 0.5981 0.3542 0.0068 0.0104
0 0.604 0.3333 0.0049 0.0104
0 0.6201 0.3307 0.0059 0.0078
0 0.6357 0.3457 0.0059 0.0117
0 0.6475 0.3359 0.0059 0.0104
0 0.6548 0.3503 0.0068 0.0104
0 0.665 0.3828 0.0059 0.013
0 0.665 0.3424 0.0059 0.0104
0 0.6689 0.3555 0.0059 0.0104
0 0.6274 0.4102 0.0068 0.0078
0 0.6455 0.4147 0.0098 0.0117
0 0.6479 0.3971 0.0068 0.0104
0 0.5981 0.4121 0.0088 0.0117
0 0.5869 0.4141 0.0078 0.0104
0 0.6118 0.4264 0.0088 0.0091
0 0.5894 0.4401 0.0088 0.0104
0 0.6089 0.4499 0.0088 0.0117
0 0.6191 0.4505 0.0098 0.013
0 0.6401 0.4473 0.0088 0.0143
0 0.6514 0.4609 0.0098 0.0182
0 0.6567 0.446 0.0088 0.0117
0 0.7031 0.4049 0.0078 0.013
0 0.6914 0.4206 0.0059 0.013
0 0.6831 0.4251 0.0088 0.0169
0 0.6714 0.4069 0.0088 0.0169
0 0.6719 0.3932 0.0078 0.0104
0 0.6719 0.3789 0.0059 0.0104
0 0.6743 0.3672 0.0049 0.0078
0 0.6509 0.3652 0.0049 0.0065
0 0.6416 0.3724 0.0059 0.0104
0 0.6602 0.3672 0.0059 0.0078
0 0.6836 0.3698 0.0078 0.013
0 0.687 0.3587 0.0068 0.0091
0 0.6943 0.3522 0.0059 0.0091
0 0.6875 0.3457 0.0059 0.0065
0 0.6885 0.3379 0.0059 0.0091
0 0.6768 0.3457 0.0059 0.0091
0 0.7041 0.3464 0.0059 0.0104
0 0.71 0.3568 0.0059 0.0078
0 0.7134 0.3431 0.0049 0.0065
0 0.7241 0.3424 0.0068 0.0104
0 0.71 0.3685 0.0078 0.0104
0 0.6982 0.3659 0.0059 0.0104
0 0.6978 0.3841 0.0068 0.013
0 0.7061 0.3796 0.0059 0.0117
0 0.7183 0.3776 0.0068 0.0104
0 0.7222 0.3665 0.0068 0.0117
0 0.7285 0.39 0.0059 0.0117
0 0.7202 0.3984 0.0068 0.0104
0 0.7095 0.3906 0.0068 0.0104
0 0.7373 0.3952 0.0078 0.0117
0 0.7456 0.4049 0.0068 0.0104
0 0.7261 0.4049 0.0088 0.0104
0 0.7344 0.4193 0.0078 0.013
0 0.7573 0.3958 0.0088 0.013
0 0.7637 0.3848 0.0059 0.0117
0 0.7534 0.3763 0.0068 0.0104
0 0.7402 0.3763 0.0078 0.0104
0 0.7314 0.36 0.0059 0.0091
0 0.7368 0.3548 0.0068 0.0117
0 0.7485 0.3633 0.0068 0.0104
0 0.75 0.3509 0.0059 0.0065
0 0.7593 0.3646 0.0068 0.0104
0 0.769 0.3711 0.0068 0.0104
0 0.7705 0.3555 0.0059 0.0078
0 0.7788 0.3535 0.0068 0.0117
0 0.7871 0.3594 0.0059 0.0104
0 0.7744 0.3867 0.0059 0.013
0 0.7793 0.4056 0.0078 0.0117
0 0.7866 0.4017 0.0068 0.0117
0 0.7939 0.4121 0.0078 0.0117
0 0.8047 0.4193 0.0078 0.013
0 0.8071 0.4004 0.0068 0.0117
0 0.8086 0.3809 0.0078 0.0143
0 0.7998 0.3757 0.0059 0.0117
0 0.8057 0.3659 0.0078 0.0104
0 0.8188 0.3568 0.0068 0.0104
0 0.8311 0.3672 0.0078 0.0104
0 0.8467 0.373 0.0078 0.0117
0 0.8203 0.3776 0.0059 0.0104
0 0.8286 0.3848 0.0068 0.0117
0 0.8262 0.3971 0.0078 0.0104
0 0.8374 0.3971 0.0088 0.0104
0 0.8203 0.4147 0.0078 0.0117
0 0.8169 0.4303 0.0088 0.0117
0 0.8423 0.4355 0.0088 0.0117
0 0.8369 0.4219 0.0078 0.0104
0 0.8452 0.4108 0.0088 0.0117
0 0.8638 0.3815 0.0068 0.0104
0 0.8789 0.3594 0.0059 0.0104
0 0.8784 0.3978 0.0049 0.0091
0 0.8818 0.3978 0.0039 0.0091
0 0.8701 0.3978 0.0078 0.0091
0 0.8584 0.3978 0.0078 0.0091
0 0.8604 0.4102 0.0078 0.0078
0 0.8765 0.4154 0.0088 0.0104
0 0.8911 0.4082 0.0088 0.0143
0 0.9009 0.388 0.0088 0.0156
0 0.9253 0.3854 0.0068 0.0104
0 0.9243 0.377 0.0068 0.0091
0 0.9399 0.3893 0.0107 0.0156
0 0.917 0.4199 0.0098 0.0143
0 0.9268 0.4167 0.0098 0.0156
0 0.9468 0.4336 0.0088 0.013
0 0.96 0.4251 0.0098 0.0169
0 0.8945 0.4323 0.0098 0.013
0 0.9126 0.4395 0.0088 0.0117
0 0.9146 0.459 0.0107 0.0169
0 0.9287 0.4603 0.0117 0.0169
0 0.9502 0.459 0.0117 0.0143
0 0.9336 0.4785 0.0137 0.0195
0 0.9312 0.498 0.0127 0.0195
0 0.8979 0.4622 0.0127 0.0156
0 0.8911 0.4492 0.0088 0.013
0 0.877 0.4434 0.0098 0.0143
0 0.8838 0.4395 0.0078 0.0143
0 0.8662 0.4401 0.0078 0.0156
0 0.8589 0.4238 0.0068 0.0117
0 0.8662 0.4212 0.0078 0.0117
0 0.8545 0.4603 0.0098 0.0169
0 0.8442 0.4544 0.0068 0.013
0 0.832 0.4544 0.0098 0.0156
0 0.8203 0.4479 0.0078 0.0156
0 0.8101 0.4479 0.0107 0.0182
0 0.8218 0.4694 0.0107 0.0143
0 0.8306 0.487 0.0107 0.0156
0 0.8511 0.4779 0.0127 0.0182
0 0.8838 0.4974 0.0137 0.013
0 0.8765 0.5163 0.0146 0.0221
0 0.8574 0.5 0.0117 0.0182
0 0.8418 0.5182 0.0137 0.0208
0 0.7549 0.4251 0.0078 0.0117
0 0.7637 0.4251 0.0098 0.0117
0 0.7817 0.4245 0.0088 0.013
0 0.7661 0.4395 0.0107 0.0169
0 0.7617 0.4551 0.0098 0.0143
0 0.7808 0.4486 0.0107 0.0195
0 0.7944 0.4492 0.0088 0.0156
0 0.7847 0.4759 0.0107 0.0195
0 0.7593 0.474 0.0127 0.0182
0 0.7383 0.4733 0.0098 0.0143
0 0.7266 0.4759 0.0117 0.0195
0 0.7383 0.4466 0.0117 0.0182
0 0.7402 0.431 0.0078 0.013
0 0.7251 0.4355 0.0088 0.0117
0 0.7134 0.4453 0.0107 0.0182
0 0.71 0.4303 0.0078 0.0117
0 0.7109 0.4206 0.0078 0.0104
0 0.6953 0.4453 0.0078 0.013
0 0.6875 0.4512 0.0098 0.0169
0 0.7061 0.4668 0.0098 0.0169
0 0.6943 0.4831 0.0117 0.0182
0 0.6621 0.4727 0.0098 0.0156
0 0.6714 0.444 0.0088 0.0156
0 0.6406 0.4746 0.0098 0.0169
0 0.9658 0.4128 0.0117 0.0156
0 0.7979 0.4961 0.0117 0.0208
0 0.8125 0.4889 0.0117 0.0195
0 0.8022 0.5293 0.0127 0.0169
0 0.667 0.5749 0.0117 0.0195
0 0.7124 0.5605 0.0127 0.0195
0 0.7437 0.5508 0.0127 0.0208
0 0.7827 0.5827 0.0146 0.0221
0 0.7939 0.6374 0.0117 0.0195
0 0.749 0.61 0.0137 0.0195
0 0.708 0.6224 0.0117 0.0182
0 0.6812 0.6217 0.0107 0.0169
0 0.6621 0.6217 0.0117 0.0195
0 0.6328 0.6165 0.0117 0.0195
0 0.6211 0.5579 0.0098 0.0169
0 0.6382 0.5404 0.0107 0.0182
0 0.5854 0.5417 0.0107 0.0182
0 0.5801 0.6003 0.0117 0.0156
0 0.6084 0.4863 0.0098 0.0143
0 0.6255 0.4792 0.0088 0.0182
0 0.5854 0.4694 0.0107 0.0143
0 0.5918 0.4577 0.0098 0.0169
