0 0.8188 0.1087 0.0322 0.1175
0 0.7852 0.1263 0.0137 0.0475
0 0.731 0.1413 0.0186 0.0575
0 0.9253 0.1525 0.0107 0.035
0 0.9907 0.1375 0.0088 0.04
0 0.7725 0.1575 0.0098 0.035
0 0.6865 0.145 0.0137 0.04
0 0.6284 0.1562 0.0225 0.0875
0 0.5977 0.1588 0.0098 0.0375
0 0.9043 0.1388 0.0098 0.0325
0 0.5757 0.1625 0.0088 0.04
0 0.5449 0.16 0.0137 0.045
0 0.5 0.1713 0.0137 0.0425
0 0.4805 0.15 0.0098 0.03
0 0.4395 0.2025 0.0137 0.05
0 0.4629 0.1688 0.0078 0.0275
0 0.3843 0.1725 0.0205 0.08
0 0.3486 0.1738 0.0137 0.0425
0 0.333 0.1475 0.0098 0.03
0 0.3037 0.1812 0.0117 0.0375
0 0.2827 0.1825 0.0088 0.03
0 0.2544 0.1825 0.0107 0.04
0 0.228 0.165 0.0068 0.025
0 0.2207 0.17 0.0059 0.02
0 0.1851 0.165 0.0107 0.04
0 0.1748 0.1613 0.0078 0.0275
0 0.4321 0.1688 0.0088 0.0275
0 0.1372 0.1825 0.0107 0.04
0 0.1533 0.16 0.0098 0.03
0 0.0957 0.1963 0.0117 0.0375
0 0.0781 0.1475 0.0117 0.035
0 0.1099 0.1787 0.0088 0.0325
0 0.0503 0.1713 0.0088 0.0275
0 0.019 0.1862 0.0107 0.0325
0 0.1216 0.1775 0.0068 0.02
0 0.0015 0.1762 0.0049 0.0275
