0 0.2451 0.0568 0.0176 0.04
0 0.269 0.064 0.0205 0.048
0 0.334 0.0744 0.0195 0.0464
0 0.3604 0.1112 0.0176 0.0432
0 0.377 0.12 0.0215 0.0512
0 0.3989 0.0648 0.0205 0.04
0 0.3149 0.1208 0.0205 0.0496
0 0.2798 0.1696 0.0264 0.0544
0 0.2261 0.1832 0.0244 0.0496
0 0.3047 0.196 0.0254 0.056
0 0.3594 0.1712 0.0215 0.0512
0 0.4106 0.1816 0.0244 0.0496
0 0.4253 0.116 0.0205 0.0496
0 0.4604 0.18 0.0225 0.0528
0 0.4727 0.0704 0.0195 0.0416
0 0.499 0.0888 0.0215 0.0432
0 0.5264 0.0552 0.0176 0.0432
0 0.5635 0.0664 0.0195 0.0464
0 0.603 0.096 0.0205 0.0448
0 0.5864 0.148 0.0225 0.0528
0 0.5083 0.1264 0.0244 0.0448
0 0.5166 0.1904 0.0254 0.0448
0 0.4878 0.2416 0.0244 0.0544
0 0.5713 0.2184 0.0273 0.0592
0 0.6104 0.2192 0.0234 0.0512
0 0.6372 0.0584 0.0205 0.0368
0 0.6533 0.2536 0.0273 0.0592
0 0.666 0.0656 0.0195 0.0416
0 0.7275 0.0472 0.0195 0.04
0 0.7437 0.0848 0.0225 0.0384
0 0.8149 0.0608 0.0205 0.0416
0 0.8198 0.1168 0.0225 0.0512
0 0.8247 0.1736 0.0244 0.0464
0 0.7676 0.1568 0.0215 0.048
0 0.7202 0.1384 0.0205 0.0432
0 0.6968 0.1352 0.0225 0.0432
0 0.71 0.1912 0.0234 0.0496
0 0.7471 0.2208 0.0254 0.0576
0 0.8213 0.2312 0.0293 0.0592
0 0.9092 0.272 0.0254 0.0576
0 0.8062 0.3216 0.0322 0.0576
0 0.79 0.3088 0.0176 0.0352
0 0.7495 0.376 0.0303 0.0768
0 0.6499 0.3456 0.0322 0.064
0 0.7285 0.2952 0.0293 0.0688
0 0.6138 0.304 0.0283 0.0608
0 0.5503 0.392 0.0303 0.0704
0 0.5298 0.3016 0.0303 0.0688
0 0.4526 0.352 0.0322 0.0672
0 0.4248 0.3008 0.0293 0.0608
0 0.3564 0.2768 0.0254 0.0448
0 0.4019 0.2368 0.0264 0.0512
0 0.355 0.3896 0.0322 0.0688
0 0.3213 0.324 0.0293 0.0656
0 0.2168 0.2568 0.0273 0.0496
0 0.2183 0.3232 0.0283 0.0608
0 0.2725 0.428 0.0352 0.072
0 0.1812 0.4248 0.0303 0.0656
0 0.1426 0.3144 0.0254 0.0528
0 0.1807 0.2208 0.0273 0.048
0 0.0771 0.3304 0.0312 0.072
