0 0.9849 0.5051 0.0107 0.0245
0 0.9478 0.5785 0.0107 0.0219
0 0.9941 0.583 0.0098 0.0257
0 0.8623 0.2574 0.041 0.0515
0 0.7246 0.5753 0.0137 0.0232
0 0.7441 0.5888 0.0078 0.0167
0 0.7573 0.5592 0.0127 0.0245
0 0.7222 0.6255 0.0146 0.0206
0 0.6914 0.3012 0.0312 0.0515
0 0.5845 0.6023 0.0107 0.0206
0 0.5522 0.4672 0.0107 0.018
0 0.708 0.4595 0.0137 0.0206
0 0.4624 0.1982 0.0518 0.0746
0 0.2593 0.4569 0.0127 0.0206
0 0.1548 0.3147 0.0361 0.0528
0 0.0503 0.4022 0.0088 0.0142
0 0.021 0.3945 0.0088 0.0142
0 0.019 0.4543 0.0088 0.0129
0 0.042 0.4646 0.0098 0.018
0 0.0068 0.5315 0.0117 0.018
0 0.9897 0.3417 0.0088 0.0219
0 0.9478 0.37 0.0107 0.0167
0 0.9082 0.3867 0.0098 0.0142
