0 0.5166 0.2285 0.0156 0.086
0 0.4873 0.3914 0.0137 0.0769
0 0.5435 0.1471 0.0146 0.086
0 0.5566 0.1855 0.0156 0.0905
0 0.5728 0.0995 0.0107 0.0633
0 0.582 0.1606 0.0137 0.086
0 0.6001 0.1674 0.0146 0.0905
0 0.0381 0.1878 0.0176 0.1041
0 0.0508 0.1719 0.0137 0.0814
0 0.064 0.2172 0.0146 0.0814
0 0.0444 0.543 0.0146 0.0814
0 0.1084 0.1652 0.0156 0.095
0 0.0918 0.2081 0.0137 0.0724
0 0.0796 0.1855 0.0088 0.0724
0 0.1045 0.5271 0.0156 0.086
0 0.1304 0.1855 0.0127 0.0724
0 0.6616 0.1493 0.0107 0.0633
0 0.6753 0.1538 0.0127 0.0814
0 0.687 0.1674 0.0127 0.0724
0 0.7119 0.0814 0.0117 0.0814
0 0.7212 0.1855 0.0127 0.0724
0 0.4624 0.4299 0.0127 0.0724
0 0.4268 0.4932 0.0156 0.0905
0 0.4795 0.1493 0.0117 0.0814
0 0.4863 0.1674 0.0098 0.0633
0 0.499 0.1561 0.0117 0.0769
0 0.7153 0.3665 0.0166 0.0905
0 0.749 0.5498 0.0137 0.086
0 0.8047 0.4027 0.0156 0.0905
0 0.2334 0.3665 0.0117 0.0724
0 0.1519 0.19 0.0127 0.0814
0 0.1426 0.5023 0.0176 0.0905
0 0.1689 0.5611 0.0156 0.0995
0 0.2231 0.448 0.0146 0.0814
0 0.1963 0.1923 0.0137 0.0769
0 0.168 0.1833 0.0117 0.086
0 0.2065 0.1493 0.0107 0.0724
0 0.2236 0.1968 0.0117 0.0769
0 0.2554 0.1606 0.0127 0.0769
0 0.2871 0.1312 0.0117 0.0814
0 0.2769 0.2014 0.0146 0.0769
0 0.2744 0.414 0.0137 0.086
0 0.8794 0.5317 0.0166 0.086
0 0.3335 0.2127 0.0127 0.0724
0 0.3496 0.1425 0.0117 0.0679
0 0.3442 0.1584 0.0107 0.0633
0 0.3555 0.2059 0.0117 0.0769
0 0.3701 0.2376 0.0117 0.0679
0 0.3696 0.1742 0.0107 0.0588
0 0.3823 0.1946 0.0127 0.0814
0 0.394 0.1855 0.0127 0.0724
0 0.415 0.1742 0.0117 0.0769
0 0.3169 0.1833 0.0127 0.0679
0 0.4126 0.3507 0.0127 0.0769
0 0.3906 0.5136 0.0156 0.095
0 0.3384 0.457 0.0127 0.0814
0 0.3164 0.4977 0.0137 0.0814
0 0.4302 0.1493 0.0107 0.0724
0 0.4414 0.138 0.0098 0.0679
0 0.458 0.1335 0.0117 0.0769
0 0.6304 0.0747 0.0146 0.1041
0 0.6475 0.1403 0.0137 0.0905
0 0.6489 0.4706 0.0166 0.0995
0 0.3086 0.2466 0.0117 0.0679
0 0.7393 0.0928 0.0117 0.0769
0 0.7471 0.1719 0.0117 0.0724
0 0.2983 0.3959 0.0127 0.086
0 0.4312 0.3348 0.0127 0.0814
0 0.4663 0.2172 0.0127 0.0724
0 0.8257 0.1561 0.0127 0.0769
0 0.8438 0.1109 0.0156 0.086
0 0.8584 0.1425 0.0156 0.086
0 0.8882 0.0882 0.0166 0.095
0 0.9468 0.1154 0.0186 0.1041
0 0.7603 0.1109 0.0127 0.086
0 0.7734 0.129 0.0098 0.0679
0 0.7876 0.1448 0.0146 0.0814
0 0.7983 0.0973 0.0127 0.0679
0 0.8013 0.1584 0.0127 0.0905
0 0.8101 0.1833 0.0146 0.086
0 0.6685 0.3891 0.0146 0.0995
