0 0.1333 0.3934 0.0381 0.0686
0 0.1978 0.4151 0.0361 0.0671
0 0.2759 0.4359 0.0361 0.0671
0 0.3281 0.3465 0.0332 0.07
0 0.3477 0.4374 0.0273 0.0522
0 0.3818 0.418 0.0352 0.07
0 0.4326 0.3793 0.0332 0.0641
0 0.4707 0.4121 0.0234 0.0432
0 0.5684 0.4411 0.0352 0.0596
0 0.6377 0.3987 0.0293 0.0581
0 0.6963 0.3689 0.0332 0.0641
0 0.769 0.389 0.0322 0.0626
0 0.8042 0.3249 0.0303 0.0477
0 0.8589 0.4232 0.0283 0.0656
0 0.8203 0.6207 0.0254 0.0492
0 0.7031 0.5857 0.0293 0.0477
0 0.645 0.5768 0.0303 0.0537
