0 0.0298 0.049 0.0225 0.0401
0 0.1953 0.1077 0.0234 0.0414
0 0.269 0.0988 0.0244 0.0401
0 0.4194 0.2017 0.0186 0.0276
0 0.4717 0.4289 0.0137 0.0207
0 0.189 0.7189 0.0381 0.0594
0 0.2539 0.7521 0.0391 0.0539
0 0.5708 0.1077 0.0127 0.0221
0 0.5938 0.1202 0.0117 0.0221
0 0.7803 0.1112 0.0078 0.0152
0 0.7656 0.1015 0.0039 0.0097
0 0.7402 0.1174 0.0059 0.011
0 0.5718 0.4655 0.0146 0.0221
0 0.6157 0.4586 0.0146 0.0221
0 0.7061 0.52 0.0117 0.018
0 0.937 0.02 0.0127 0.018
0 0.8711 0.02 0.0137 0.0207
0 0.897 0.2279 0.0127 0.0193
0 0.853 0.4593 0.0146 0.0235
0 0.8716 0.4378 0.0127 0.0221
0 0.8989 0.4979 0.0127 0.0235
0 0.9883 0.4537 0.002 0.0041
0 0.8447 0.7355 0.0137 0.0207
0 0.4912 0.721 0.0195 0.0304
0 0.5386 0.7417 0.0166 0.0387
0 0.5562 0.7403 0.0244 0.0414
