0 0.2588 0.6432 0.0176 0.0339
0 0.2949 0.6283 0.0156 0.0353
0 0.3057 0.6107 0.0176 0.0339
0 0.3262 0.6481 0.0176 0.0324
0 0.3379 0.5966 0.0176 0.031
0 0.3638 0.6044 0.0146 0.0324
0 0.4087 0.6114 0.0166 0.0268
0 0.4512 0.6107 0.0156 0.0254
0 0.498 0.6298 0.0176 0.0324
0 0.5283 0.6037 0.0156 0.0282
0 0.4839 0.7511 0.0205 0.0353
0 0.458 0.6523 0.0156 0.0324
0 0.4097 0.6523 0.0186 0.0324
0 0.3706 0.6573 0.0186 0.0339
0 0.4238 0.7454 0.0195 0.0353
0 0.2627 0.5973 0.0195 0.0324
0 0.1992 0.6058 0.0195 0.0353
0 0.1812 0.6389 0.0186 0.0367
0 0.1372 0.622 0.0225 0.0339
0 0.0967 0.6481 0.0215 0.0324
0 0.1357 0.7426 0.0234 0.0409
0 0.2007 0.7722 0.0205 0.0409
0 0.2842 0.7687 0.0195 0.0367
0 0.3608 0.7539 0.0186 0.0353
0 0.8857 0.603 0.0195 0.0381
0 0.8364 0.6058 0.0205 0.0381
0 0.8081 0.6037 0.0186 0.0339
0 0.7783 0.6298 0.0176 0.0353
0 0.7627 0.6142 0.0176 0.0324
0 0.7393 0.6276 0.0176 0.0339
0 0.7095 0.641 0.0186 0.0324
0 0.6851 0.6227 0.0186 0.0324
0 0.6592 0.6403 0.0176 0.0282
0 0.6362 0.6248 0.0166 0.0282
0 0.6055 0.5903 0.0176 0.0296
0 0.5796 0.6086 0.0166 0.0324
0 0.6069 0.6368 0.0186 0.0324
0 0.5508 0.6537 0.0176 0.0324
0 0.6675 0.7405 0.0205 0.0395
0 0.7588 0.7616 0.0215 0.0367
0 0.8213 0.7652 0.0234 0.0409
0 0.6025 0.7553 0.0215 0.0324
0 0.542 0.7525 0.0195 0.0353
