0 0.2236 0.2628 0.0215 0.0395
0 0.1973 0.2731 0.0156 0.0307
0 0.1084 0.2555 0.0215 0.0366
0 0.082 0.254 0.0234 0.0395
0 0.2969 0.3294 0.0215 0.0381
0 0.3022 0.2928 0.0186 0.0351
0 0.3486 0.2848 0.0176 0.0337
0 0.2651 0.2833 0.0186 0.0366
0 0.2437 0.2965 0.0186 0.0307
0 0.0039 0.2899 0.0098 0.0351
0 0.147 0.3133 0.0186 0.0264
0 0.9844 0.3272 0.0215 0.0307
0 0.9292 0.3397 0.0225 0.0381
0 0.9058 0.2921 0.0205 0.0366
0 0.873 0.3016 0.0215 0.0322
0 0.8633 0.3397 0.0195 0.0322
0 0.6704 0.284 0.0459 0.082
0 0.5112 0.2914 0.0498 0.0703
