0 0.1016 0.2884 0.0176 0.099
0 0.2988 0.2918 0.0117 0.0648
0 0.332 0.3072 0.0137 0.0819
0 0.3262 0.3242 0.0137 0.0751
0 0.3911 0.3447 0.0088 0.0819
0 0.4429 0.2799 0.0127 0.0614
0 0.4595 0.2662 0.0146 0.0819
0 0.5552 0.2474 0.0146 0.0648
0 0.5479 0.3106 0.0137 0.0751
0 0.5137 0.2867 0.0137 0.0819
0 0.5835 0.2372 0.0205 0.099
0 0.6294 0.2577 0.0107 0.0512
0 0.6445 0.2679 0.0117 0.0717
0 0.6704 0.273 0.0146 0.0683
0 0.7095 0.186 0.0088 0.0512
0 0.7144 0.2184 0.0107 0.0683
0 0.7266 0.2679 0.0137 0.0648
0 0.7349 0.2287 0.0205 0.0956
0 0.8501 0.2321 0.0107 0.0478
0 0.9023 0.1997 0.0195 0.0717
