0 0.7891 0.8331 0.0195 0.0397
0 0.8491 0.5051 0.0166 0.0309
0 0.7764 0.4904 0.0176 0.0279
0 0.7285 0.5706 0.0098 0.0324
0 0.6323 0.5059 0.0166 0.0294
0 0.708 0.4801 0.0176 0.0338
0 0.5723 0.5412 0.0195 0.0353
0 0.5713 0.4868 0.0156 0.0265
0 0.0972 0.5956 0.0146 0.0324
0 0.0513 0.5941 0.0146 0.0324
0 0.123 0.5537 0.0156 0.0279
0 0.1509 0.4963 0.0166 0.0279
0 0.2056 0.5199 0.0127 0.0221
0 0.0869 0.5066 0.0156 0.0309
0 0.3677 0.5176 0.0186 0.0324
0 0.4795 0.5765 0.0215 0.0324
0 0.4019 0.4662 0.0146 0.0206
0 0.0464 0.5412 0.0205 0.0324
0 0.1997 0.564 0.0244 0.0368
0 0.2358 0.5397 0.0186 0.0324
0 0.2495 0.6015 0.0186 0.0324
0 0.4683 0.511 0.0107 0.0191
0 0.437 0.5507 0.0127 0.0221
0 0.7617 0.4919 0.0117 0.0279
0 0.2905 0.5353 0.0146 0.0324
0 0.5845 0.4809 0.0146 0.0265
0 0.5483 0.4912 0.0166 0.0235
0 0.3452 0.5044 0.0166 0.0294
