0 0.0371 0.2579 0.0137 0.0285
0 0.0767 0.2286 0.0107 0.0206
0 0.1157 0.231 0.0127 0.0253
0 0.1201 0.1828 0.0117 0.0269
0 0.1484 0.2255 0.0137 0.0301
0 0.1606 0.2002 0.0127 0.0301
0 0.186 0.2144 0.0127 0.0269
0 0.0796 0.2793 0.0146 0.0332
0 0.0981 0.303 0.0127 0.0301
0 0.1279 0.2777 0.0117 0.0237
0 0.1631 0.2967 0.0137 0.0237
0 0.1396 0.3331 0.0156 0.0301
0 0.1748 0.2547 0.0137 0.0222
0 0.1899 0.3196 0.0127 0.0285
0 0.1763 0.3616 0.0146 0.0332
0 0.1963 0.4604 0.0137 0.0253
0 0.1519 0.4114 0.0146 0.0285
0 0.2354 0.4019 0.0137 0.0285
0 0.2402 0.4707 0.0137 0.0269
0 0.2222 0.5119 0.0146 0.0269
0 0.2529 0.5372 0.0176 0.0332
0 0.2827 0.5759 0.0186 0.0411
0 0.3281 0.587 0.0156 0.0348
0 0.3486 0.5356 0.0156 0.0364
0 0.3125 0.4858 0.0156 0.0316
0 0.3599 0.4866 0.0166 0.0301
0 0.2241 0.3608 0.0127 0.0222
0 0.2236 0.3157 0.0137 0.0237
0 0.2725 0.3813 0.0156 0.0285
0 0.2866 0.3228 0.0146 0.0316
0 0.3135 0.3441 0.0156 0.0332
0 0.3384 0.3655 0.0146 0.0316
0 0.3633 0.3948 0.0137 0.0332
0 0.2998 0.4272 0.0156 0.0316
0 0.2803 0.4691 0.0156 0.0332
0 0.3872 0.5894 0.0166 0.0396
0 0.436 0.6274 0.0166 0.0301
0 0.4448 0.5459 0.0166 0.0348
0 0.4946 0.5665 0.0166 0.0348
0 0.5679 0.5886 0.0146 0.0285
0 0.5845 0.5198 0.0166 0.0364
0 0.1597 0.1392 0.0127 0.0285
0 0.2202 0.1764 0.0127 0.0269
0 0.2139 0.2318 0.0137 0.0301
0 0.2407 0.2097 0.0127 0.0269
0 0.248 0.1456 0.0117 0.0222
0 0.272 0.1646 0.0127 0.0285
0 0.3057 0.1622 0.0117 0.0237
0 0.2905 0.2033 0.0127 0.0301
0 0.2593 0.2381 0.0146 0.0269
0 0.3135 0.2302 0.0156 0.0269
0 0.2119 0.2706 0.0137 0.0285
0 0.2627 0.2816 0.0156 0.0285
0 0.3081 0.2896 0.0127 0.0285
0 0.3184 0.2611 0.0137 0.0316
0 0.3481 0.2706 0.0146 0.0348
0 0.3896 0.4335 0.0156 0.0285
0 0.4468 0.4066 0.0166 0.0348
0 0.4155 0.4968 0.0166 0.0348
0 0.478 0.4976 0.0166 0.0364
0 0.4819 0.4003 0.0146 0.0316
0 0.3716 0.3244 0.0146 0.0285
0 0.3872 0.371 0.0146 0.0269
0 0.4209 0.3323 0.0117 0.0222
0 0.4258 0.3726 0.0156 0.0332
0 0.4565 0.341 0.0146 0.0301
0 0.4385 0.3117 0.0117 0.0253
0 0.4736 0.3093 0.0137 0.0301
0 0.5044 0.4407 0.0166 0.0332
0 0.5337 0.481 0.0166 0.0348
0 0.29 0.0854 0.0117 0.0285
0 0.3442 0.0973 0.0107 0.0237
0 0.3896 0.0973 0.0098 0.0237
0 0.3218 0.1741 0.0127 0.0253
0 0.353 0.1582 0.0107 0.0253
0 0.4067 0.1479 0.0127 0.0237
0 0.3481 0.2009 0.0127 0.0285
0 0.3604 0.2476 0.0117 0.0269
0 0.4087 0.2231 0.0127 0.0316
0 0.397 0.1875 0.0107 0.0301
0 0.394 0.2801 0.0127 0.0316
0 0.4365 0.193 0.0117 0.0285
0 0.4502 0.2666 0.0137 0.0237
0 0.4395 0.0862 0.0117 0.0269
0 0.5137 0.0854 0.0117 0.0253
0 0.5078 0.121 0.0117 0.0269
0 0.4658 0.1456 0.0117 0.0285
0 0.4873 0.1638 0.0117 0.0269
0 0.5347 0.1693 0.0107 0.019
0 0.4839 0.2104 0.0127 0.0316
0 0.4937 0.2682 0.0127 0.0301
0 0.5366 0.2547 0.0107 0.019
0 0.5317 0.2896 0.0146 0.0348
0 0.5781 0.2516 0.0137 0.0316
0 0.5493 0.216 0.0107 0.0237
0 0.6011 0.2231 0.0127 0.0316
0 0.5078 0.356 0.0137 0.0285
0 0.5835 0.3204 0.0127 0.0269
0 0.5537 0.3679 0.0156 0.0332
0 0.5737 0.4193 0.0127 0.0253
0 0.6069 0.3552 0.0146 0.0301
0 0.6562 0.3283 0.0137 0.0301
0 0.627 0.2753 0.0137 0.0222
0 0.6357 0.4225 0.0137 0.0285
0 0.5845 0.4549 0.0146 0.0332
0 0.627 0.4905 0.0156 0.0316
0 0.6729 0.4755 0.0176 0.0396
0 0.7212 0.4913 0.0166 0.0332
0 0.7656 0.4747 0.0156 0.0316
0 0.7827 0.5079 0.0146 0.0316
0 0.751 0.5665 0.0156 0.0316
0 0.7207 0.5483 0.0156 0.0301
0 0.687 0.5688 0.0166 0.0364
0 0.6699 0.5269 0.0176 0.0316
0 0.6284 0.5641 0.0186 0.0396
0 0.6138 0.6337 0.0166 0.0301
0 0.6865 0.6535 0.0156 0.0348
0 0.8037 0.6179 0.0156 0.0301
0 0.8506 0.6899 0.0176 0.038
0 0.6924 0.3932 0.0156 0.0269
0 0.7124 0.4454 0.0146 0.0301
0 0.7471 0.3861 0.0156 0.0285
0 0.7788 0.4209 0.0146 0.038
0 0.5439 0.1108 0.0117 0.0253
0 0.5713 0.1503 0.0117 0.0253
0 0.5874 0.1741 0.0107 0.0253
0 0.626 0.1456 0.0117 0.0253
0 0.6323 0.1084 0.0107 0.0269
0 0.6484 0.1899 0.0117 0.0285
0 0.6616 0.2381 0.0127 0.0269
0 0.687 0.2816 0.0127 0.0285
0 0.6899 0.3291 0.0127 0.0285
0 0.729 0.3054 0.0127 0.0316
0 0.6973 0.1741 0.0117 0.0253
0 0.7368 0.2136 0.0146 0.0285
0 0.8057 0.2017 0.0137 0.0269
0 0.8062 0.2674 0.0146 0.0253
0 0.7861 0.3196 0.0137 0.0285
0 0.7114 0.3703 0.0146 0.0316
0 0.9058 0.6598 0.0186 0.0348
0 0.9316 0.5918 0.0176 0.0411
0 0.9097 0.5198 0.0166 0.0364
0 0.8657 0.5767 0.0166 0.0364
0 0.8418 0.5166 0.0156 0.0364
0 0.8174 0.4114 0.0137 0.0285
0 0.8315 0.4691 0.0166 0.0332
0 0.8687 0.4011 0.0146 0.0301
0 0.896 0.4589 0.0186 0.0316
0 0.8965 0.2302 0.0137 0.0237
0 0.9102 0.3536 0.0156 0.0332
0 0.8477 0.3283 0.0137 0.0332
