0 0.0298 0.9268 0.0127 0.0371
0 0.042 0.8008 0.0137 0.0352
0 0.0776 0.8574 0.0107 0.0352
0 0.0962 0.7871 0.0146 0.0352
0 0.1157 0.8359 0.0146 0.0391
0 0.0435 0.3701 0.0107 0.0293
0 0.0806 0.3799 0.0107 0.0254
0 0.0688 0.4385 0.0107 0.0254
0 0.083 0.4541 0.0098 0.0254
0 0.0098 0.584 0.0137 0.0352
0 0.0342 0.4795 0.0078 0.0215
0 0.3555 0.9775 0.0176 0.041
0 0.0562 0.9268 0.0166 0.0371
0 0.0234 0.5117 0.0117 0.0352
0 0.106 0.3428 0.0146 0.0449
0 0.1792 0.29 0.0107 0.0254
0 0.1948 0.3115 0.0107 0.0293
0 0.2871 0.5361 0.0098 0.0215
0 0.2969 0.5283 0.0059 0.0176
0 0.2998 0.5527 0.0078 0.0234
0 0.1943 0.1523 0.0059 0.0234
0 0.1875 0.1738 0.0059 0.0234
0 0.2041 0.1582 0.0078 0.0273
0 0.2222 0.1396 0.0088 0.0293
0 0.1763 0.0566 0.0127 0.0312
0 0.127 0.1318 0.0059 0.0176
0 0.1406 0.1309 0.0059 0.0195
0 0.686 0.5762 0.0107 0.0312
0 0.6963 0.5898 0.0098 0.0273
0 0.5986 0.5264 0.0078 0.0332
0 0.6396 0.4697 0.0098 0.0215
0 0.6826 0.8691 0.0078 0.0273
0 0.6763 0.8203 0.0068 0.0195
0 0.6948 0.8516 0.0107 0.0234
0 0.7012 0.7646 0.0098 0.0254
0 0.6719 0.7031 0.0098 0.0391
0 0.6157 0.6855 0.0088 0.0273
0 0.7671 0.9238 0.0127 0.0312
0 0.8052 0.8066 0.0127 0.0352
0 0.6543 0.9326 0.0176 0.0371
0 0.6792 0.9287 0.0127 0.0332
0 0.8311 0.7568 0.0117 0.0254
0 0.8374 0.4141 0.0107 0.0312
0 0.8813 0.3516 0.0127 0.0312
0 0.8296 0.4014 0.0107 0.0254
0 0.8232 0.3906 0.0117 0.0234
0 0.8247 0.3662 0.0146 0.0332
0 0.9204 0.8779 0.0088 0.0293
0 0.8101 0.9541 0.0068 0.0176
0 0.8013 0.9229 0.0068 0.0254
0 0.9629 0.2158 0.0098 0.0215
0 0.9897 0.2529 0.0107 0.0254
0 0.4019 0.2832 0.0127 0.0312
0 0.3804 0.1279 0.0107 0.0254
0 0.5786 0.29 0.0107 0.0254
0 0.5537 0.7617 0.0098 0.0273
0 0.5874 0.7617 0.0068 0.0234
0 0.6006 0.7666 0.0059 0.0176
0 0.6104 0.7363 0.0098 0.0273
0 0.3184 0.1484 0.0098 0.0273
0 0.3364 0.2148 0.0088 0.0234
0 0.3169 0.4541 0.0088 0.0215
0 0.3428 0.4326 0.0098 0.0293
0 0.3599 0.4688 0.0068 0.0234
0 0.3604 0.4258 0.0098 0.0273
0 0.418 0.4092 0.0117 0.0254
0 0.46 0.5244 0.0137 0.0332
0 0.5122 0.543 0.0127 0.0312
0 0.5718 0.3643 0.0068 0.0215
0 0.4009 0.4951 0.0107 0.0254
0 0.3979 0.7324 0.0088 0.0352
0 0.4053 0.7139 0.0098 0.0215
0 0.416 0.6865 0.0078 0.0254
0 0.3369 0.54 0.0078 0.0254
0 0.3242 0.5635 0.0078 0.0137
0 0.3613 0.5732 0.0078 0.0254
0 0.6875 0.0479 0.0078 0.0254
0 0.6934 0.0205 0.0059 0.0215
0 0.7095 0.0361 0.0088 0.0215
0 0.938 0.8252 0.0088 0.0215
0 0.9663 0.8047 0.0068 0.0234
0 0.8979 0.7129 0.0107 0.0234
0 0.873 0.4805 0.0137 0.0234
0 0.8506 0.2207 0.0078 0.0195
0 0.8594 0.2217 0.0078 0.0176
0 0.1133 0.415 0.0098 0.0293
0 0.0728 0.2139 0.0068 0.0176
0 0.0884 0.1758 0.0068 0.0234
0 0.1167 0.1455 0.0068 0.0215
0 0.0205 0.1465 0.0078 0.0273
0 0.4038 0.8984 0.0107 0.0273
0 0.4609 0.5596 0.0078 0.0332
0 0.4868 0.582 0.0088 0.0234
0 0.4951 0.5967 0.0059 0.0254
0 0.375 0.5889 0.0098 0.0215
0 0.3096 0.1494 0.0059 0.0215
0 0.4839 0.3535 0.0127 0.0273
0 0.54 0.2529 0.0078 0.0254
0 0.6377 0.4326 0.0078 0.0254
0 0.6387 0.5957 0.0137 0.0352
0 0.4932 0.5459 0.0098 0.0293
0 0.582 0.4824 0.0059 0.0117
0 0.5347 0.7324 0.0088 0.0234
0 0.5483 0.6914 0.0068 0.0234
0 0.6318 0.6885 0.0098 0.0215
0 0.6382 0.7764 0.0107 0.0332
0 0.6548 0.7803 0.0107 0.0293
0 0.6641 0.7734 0.0098 0.0273
0 0.4175 0.3662 0.0107 0.0254
0 0.417 0.3662 0.0098 0.0254
0 0.4326 0.3652 0.0117 0.0234
0 0.5742 0.4912 0.0098 0.0215
0 0.2773 0.6855 0.0098 0.0273
0 0.981 0.6377 0.0107 0.0254
0 0.8213 0.9746 0.0117 0.0273
0 0.8091 0.4033 0.0107 0.0215
0 0.6841 0.6201 0.0107 0.0293
0 0.7769 0.8281 0.0068 0.0195
0 0.9927 0.6084 0.0068 0.0176
0 0.6211 0.5566 0.0078 0.0273
0 0.6484 0.5518 0.0078 0.0254
0 0.6577 0.6045 0.0127 0.0332
0 0.6611 0.5449 0.0098 0.0312
0 0.6831 0.667 0.0127 0.0293
0 0.6548 0.4922 0.0127 0.0312
0 0.6675 0.5 0.0088 0.0234
0 0.6953 0.5195 0.0137 0.0312
0 0.5103 0.6543 0.0068 0.0234
0 0.4561 0.4775 0.0098 0.0293
0 0.4727 0.4609 0.0098 0.0273
0 0.4961 0.4629 0.0137 0.0352
0 0.5093 0.4619 0.0088 0.0293
0 0.521 0.4727 0.0068 0.0195
0 0.5278 0.5322 0.0107 0.0176
0 0.5894 0.4785 0.0068 0.0195
0 0.0034 0.7861 0.0088 0.0293
0 0.001 0.8223 0.0039 0.0195
0 0.2471 0.7705 0.0156 0.0293
0 0.0015 0.7334 0.0049 0.0254
0 0.0063 0.5234 0.0127 0.0312
0 0.0557 0.5625 0.0117 0.0352
0 0.0029 0.4385 0.0078 0.0332
0 0.0049 0.3154 0.0117 0.0332
0 0.2212 0.376 0.0107 0.0215
0 0.373 0.7188 0.0137 0.0273
0 0.3096 0.6699 0.0117 0.0312
0 0.0015 0.1377 0.0049 0.0371
0 0.1138 0.2119 0.0049 0.0215
0 0.1021 0.1328 0.0068 0.0195
0 0.3525 0.4189 0.0078 0.0254
0 0.3237 0.5381 0.0127 0.0254
0 0.6758 0.4453 0.0117 0.0273
0 0.7144 0.4561 0.0068 0.0215
0 0.8169 0.8701 0.0068 0.0215
0 0.8115 0.8105 0.0059 0.0273
0 0.9424 0.8564 0.0156 0.0293
0 0.9678 0.8857 0.0156 0.0371
0 0.9819 0.8418 0.0166 0.0352
0 0.9829 0.7686 0.0146 0.0293
0 0.9668 0.7705 0.0078 0.0254
0 0.9541 0.7705 0.0156 0.0293
0 0.937 0.7852 0.0107 0.0234
0 0.9272 0.8086 0.0127 0.0352
0 0.8975 0.8301 0.0117 0.0352
0 0.8525 0.6426 0.0098 0.0234
0 0.769 0.8594 0.0068 0.0273
0 0.8091 0.7129 0.0068 0.0234
0 0.8345 0.6318 0.0068 0.0176
0 0.8311 0.7197 0.0059 0.0176
0 0.8823 0.71 0.0088 0.0371
0 0.8394 0.7314 0.0088 0.0293
0 0.8467 0.7227 0.0098 0.0273
0 0.8555 0.748 0.0137 0.0312
0 0.8174 0.748 0.0078 0.0234
0 0.8237 0.5615 0.0127 0.0293
0 0.8345 0.5615 0.0107 0.0293
0 0.8457 0.5586 0.0098 0.0234
0 0.8159 0.5156 0.0107 0.0234
0 0.8296 0.5098 0.0127 0.0312
0 0.8428 0.498 0.0137 0.0352
0 0.8662 0.6045 0.0117 0.0254
0 0.8867 0.5771 0.0098 0.0332
0 0.8804 0.5469 0.0146 0.0312
0 0.8696 0.5518 0.0068 0.0254
0 0.8779 0.501 0.0117 0.0293
0 0.8037 0.502 0.0117 0.0273
0 0.9233 0.7139 0.0107 0.0293
0 0.9253 0.752 0.0127 0.0273
0 0.9834 0.7119 0.0098 0.0293
0 0.958 0.6348 0.0117 0.0312
0 0.9756 0.6611 0.0117 0.0293
0 0.9839 0.6572 0.0107 0.0332
0 0.9946 0.6592 0.0088 0.0293
0 0.9868 0.6074 0.0088 0.0156
0 0.6899 0.3545 0.0127 0.0293
0 0.6929 0.3291 0.0107 0.0215
0 0.7183 0.334 0.0127 0.0234
0 0.7349 0.3125 0.0127 0.0352
0 0.7075 0.3828 0.0146 0.0312
0 0.6831 0.1172 0.0107 0.0273
0 0.6758 0.0674 0.0098 0.0254
0 0.6562 0.0488 0.0098 0.0234
0 0.7119 0.082 0.0078 0.0234
0 0.7207 0.04 0.0098 0.0176
0 0.7319 0.042 0.0068 0.0176
0 0.5527 0.1885 0.0078 0.0254
0 0.542 0.2266 0.0078 0.0234
0 0.5352 0.2676 0.0078 0.0234
0 0.5425 0.2812 0.0107 0.0234
0 0.0352 0.0273 0.0078 0.0234
0 0.0229 0.0176 0.0068 0.0234
0 0.2817 0.2207 0.0088 0.0234
0 0.2812 0.2676 0.0098 0.0312
0 0.7666 0.0205 0.0098 0.0215
0 0.9937 0.1475 0.0088 0.0254
0 0.9805 0.0771 0.0098 0.0254
0 0.9736 0.0635 0.0059 0.0254
0 0.9653 0.0918 0.0107 0.0273
0 0.9546 0.1006 0.0107 0.0254
0 0.9214 0.0098 0.0127 0.0234
0 0.957 0.0088 0.0098 0.0215
0 0.9897 0.0107 0.0107 0.0254
0 0.8989 0.0146 0.0107 0.0254
0 0.9321 0.0566 0.0068 0.0195
0 0.9409 0.0576 0.0107 0.0254
0 0.8779 0.1465 0.0098 0.0234
0 0.9009 0.1875 0.0107 0.0234
0 0.9258 0.1855 0.0098 0.0273
0 0.8774 0.1914 0.0068 0.0234
0 0.8608 0.1934 0.0088 0.0273
0 0.8721 0.2256 0.0117 0.0254
0 0.8799 0.2246 0.0078 0.0273
0 0.8887 0.2422 0.0098 0.0234
0 0.9126 0.25 0.0088 0.0234
0 0.9033 0.2715 0.0098 0.0273
0 0.8901 0.2725 0.0127 0.0254
0 0.8486 0.2441 0.0059 0.0195
0 0.8574 0.2578 0.0098 0.0234
0 0.9355 0.2393 0.0039 0.0137
0 0.957 0.2773 0.0117 0.0234
0 0.9004 0.3154 0.0117 0.0254
0 0.8574 0.2812 0.0078 0.0234
0 0.8867 0.1904 0.0059 0.0176
0 0.8892 0.3604 0.0127 0.0293
0 0.8906 0.5176 0.0098 0.0234
0 0.7915 0.4443 0.0088 0.0254
0 0.7993 0.458 0.0107 0.0254
0 0.8467 0.3691 0.0098 0.0273
0 0.7861 0.4092 0.0078 0.0176
0 0.7705 0.3486 0.0059 0.0176
0 0.7764 0.3721 0.0059 0.0215
0 0.7949 0.3945 0.0059 0.0195
0 0.8208 0.4189 0.0088 0.0215
0 0.8271 0.4502 0.0098 0.0215
0 0.1841 0.9756 0.0146 0.0254
0 0.1733 0.9404 0.0146 0.0293
0 0.2275 0.9502 0.0156 0.0293
0 0.2432 0.9424 0.0098 0.0215
0 0.2559 0.9512 0.0078 0.0195
0 0.3193 0.957 0.0137 0.0273
0 0.2886 0.8887 0.0166 0.0352
0 0.2329 0.8447 0.0146 0.041
0 0.2666 0.8506 0.0137 0.0332
0 0.3555 0.8818 0.0098 0.0332
0 0.3809 0.9004 0.0156 0.0312
0 0.3394 0.7812 0.0146 0.0352
0 0.1499 0.7568 0.0146 0.0371
0 0.1948 0.7451 0.0166 0.041
0 0.0181 0.6084 0.0107 0.0332
0 0.0391 0.6348 0.0117 0.0312
0 0.0571 0.6318 0.0146 0.0332
0 0.124 0.6006 0.0137 0.0332
0 0.0952 0.543 0.0146 0.0391
0 0.3843 0.75 0.0146 0.0391
0 0.3237 0.6934 0.0146 0.0391
0 0.3398 0.6768 0.0117 0.0332
0 0.2817 0.6045 0.0107 0.0293
0 0.3169 0.6162 0.0127 0.0293
0 0.3267 0.5977 0.0146 0.0352
0 0.3994 0.8828 0.0078 0.0273
0 0.4473 0.8799 0.0156 0.0332
0 0.4287 0.8281 0.0137 0.0312
0 0.0166 0.1045 0.0059 0.0215
0 0.1094 0.1113 0.0117 0.0273
0 0.1504 0.1123 0.0117 0.0293
0 0.166 0.125 0.0098 0.0273
0 0.1978 0.1211 0.0127 0.0312
0 0.1802 0.1631 0.0127 0.0293
0 0.1802 0.2139 0.0146 0.0332
0 0.0659 0.2334 0.0107 0.0332
0 0.228 0.2646 0.0107 0.0332
0 0.0322 0.4141 0.0156 0.0352
0 0.0454 0.4551 0.0146 0.0312
0 0.2378 0.3779 0.0146 0.0293
0 0.2397 0.3145 0.0107 0.0234
0 0.1729 0.3066 0.0117 0.0273
0 0.146 0.21 0.0107 0.0254
0 0.1265 0.1797 0.0146 0.0195
0 0.2207 0.1719 0.0117 0.0234
0 0.1948 0.2373 0.0107 0.0254
0 0.1816 0.1279 0.0117 0.0254
0 0.3818 0.665 0.0078 0.0254
0 0.4336 0.6816 0.0137 0.0312
0 0.436 0.7402 0.0146 0.0273
0 0.4858 0.8926 0.0146 0.0391
0 0.5269 0.8877 0.0146 0.0371
0 0.5527 0.9688 0.0156 0.0312
0 0.5708 0.875 0.0146 0.0391
0 0.5732 0.8193 0.0137 0.041
0 0.541 0.8145 0.0156 0.0352
0 0.5229 0.7744 0.0107 0.0332
0 0.5103 0.7637 0.0146 0.0352
0 0.4629 0.7881 0.0156 0.0293
0 0.4697 0.832 0.0137 0.0391
0 0.5815 0.7676 0.0107 0.0352
0 0.5674 0.7305 0.0117 0.0273
0 0.5376 0.6934 0.0107 0.0273
0 0.5005 0.6494 0.0146 0.0371
0 0.4824 0.707 0.0078 0.0352
0 0.4688 0.6338 0.0137 0.0293
0 0.4839 0.6133 0.0127 0.0312
0 0.4487 0.6182 0.0146 0.0332
0 0.4136 0.5977 0.0146 0.0391
0 0.3584 0.542 0.0098 0.0293
0 0.374 0.4922 0.0117 0.0273
0 0.3169 0.3818 0.0107 0.0293
0 0.355 0.377 0.0127 0.0312
0 0.3994 0.3848 0.0137 0.0312
0 0.3706 0.416 0.0127 0.0273
0 0.3936 0.4785 0.0117 0.0273
0 0.4399 0.541 0.0146 0.0312
0 0.4224 0.543 0.0107 0.0234
0 0.5073 0.5918 0.0146 0.0352
0 0.5444 0.5781 0.0088 0.0352
0 0.4673 0.4805 0.0107 0.0312
0 0.4961 0.4248 0.0137 0.0332
0 0.438 0.3867 0.0166 0.0391
0 0.4253 0.4609 0.0088 0.0234
0 0.4712 0.5654 0.0068 0.0215
0 0.5659 0.5635 0.0127 0.0293
0 0.5581 0.5039 0.0107 0.0352
0 0.5645 0.4746 0.0117 0.0273
0 0.5513 0.4316 0.0088 0.0312
0 0.5312 0.3877 0.0098 0.0332
0 0.4795 0.3857 0.0117 0.0293
0 0.5269 0.5586 0.0107 0.0273
0 0.2515 0.0127 0.0107 0.0215
0 0.292 0.04 0.0117 0.0254
0 0.3276 0.0293 0.0127 0.0273
0 0.3755 0.0283 0.0068 0.0215
0 0.2705 0.084 0.0098 0.0273
0 0.2861 0.1387 0.0098 0.0234
0 0.3276 0.0957 0.0068 0.0234
0 0.3647 0.0928 0.0127 0.0293
0 0.2612 0.1885 0.0127 0.0293
0 0.2642 0.1484 0.0068 0.0195
0 0.2705 0.1553 0.0078 0.0215
0 0.2549 0.1367 0.0078 0.0234
0 0.2959 0.2197 0.0098 0.0293
0 0.3145 0.2266 0.0098 0.0273
0 0.3174 0.1855 0.0117 0.0234
0 0.3042 0.1934 0.0088 0.0234
0 0.3022 0.3037 0.0127 0.0332
0 0.3296 0.3281 0.0127 0.0352
0 0.3281 0.2979 0.0098 0.0215
0 0.3486 0.2148 0.0117 0.0273
0 0.3643 0.1738 0.0117 0.0312
0 0.3872 0.1543 0.0088 0.0234
0 0.3965 0.2129 0.0078 0.0234
0 0.3853 0.1875 0.0088 0.0234
0 0.3882 0.2051 0.0068 0.0234
0 0.3911 0.2891 0.0127 0.0273
0 0.3931 0.3203 0.0127 0.0352
0 0.4219 0.2842 0.0117 0.0332
0 0.4297 0.3213 0.0117 0.0332
0 0.4355 0.2988 0.0098 0.0312
0 0.46 0.3252 0.0137 0.0332
0 0.4595 0.29 0.0127 0.0293
0 0.5015 0.3369 0.0127 0.0293
0 0.5386 0.3232 0.0127 0.0332
0 0.5273 0.2773 0.0117 0.0312
0 0.665 0.3008 0.0117 0.0234
0 0.6782 0.3896 0.0127 0.0332
0 0.5903 0.9609 0.0146 0.0391
0 0.6099 0.9619 0.0107 0.0332
0 0.6099 0.7725 0.0127 0.0332
0 0.5957 0.7451 0.0098 0.0254
0 0.6289 0.749 0.0117 0.0332
0 0.6333 0.7168 0.0107 0.0273
0 0.6553 0.7207 0.0117 0.0312
0 0.6978 0.8789 0.0088 0.0352
0 0.7524 0.8828 0.0088 0.0312
0 0.7119 0.8164 0.0137 0.0352
0 0.6128 0.7129 0.0088 0.0234
0 0.5049 0.8359 0.0156 0.0312
0 0.6504 0.6475 0.0078 0.0254
0 0.6572 0.6504 0.0137 0.0312
0 0.6025 0.6348 0.0078 0.0312
0 0.5889 0.585 0.0117 0.0332
0 0.6035 0.5889 0.0098 0.0293
0 0.9243 0.3467 0.0264 0.0527
0 0.7275 0.0732 0.0137 0.0332
