0 0.9326 0.5477 0.0098 0.0191
0 0.9019 0.5391 0.0107 0.0226
0 0.8672 0.5382 0.0117 0.0243
0 0.8462 0.5443 0.0107 0.0191
0 0.8081 0.5425 0.0107 0.0226
0 0.7852 0.5425 0.0098 0.0226
0 0.2173 0.2882 0.0068 0.0139
0 0.1797 0.2943 0.0059 0.0122
0 0.1523 0.2691 0.0078 0.0139
0 0.1196 0.2951 0.0049 0.0104
0 0.085 0.2873 0.0078 0.0156
0 0.0693 0.2969 0.0059 0.0104
0 0.2173 0.5382 0.0068 0.0139
0 0.1948 0.5365 0.0088 0.0208
0 0.1641 0.5425 0.0098 0.0226
0 0.1362 0.5417 0.0107 0.0208
0 0.1084 0.5434 0.0098 0.0243
0 0.084 0.5451 0.0098 0.0208
0 0.0654 0.5382 0.0098 0.0208
0 0.4863 0.6111 0.0566 0.1076
0 0.3232 0.4748 0.0742 0.1927
0 0.5693 0.2682 0.0098 0.0191
0 0.5415 0.2812 0.0088 0.0174
0 0.5117 0.2873 0.0098 0.0191
0 0.4683 0.2786 0.0088 0.0191
0 0.4375 0.2569 0.0098 0.0208
0 0.9243 0.2717 0.0146 0.026
0 0.8755 0.2682 0.0127 0.0295
0 0.8271 0.2639 0.0137 0.0278
0 0.7808 0.322 0.0146 0.026
0 0.7515 0.4314 0.0146 0.0295
0 0.7368 0.4401 0.0166 0.0295
0 0.7056 0.4323 0.0146 0.0312
0 0.6865 0.4679 0.0156 0.033
0 0.6353 0.4462 0.0186 0.0417
0 0.6094 0.441 0.0176 0.0347
