0 0.9429 0.2907 0.0225 0.0176
0 0.9307 0.319 0.0234 0.0182
0 0.873 0.2607 0.0195 0.0163
0 0.9028 0.3913 0.0303 0.0221
0 0.854 0.3678 0.0283 0.0208
0 0.7925 0.3503 0.0244 0.0221
0 0.7158 0.3031 0.0234 0.0189
0 0.6851 0.291 0.0225 0.0195
0 0.6436 0.2585 0.0195 0.0182
0 0.8462 0.4307 0.0303 0.0241
0 0.7505 0.3812 0.0303 0.0267
0 0.7139 0.3711 0.0293 0.0221
0 0.7036 0.349 0.0264 0.0221
0 0.5605 0.2969 0.0215 0.0169
0 0.5298 0.3307 0.0244 0.0182
0 0.5083 0.3099 0.0225 0.0169
0 0.4692 0.2809 0.0225 0.0176
0 0.4917 0.2585 0.0186 0.0143
0 0.4644 0.25 0.0186 0.0143
0 0.3965 0.2549 0.0195 0.015
0 0.3687 0.2835 0.0205 0.0163
0 0.3843 0.305 0.0244 0.0176
0 0.4321 0.3154 0.0244 0.0176
0 0.4233 0.3385 0.0264 0.0195
0 0.5239 0.3574 0.0225 0.0195
0 0.3403 0.3343 0.0225 0.0176
0 0.3213 0.2959 0.0234 0.015
0 0.3198 0.2555 0.0205 0.0163
0 0.2568 0.2669 0.0195 0.0156
0 0.1709 0.2773 0.0234 0.0169
0 0.165 0.3037 0.0234 0.0137
0 0.1191 0.3203 0.0254 0.0169
0 0.209 0.32 0.0254 0.0189
0 0.2847 0.3122 0.0244 0.0189
0 0.2808 0.3551 0.0264 0.0215
0 0.2515 0.334 0.0264 0.0208
0 0.1836 0.3685 0.0293 0.0195
0 0.353 0.3617 0.0283 0.0202
0 0.4009 0.3636 0.0283 0.0202
0 0.813 0.4707 0.0381 0.0286
0 0.8506 0.5225 0.0371 0.0293
0 0.7378 0.5003 0.0381 0.0306
0 0.6787 0.457 0.0332 0.026
0 0.7075 0.429 0.0283 0.0234
0 0.6133 0.4297 0.0312 0.0234
0 0.5195 0.4688 0.0312 0.0234
0 0.6016 0.4899 0.0332 0.028
0 0.5742 0.5342 0.0371 0.0306
0 0.708 0.5602 0.041 0.0319
0 0.8057 0.5977 0.0391 0.0391
0 0.6924 0.6162 0.0449 0.0371
0 0.5664 0.6009 0.0371 0.0312
0 0.4966 0.5635 0.0381 0.0319
0 0.3306 0.3877 0.0264 0.0215
0 0.3096 0.4134 0.0273 0.0234
0 0.2515 0.4202 0.0342 0.0267
0 0.2441 0.3864 0.0293 0.0241
0 0.1729 0.4082 0.0312 0.0208
0 0.1709 0.4684 0.0352 0.0241
0 0.25 0.5091 0.0371 0.0286
0 0.4048 0.5023 0.0303 0.0228
0 0.4155 0.4688 0.0283 0.0195
0 0.3799 0.4294 0.0312 0.0267
0 0.4565 0.5156 0.0361 0.0312
0 0.8325 0.6641 0.0479 0.0404
0 0.6782 0.7158 0.0439 0.041
0 0.519 0.6729 0.0479 0.041
0 0.4448 0.6383 0.042 0.0384
0 0.3311 0.6562 0.0469 0.0365
0 0.2407 0.6058 0.042 0.0332
0 0.2007 0.7142 0.0498 0.0443
0 0.3765 0.5905 0.04 0.0286
0 0.3389 0.5348 0.0352 0.0293
0 0.8657 0.5677 0.0361 0.0339
0 0.9224 0.3509 0.0283 0.0208
0 0.5586 0.3704 0.0195 0.0169
0 0.4902 0.4284 0.0312 0.0273
0 0.4438 0.3942 0.0283 0.0241
0 0.293 0.4668 0.0332 0.0273
0 0.166 0.3278 0.0293 0.0215
0 0.5615 0.2679 0.0156 0.0137
