0 0.0767 0.4232 0.0303 0.0531
0 0.1948 0.3031 0.0342 0.0531
0 0.2588 0.3527 0.0273 0.0517
0 0.269 0.4281 0.0303 0.0489
0 0.3047 0.4651 0.0293 0.0531
0 0.3423 0.3638 0.0303 0.0545
0 0.3848 0.3806 0.0293 0.0545
0 0.4053 0.3422 0.0293 0.0447
0 0.4429 0.368 0.0342 0.0461
0 0.4751 0.3464 0.0283 0.0503
0 0.5156 0.4525 0.0293 0.0559
0 0.5342 0.3464 0.0312 0.0531
0 0.6138 0.3575 0.0283 0.0447
0 0.6152 0.4693 0.0293 0.0531
0 0.6567 0.3485 0.0322 0.0573
0 0.7065 0.3464 0.0283 0.0503
0 0.7217 0.4015 0.0273 0.0461
0 0.7959 0.3429 0.0312 0.0601
0 0.9189 0.3666 0.0371 0.0601
0 0.5557 0.3561 0.0117 0.0307
