0 0.1079 0.2974 0.0283 0.0631
0 0.1616 0.2416 0.0342 0.0602
0 0.1699 0.1872 0.0312 0.0573
0 0.2256 0.2372 0.0312 0.0631
0 0.2236 0.1652 0.0293 0.0514
0 0.2593 0.1586 0.0303 0.0529
0 0.29 0.1924 0.0332 0.0617
0 0.3262 0.1755 0.0293 0.0602
0 0.3442 0.254 0.0322 0.0617
0 0.29 0.2841 0.0332 0.0543
0 0.3643 0.2107 0.0293 0.0514
0 0.3975 0.2467 0.0312 0.0646
0 0.3892 0.1535 0.0283 0.0543
0 0.4424 0.1711 0.0332 0.0661
0 0.4609 0.1138 0.0332 0.0602
0 0.4883 0.2026 0.0332 0.0646
0 0.5112 0.1454 0.0303 0.0558
0 0.5342 0.1733 0.0312 0.0587
0 0.5649 0.2305 0.0303 0.0617
0 0.5708 0.1623 0.0322 0.0543
0 0.6196 0.1814 0.0303 0.0602
0 0.6313 0.2562 0.0342 0.0631
0 0.6348 0.1424 0.0273 0.0499
0 0.6802 0.1263 0.0283 0.0499
0 0.6602 0.1747 0.0293 0.0558
0 0.6865 0.2313 0.0352 0.069
0 0.6978 0.1557 0.0303 0.0587
0 0.7412 0.1608 0.0352 0.0602
0 0.7744 0.1402 0.0273 0.0514
0 0.7881 0.174 0.0371 0.0661
0 0.8237 0.1424 0.0342 0.0646
0 0.8535 0.1858 0.0352 0.072
0 0.9214 0.2907 0.0166 0.0441
0 0.9932 0.2856 0.0117 0.0308
