0 0.9551 0.3198 0.0137 0.0295
0 0.9053 0.3419 0.0078 0.0123
0 0.8677 0.3266 0.0088 0.0185
0 0.8096 0.3444 0.0117 0.0197
0 0.7446 0.3352 0.0088 0.016
0 0.7314 0.3383 0.0098 0.0172
0 0.7085 0.3333 0.0068 0.0148
0 0.7036 0.3555 0.0088 0.0172
0 0.6855 0.3272 0.0156 0.0271
0 0.6519 0.3352 0.0127 0.0234
0 0.6455 0.3296 0.0098 0.0148
0 0.6528 0.3235 0.0088 0.0148
0 0.5737 0.3389 0.0107 0.0185
0 0.6108 0.3419 0.0088 0.0148
0 0.5825 0.3493 0.0127 0.0221
0 0.5522 0.3487 0.0107 0.0185
0 0.4346 0.3266 0.0215 0.0406
0 0.3521 0.3462 0.0166 0.0381
0 0.3154 0.3708 0.0176 0.0455
0 0.2236 0.4459 0.0352 0.0726
0 0.2227 0.3481 0.0234 0.032
0 0.1836 0.3124 0.0273 0.0517
0 0.0723 0.3161 0.0312 0.0566
0 0.1055 0.3444 0.0156 0.0197
0 0.2539 0.3499 0.0098 0.016
0 0.2388 0.3407 0.0088 0.0172
0 0.2891 0.3358 0.0117 0.0148
0 0.9189 0.3493 0.0078 0.0148
0 0.7271 0.3456 0.0146 0.0221
0 0.6245 0.3395 0.0088 0.0148
0 0.5327 0.3493 0.0146 0.0271
