0 0.9834 0.3118 0.0215 0.0378
0 0.9453 0.3346 0.0293 0.0417
0 0.9614 0.2728 0.0225 0.0378
0 0.9429 0.2428 0.0166 0.0247
0 0.9937 0.2721 0.0107 0.0391
0 0.9346 0.276 0.0234 0.0391
0 0.895 0.3288 0.0264 0.0404
0 0.8193 0.3125 0.0312 0.0443
0 0.8457 0.2891 0.0215 0.0365
0 0.8247 0.2546 0.0186 0.0326
0 0.8438 0.2546 0.0176 0.0326
0 0.8315 0.2129 0.0205 0.0299
0 0.7939 0.2695 0.0215 0.0417
0 0.7583 0.2572 0.0205 0.0326
0 0.749 0.2207 0.0195 0.0299
0 0.7593 0.3177 0.0225 0.0365
0 0.7866 0.4056 0.0322 0.056
0 0.6802 0.4004 0.0342 0.0482
0 0.7144 0.3236 0.0244 0.0456
0 0.6812 0.2891 0.0244 0.0365
0 0.0166 0.3398 0.0254 0.0391
0 0.6978 0.222 0.0186 0.0299
0 0.6802 0.2194 0.0205 0.0299
0 0.7329 0.2572 0.0166 0.0299
0 0.1655 0.2715 0.0264 0.0404
0 0.1416 0.3145 0.0215 0.043
0 0.1108 0.3079 0.0225 0.0352
0 0.0762 0.2441 0.0215 0.0352
0 0.0942 0.2773 0.0186 0.0312
0 0.0508 0.2689 0.0254 0.043
0 0.0596 0.3424 0.0273 0.0417
0 0.8789 0.2513 0.0215 0.0312
0 0.9033 0.2585 0.0195 0.0299
0 0.6294 0.3229 0.0264 0.0391
0 0.6284 0.2773 0.0225 0.0312
0 0.6265 0.2441 0.0186 0.0299
0 0.6006 0.4023 0.0332 0.0547
0 0.5996 0.293 0.0234 0.0391
0 0.5991 0.2617 0.0186 0.0286
0 0.5781 0.2493 0.0176 0.0299
0 0.5518 0.2533 0.0254 0.0352
0 0.561 0.3125 0.0244 0.0391
0 0.5312 0.3066 0.0215 0.0352
0 0.4995 0.306 0.0244 0.0391
0 0.5024 0.276 0.0146 0.0312
0 0.5288 0.2689 0.0205 0.0326
0 0.5015 0.2598 0.0186 0.0299
0 0.478 0.291 0.0205 0.0352
0 0.4526 0.2806 0.0166 0.0352
0 0.4858 0.3607 0.0264 0.0443
0 0.5205 0.4674 0.0312 0.0443
0 0.4502 0.3574 0.0273 0.043
0 0.4282 0.2799 0.0225 0.0365
0 0.4492 0.248 0.0176 0.0247
0 0.3999 0.2819 0.0166 0.0326
0 0.3838 0.3132 0.0254 0.0404
0 0.4189 0.3281 0.0215 0.0286
0 0.4014 0.3698 0.0254 0.0443
0 0.354 0.3652 0.0244 0.043
0 0.0107 0.2806 0.0215 0.0326
0 0.0679 0.5762 0.0322 0.0456
0 0.1201 0.5 0.0273 0.0469
0 0.667 0.2474 0.0234 0.0365
0 0.3594 0.2975 0.0215 0.0404
0 0.3281 0.3158 0.0195 0.0326
0 0.311 0.3457 0.0264 0.0456
0 0.3569 0.4557 0.0283 0.0469
0 0.4253 0.474 0.0303 0.0469
0 0.3364 0.252 0.0205 0.0273
0 0.4067 0.2585 0.0166 0.0273
0 0.3076 0.2441 0.0215 0.0299
0 0.291 0.2832 0.0195 0.0326
0 0.2524 0.3398 0.0225 0.0391
0 0.2729 0.4427 0.0303 0.0495
0 0.1855 0.4551 0.0312 0.0482
0 0.2153 0.3333 0.0264 0.0391
0 0.2432 0.2552 0.0176 0.0312
0 0.2671 0.2949 0.0205 0.0352
0 0.2808 0.2578 0.0225 0.0312
0 0.2212 0.2552 0.0166 0.026
0 0.2007 0.2585 0.0205 0.0326
0 0.187 0.2969 0.0166 0.026
0 0.2256 0.3014 0.0215 0.0352
0 0.1685 0.3281 0.0205 0.0365
0 0.3384 0.2865 0.0166 0.0339
