0 0.2871 0.1953 0.0098 0.0182
0 0.3203 0.209 0.0098 0.0169
0 0.2451 0.276 0.0195 0.0339
0 0.2236 0.2031 0.0117 0.0156
0 0.2231 0.1517 0.0068 0.0091
0 0.228 0.1406 0.0068 0.013
0 0.2676 0.153 0.0098 0.0143
0 0.2642 0.1361 0.0068 0.0143
0 0.2793 0.1094 0.0098 0.013
0 0.252 0.1191 0.0098 0.0169
0 0.1577 0.1348 0.0205 0.0352
0 0.1807 0.0807 0.0078 0.0156
0 0.2139 0.0775 0.0059 0.0143
0 0.2358 0.0625 0.0068 0.013
0 0.2114 0.0553 0.0068 0.0117
0 0.1792 0.026 0.0107 0.0182
0 0.1768 0.0514 0.0078 0.0169
0 0.1865 0.0586 0.0078 0.0156
0 0.2842 0.0742 0.0078 0.0182
0 0.2603 0.0697 0.0049 0.0091
0 0.2993 0.0671 0.0068 0.0117
0 0.3276 0.0723 0.0068 0.0143
0 0.3105 0.1139 0.0098 0.0169
0 0.335 0.127 0.0078 0.0195
0 0.3447 0.0964 0.0078 0.0156
0 0.375 0.1081 0.0078 0.013
0 0.377 0.097 0.0078 0.0143
0 0.3618 0.0638 0.0088 0.013
0 0.3843 0.071 0.0088 0.0143
0 0.4053 0.0775 0.0078 0.0143
0 0.4214 0.0951 0.0088 0.0156
0 0.3975 0.1283 0.0098 0.0169
0 0.3916 0.1628 0.0078 0.0156
0 0.3511 0.1296 0.0088 0.0143
0 0.4438 0.099 0.0068 0.013
0 0.4316 0.0716 0.0059 0.013
0 0.4526 0.0586 0.0068 0.0104
0 0.4839 0.0768 0.0068 0.013
0 0.5127 0.0775 0.0059 0.0117
0 0.4927 0.0977 0.0068 0.0104
0 0.4795 0.0964 0.0078 0.0104
0 0.4834 0.1204 0.0078 0.0143
0 0.4951 0.1725 0.0078 0.0143
0 0.5107 0.1009 0.0078 0.0117
0 0.4634 0.2044 0.0107 0.0182
0 0.061 0.0605 0.0244 0.0352
0 0.0317 0.0488 0.0244 0.0352
0 0.0747 0.0384 0.0107 0.0143
0 0.0825 0.0273 0.0127 0.0182
0 0.48 0.0345 0.0068 0.0117
0 0.5093 0.0098 0.0049 0.0091
0 0.6733 0.013 0.0068 0.013
0 0.6587 0.0189 0.0088 0.0143
0 0.6484 0.0176 0.0078 0.0117
0 0.6357 0.0208 0.0059 0.0104
0 0.627 0.0195 0.0078 0.0104
0 0.5952 0.0163 0.0068 0.0091
0 0.5649 0.082 0.0068 0.0104
0 0.584 0.0846 0.0078 0.013
0 0.5327 0.0697 0.0068 0.0117
0 0.5449 0.209 0.0098 0.0143
0 0.603 0.2122 0.0088 0.013
0 0.623 0.1673 0.0098 0.0117
0 0.6665 0.1621 0.0088 0.0169
0 0.707 0.1816 0.0098 0.0143
0 0.7471 0.2018 0.0098 0.0156
0 0.7656 0.196 0.0098 0.0143
0 0.79 0.2057 0.0078 0.013
0 0.7881 0.2448 0.0098 0.0156
0 0.7627 0.2487 0.0098 0.0156
0 0.7417 0.1263 0.0068 0.0104
0 0.7202 0.1139 0.0068 0.0117
0 0.7642 0.0703 0.0068 0.013
0 0.7788 0.0638 0.0068 0.013
0 0.7651 0.0534 0.0068 0.0104
0 0.7412 0.054 0.0059 0.0091
0 0.7217 0.0488 0.0059 0.0091
0 0.7412 0.0352 0.0059 0.0104
0 0.6987 0.0417 0.0088 0.013
0 0.6782 0.0358 0.0068 0.0091
0 0.6919 0.0931 0.0088 0.0117
0 0.834 0.0788 0.0078 0.0143
0 0.8042 0.1081 0.0088 0.013
0 0.8633 0.0742 0.0078 0.0156
0 0.8887 0.0833 0.0078 0.013
0 0.8896 0.1562 0.0078 0.0156
0 0.9199 0.1628 0.0059 0.013
0 0.9419 0.1276 0.0049 0.0104
0 0.9648 0.1296 0.0078 0.0117
0 0.9224 0.1035 0.0068 0.0091
0 0.9321 0.1042 0.0049 0.0104
0 0.9067 0.1068 0.0088 0.0078
0 0.8989 0.0983 0.0068 0.0091
0 0.8867 0.2298 0.0098 0.0169
0 0.8696 0.2383 0.0088 0.013
0 0.8384 0.2793 0.0088 0.0143
0 0.7866 0.3255 0.0068 0.0156
0 0.8066 0.3223 0.0078 0.0143
0 0.9321 0.2435 0.0068 0.013
0 0.9316 0.2207 0.0098 0.0117
0 0.98 0.2767 0.0088 0.0169
0 0.9629 0.304 0.0078 0.0143
0 0.9541 0.2995 0.0078 0.013
0 0.9263 0.2956 0.0088 0.0156
0 0.9116 0.3034 0.0088 0.013
0 0.8706 0.2891 0.0088 0.0078
0 0.9019 0.3418 0.0068 0.0117
0 0.9512 0.321 0.0078 0.0091
0 0.9922 0.3145 0.0098 0.0143
0 0.9648 0.1686 0.0098 0.0143
0 0.9927 0.2689 0.0088 0.0143
0 0.9937 0.2891 0.0088 0.013
0 0.9819 0.2546 0.0088 0.0143
0 0.9932 0.1107 0.0078 0.0104
0 0.9653 0.1146 0.0068 0.0104
0 0.8589 0.2526 0.0088 0.0156
0 0.1987 0.1536 0.0088 0.0156
0 0.1968 0.1706 0.0088 0.0156
0 0.4946 0.3398 0.0361 0.0521
0 0.6729 0.3307 0.0391 0.0573
0 0.5947 0.2962 0.0137 0.0195
0 0.1377 0.0612 0.0137 0.0182
0 0.8696 0.1901 0.0088 0.0156
0 0.8267 0.2266 0.0166 0.0208
0 0.853 0.0762 0.0049 0.0117
0 0.751 0.0671 0.0078 0.0117
0 0.4541 0.0775 0.0098 0.0169
