0 0.0537 0.2273 0.0059 0.0132
0 0.0659 0.1981 0.0068 0.0102
0 0.1074 0.1996 0.0059 0.0132
0 0.1421 0.2244 0.0146 0.0249
0 0.1421 0.2478 0.0146 0.0278
0 0.0737 0.2537 0.0049 0.0073
0 0.2085 0.2558 0.0049 0.0088
0 0.2227 0.2551 0.0039 0.0073
0 0.2432 0.2039 0.0039 0.0102
0 0.2598 0.1857 0.0059 0.0117
0 0.2603 0.2069 0.0049 0.0102
0 0.2754 0.2003 0.0039 0.0088
0 0.2876 0.2054 0.0049 0.0102
0 0.2964 0.1988 0.0049 0.0117
0 0.3247 0.1959 0.0049 0.0117
0 0.3208 0.2003 0.0049 0.0088
0 0.3374 0.2091 0.0049 0.0088
0 0.3369 0.2507 0.0117 0.0219
0 0.2881 0.2442 0.0176 0.0351
0 0.3052 0.2624 0.0146 0.0307
0 0.2544 0.2654 0.0049 0.0102
0 0.3462 0.1974 0.0068 0.0117
0 0.3628 0.2098 0.0049 0.0102
0 0.3662 0.2032 0.0039 0.0117
0 0.375 0.2025 0.0039 0.0073
0 0.4087 0.2149 0.0146 0.0292
0 0.4341 0.2412 0.0186 0.038
0 0.4243 0.2039 0.0049 0.0102
0 0.4365 0.2076 0.0039 0.0088
0 0.4463 0.2076 0.0039 0.0058
0 0.4614 0.2047 0.0049 0.0088
0 0.4805 0.2047 0.0078 0.0117
0 0.4932 0.2127 0.0078 0.0132
0 0.4756 0.2376 0.0156 0.0336
0 0.5605 0.3004 0.0176 0.0307
0 0.5923 0.2368 0.0166 0.038
0 0.5767 0.239 0.0166 0.0336
0 0.5566 0.2171 0.0078 0.019
0 0.5923 0.2047 0.0068 0.0146
0 0.6265 0.2083 0.0068 0.0161
0 0.647 0.2098 0.0068 0.0161
0 0.6597 0.2113 0.0029 0.0044
0 0.6704 0.212 0.0029 0.0058
0 0.6738 0.3363 0.0098 0.0146
0 0.6821 0.3099 0.0088 0.0205
0 0.7578 0.2778 0.0195 0.0468
0 0.791 0.2719 0.0078 0.0146
0 0.7812 0.3289 0.0078 0.0175
0 0.8296 0.1981 0.0088 0.019
0 0.8511 0.2091 0.0068 0.0117
0 0.8711 0.2054 0.0059 0.019
0 0.9165 0.3224 0.0244 0.0482
0 0.9937 0.2463 0.0049 0.0102
0 0.019 0.201 0.0068 0.0161
