0 0.8984 0.286 0.0332 0.0698
0 0.8267 0.3023 0.0322 0.0744
0 0.874 0.4209 0.0371 0.0729
0 0.792 0.5186 0.0312 0.0729
0 0.6899 0.5271 0.0283 0.0651
0 0.6152 0.5225 0.0312 0.0713
0 0.7632 0.2612 0.0322 0.0574
0 0.6963 0.2977 0.0312 0.0651
0 0.6235 0.3031 0.0303 0.0605
0 0.5513 0.3054 0.0303 0.0682
0 0.4858 0.2922 0.0322 0.0667
0 0.4058 0.2597 0.0303 0.0636
0 0.3213 0.2643 0.0312 0.0636
0 0.248 0.2643 0.0312 0.0667
0 0.1665 0.2736 0.0303 0.0636
0 0.084 0.2953 0.0312 0.0636
0 0.54 0.5155 0.0312 0.0605
0 0.4502 0.531 0.0332 0.0729
0 0.355 0.5171 0.0342 0.0605
0 0.2671 0.5085 0.0322 0.0682
0 0.1816 0.4992 0.0332 0.0651
0 0.0962 0.4163 0.0322 0.076
