0 0.2246 0.3783 0.0801 0.1107
0 0.4404 0.418 0.0859 0.1172
0 0.5972 0.3828 0.0908 0.138
0 0.7759 0.375 0.0928 0.1276
0 0.2144 0.1484 0.0322 0.0599
0 0.1904 0.209 0.0273 0.0482
0 0.3574 0.1855 0.0312 0.0482
0 0.4014 0.1953 0.0254 0.0417
0 0.4502 0.1986 0.0273 0.0378
0 0.4224 0.1517 0.0264 0.0456
0 0.3618 0.1068 0.0361 0.0625
0 0.4019 0.1211 0.0283 0.0417
0 0.3276 0.127 0.0264 0.056
0 0.2905 0.1465 0.0322 0.0586
0 0.2563 0.11 0.0381 0.0638
0 0.1768 0.1074 0.0371 0.056
0 0.1289 0.0911 0.0137 0.0182
0 0.1006 0.0911 0.0156 0.0234
0 0.0703 0.1029 0.0156 0.0208
0 0.4224 0.0273 0.0342 0.0495
0 0.3281 0.0384 0.0371 0.0664
0 0.2886 0.0397 0.0283 0.0456
0 0.2222 0.0384 0.0361 0.056
0 0.5039 0.0397 0.0293 0.0534
0 0.7588 0.1875 0.0352 0.0703
0 0.7183 0.224 0.0322 0.0547
0 0.689 0.1823 0.0342 0.0495
0 0.7109 0.1641 0.043 0.0547
0 0.7881 0.138 0.0293 0.0547
0 0.8403 0.1087 0.0186 0.0273
0 0.7632 0.0892 0.0264 0.0534
0 0.8232 0.0801 0.0254 0.0352
0 0.7197 0.0977 0.0312 0.0573
0 0.6841 0.1022 0.0361 0.0612
0 0.645 0.1159 0.0381 0.0521
0 0.6475 0.1784 0.041 0.0547
0 0.604 0.1465 0.0342 0.0638
0 0.5713 0.1348 0.0254 0.0482
0 0.5615 0.1745 0.0195 0.0547
0 0.6011 0.084 0.0303 0.0326
0 0.7896 0.0273 0.0303 0.0443
0 0.7617 0.0182 0.0098 0.013
0 0.9722 0.0996 0.0205 0.0247
0 0.9414 0.1029 0.0215 0.0312
0 0.9102 0.1185 0.0215 0.0312
0 0.8745 0.1094 0.0205 0.026
0 0.3149 0.2103 0.0342 0.0508
0 0.0869 0.2812 0.0273 0.0573
0 0.1333 0.2624 0.0303 0.056
0 0.5132 0.2324 0.0303 0.0482
0 0.6694 0.252 0.0264 0.0456
0 0.0366 0.0924 0.0146 0.0234
