0 0.0073 0.4327 0.0166 0.0789
0 0.0312 0.3787 0.0254 0.0673
0 0.1362 0.3567 0.0479 0.0994
0 0.207 0.3728 0.041 0.0994
0 0.2529 0.3933 0.0605 0.1199
0 0.5156 0.3428 0.0371 0.0863
0 0.5166 0.4415 0.0234 0.0556
0 0.5679 0.4196 0.0322 0.0585
0 0.6138 0.432 0.0361 0.0863
0 0.6157 0.3852 0.0225 0.0482
0 0.6011 0.386 0.0186 0.0409
0 0.6997 0.4423 0.0244 0.0336
0 0.7559 0.4349 0.0449 0.0892
0 0.7661 0.3728 0.04 0.0702
0 0.8218 0.356 0.042 0.0892
0 0.8818 0.3414 0.0312 0.0833
0 0.9839 0.3501 0.0303 0.0716
