0 0.1118 0.2779 0.0088 0.022
0 0.1533 0.2863 0.0098 0.0186
0 0.1841 0.2846 0.0088 0.022
0 0.2095 0.3159 0.0068 0.0169
0 0.064 0.5693 0.0107 0.0203
0 0.0894 0.5709 0.0088 0.0236
0 0.1045 0.5481 0.0098 0.022
0 0.144 0.5448 0.0107 0.0253
0 0.1665 0.5667 0.0088 0.0253
0 0.1909 0.5541 0.0107 0.0236
0 0.1074 0.6242 0.0098 0.0287
0 0.1577 0.6402 0.0107 0.027
0 0.1787 0.6301 0.0117 0.027
0 0.2383 0.5794 0.0098 0.0236
0 0.2324 0.6444 0.0117 0.0253
0 0.2617 0.5735 0.0098 0.022
0 0.2896 0.5667 0.0107 0.0253
0 0.3091 0.5726 0.0107 0.0236
0 0.3315 0.5794 0.0107 0.0236
0 0.3594 0.5819 0.0098 0.022
0 0.3931 0.5853 0.0088 0.022
0 0.3677 0.6199 0.0107 0.027
0 0.3525 0.636 0.0098 0.0253
0 0.2856 0.647 0.0107 0.0236
0 0.3965 0.6385 0.0098 0.0169
0 0.4141 0.6292 0.0098 0.022
0 0.4399 0.6571 0.0127 0.0236
0 0.5586 0.2635 0.0098 0.0203
0 0.5991 0.272 0.0088 0.0203
0 0.6289 0.2728 0.0078 0.022
0 0.6553 0.3015 0.0078 0.0186
0 0.4839 0.6436 0.0107 0.027
0 0.5073 0.5541 0.0088 0.0203
0 0.5337 0.5557 0.0088 0.0236
0 0.5488 0.5329 0.0078 0.022
0 0.5513 0.6064 0.0107 0.027
0 0.5874 0.5296 0.0107 0.0253
0 0.6099 0.5524 0.0088 0.0236
0 0.6338 0.5405 0.0098 0.0236
0 0.6011 0.6233 0.0107 0.027
0 0.6216 0.6174 0.0107 0.0253
0 0.6758 0.6292 0.0137 0.0253
0 0.6802 0.5642 0.0107 0.0236
0 0.7051 0.5591 0.0098 0.0236
0 0.7275 0.6318 0.0098 0.027
0 0.752 0.5591 0.0098 0.0203
0 0.7734 0.565 0.0098 0.0253
0 0.7944 0.6225 0.0107 0.0253
0 0.8018 0.5693 0.0098 0.0236
0 0.8101 0.6073 0.0088 0.022
0 0.8354 0.5726 0.0088 0.0236
0 0.8384 0.625 0.0107 0.0203
0 0.8555 0.6182 0.0078 0.0203
0 0.8799 0.6444 0.0137 0.0253
0 0.9243 0.6318 0.0127 0.0304
