0 0.8315 0.0466 0.0303 0.0396
0 0.8032 0.1392 0.0303 0.0307
0 0.769 0.0932 0.0225 0.0358
0 0.751 0.1897 0.0234 0.037
0 0.689 0.2822 0.0303 0.0383
0 0.5962 0.1564 0.0283 0.0421
0 0.6548 0.0894 0.0166 0.0204
0 0.5391 0.1041 0.0156 0.0243
0 0.5454 0.2861 0.0303 0.0332
0 0.4917 0.1232 0.0166 0.0294
0 0.4688 0.1367 0.0215 0.0332
0 0.4497 0.0875 0.0146 0.0294
0 0.4067 0.2299 0.0225 0.0281
0 0.4482 0.2184 0.0195 0.0358
0 0.3306 0.1967 0.0244 0.0434
0 0.3276 0.0709 0.0166 0.0294
0 0.2124 0.1814 0.0264 0.0409
0 0.126 0.1788 0.0273 0.0358
0 0.1499 0.2688 0.0361 0.037
0 0.0854 0.2586 0.0303 0.037
0 0.2583 0.265 0.0205 0.0294
0 0.3652 0.3646 0.0254 0.037
0 0.6953 0.5287 0.0352 0.0358
0 0.5913 0.5421 0.0205 0.0345
0 0.4937 0.606 0.0166 0.0294
0 0.4653 0.5498 0.0205 0.037
0 0.3301 0.6673 0.0312 0.0473
