0 0.853 0.4671 0.0361 0.0615
0 0.7954 0.4531 0.0342 0.0571
0 0.7515 0.4583 0.0303 0.0586
0 0.7031 0.451 0.0332 0.0615
0 0.6455 0.4575 0.0332 0.0542
0 0.6665 0.5783 0.0361 0.0527
0 0.7451 0.6157 0.0391 0.0659
0 0.8057 0.6413 0.0371 0.0673
0 0.5493 0.4451 0.0342 0.0556
0 0.4741 0.4656 0.0244 0.0527
0 0.4243 0.4363 0.0264 0.0527
0 0.3643 0.4327 0.0293 0.0542
0 0.3486 0.6003 0.0371 0.0586
0 0.4648 0.6018 0.0312 0.0556
0 0.2773 0.4209 0.0352 0.0571
0 0.1567 0.4187 0.0381 0.0586
0 0.2476 0.5776 0.04 0.0659
