0 0.0649 0.1958 0.0439 0.1072
0 0.1353 0.1521 0.0361 0.0998
0 0.1743 0.1584 0.0303 0.0923
0 0.2041 0.1808 0.0273 0.0873
0 0.2139 0.2057 0.0176 0.0723
0 0.2529 0.2307 0.0234 0.0623
0 0.3262 0.2357 0.0215 0.0623
0 0.3848 0.1646 0.0234 0.0648
0 0.4141 0.1908 0.0195 0.0574
0 0.4702 0.2207 0.0186 0.0574
0 0.6279 0.4414 0.0215 0.0499
0 0.6538 0.4152 0.0225 0.0574
0 0.6802 0.4813 0.0264 0.0698
0 0.6753 0.1833 0.0205 0.0574
0 0.709 0.2007 0.0195 0.0623
0 0.729 0.1908 0.0244 0.0623
0 0.7754 0.217 0.0254 0.0748
0 0.8213 0.2182 0.0293 0.0773
0 0.7915 0.202 0.0186 0.0599
0 0.8569 0.2606 0.0283 0.0773
0 0.8896 0.3155 0.0332 0.0873
0 0.9355 0.2057 0.043 0.1072
0 0.8848 0.2357 0.0156 0.0574
0 0.9067 0.2307 0.0146 0.0424
