0 0.0342 0.4019 0.0273 0.0512
0 0.0962 0.3697 0.0225 0.0337
0 0.0947 0.4129 0.0273 0.0439
0 0.0781 0.4876 0.0293 0.0498
0 0.0112 0.4641 0.0244 0.0469
0 0.0132 0.5417 0.0283 0.0527
0 0.1265 0.4824 0.0244 0.0454
0 0.1699 0.4993 0.0254 0.0439
0 0.144 0.4348 0.0264 0.041
0 0.165 0.3865 0.0215 0.041
0 0.1631 0.3463 0.0137 0.0249
0 0.2256 0.3924 0.0215 0.0351
0 0.2017 0.4224 0.0244 0.0425
0 0.2651 0.5037 0.0244 0.0556
0 0.27 0.4129 0.0244 0.0527
0 0.2915 0.3792 0.0205 0.0381
0 0.269 0.3375 0.0127 0.0366
0 0.3193 0.3258 0.0137 0.0278
0 0.3774 0.3346 0.0166 0.0337
0 0.3857 0.3975 0.0215 0.0425
0 0.4204 0.3675 0.0127 0.0293
0 0.4614 0.377 0.0127 0.0278
0 0.4575 0.4136 0.0127 0.0337
0 0.3853 0.4502 0.0205 0.0454
0 0.3281 0.5102 0.0117 0.0278
0 0.3491 0.5168 0.0283 0.0556
0 0.4639 0.604 0.0215 0.0571
0 0.4849 0.5996 0.0303 0.0688
0 0.478 0.4663 0.0244 0.0425
0 0.5259 0.3529 0.0127 0.0293
0 0.5786 0.3807 0.0146 0.0322
0 0.5605 0.4026 0.0156 0.0351
0 0.6318 0.3638 0.0117 0.0249
0 0.6592 0.3594 0.0117 0.0278
0 0.7026 0.3895 0.0146 0.0322
0 0.7241 0.396 0.0205 0.0395
0 0.605 0.3931 0.0225 0.0454
0 0.6333 0.4312 0.0264 0.06
0 0.6865 0.4202 0.0176 0.0381
0 0.7339 0.4488 0.0205 0.0454
0 0.7061 0.4671 0.0273 0.0469
0 0.7935 0.4729 0.0283 0.0644
0 0.7861 0.4004 0.0195 0.0366
0 0.8154 0.4173 0.0254 0.0469
0 0.5962 0.5015 0.0225 0.0425
0 0.6147 0.5813 0.0283 0.0527
0 0.6997 0.5578 0.0303 0.0644
0 0.7622 0.5703 0.0322 0.0747
0 0.8457 0.4751 0.0312 0.0483
0 0.874 0.4195 0.0273 0.0454
0 0.9468 0.4275 0.0322 0.0527
0 0.9761 0.5044 0.0303 0.0483
0 0.8892 0.4802 0.0244 0.0498
0 0.313 0.41 0.0186 0.0469
0 0.7451 0.3653 0.0215 0.0337
0 0.5542 0.3734 0.0166 0.0293
0 0.5098 0.4327 0.0195 0.0425
