0 0.9106 0.5221 0.0674 0.1239
0 0.8232 0.2423 0.0195 0.0509
0 0.6436 0.2046 0.0215 0.1128
0 0.7236 0.2334 0.0098 0.0288
0 0.6641 0.2389 0.0059 0.0177
0 0.7061 0.2434 0.0078 0.0177
0 0.7158 0.2412 0.0059 0.0177
0 0.5498 0.1847 0.0293 0.0863
0 0.4653 0.2279 0.0205 0.0973
0 0.3887 0.1681 0.0273 0.0841
0 0.5869 0.2489 0.0059 0.0199
0 0.3003 0.1117 0.0225 0.0774
0 0.3311 0.2356 0.0117 0.0288
0 0.1636 0.2843 0.0205 0.042
0 0.0981 0.2677 0.0146 0.0398
0 0.0137 0.2865 0.0039 0.0111
0 0.0791 0.2843 0.0039 0.0111
