0 0.3442 0.4411 0.0322 0.0548
0 0.4805 0.4822 0.0273 0.0548
0 0.1792 0.4205 0.0127 0.0192
0 0.2578 0.4096 0.0117 0.0192
0 0.2759 0.4048 0.0068 0.0151
0 0.3154 0.4219 0.0098 0.0137
0 0.3755 0.426 0.0107 0.0192
0 0.4316 0.424 0.0117 0.0178
0 0.3633 0.4322 0.0059 0.0151
0 0.4932 0.4301 0.0039 0.0055
0 0.5327 0.4281 0.0068 0.0096
0 0.5483 0.4432 0.0088 0.0123
0 0.6055 0.4199 0.0098 0.0151
0 0.6626 0.4493 0.0088 0.0137
0 0.5718 0.4397 0.0049 0.0082
0 0.6494 0.4342 0.0039 0.0055
0 0.686 0.4445 0.0049 0.0068
0 0.3872 0.4404 0.0029 0.0041
0 0.5591 0.4452 0.0029 0.0055
0 0.5635 0.4404 0.002 0.0041
