0 0.0771 0.3463 0.0352 0.0567
0 0.1406 0.3621 0.0312 0.0515
0 0.1855 0.3892 0.0312 0.0528
0 0.2637 0.3463 0.0352 0.0594
0 0.2695 0.496 0.0332 0.058
0 0.1318 0.5699 0.0352 0.066
0 0.2129 0.686 0.041 0.058
0 0.3828 0.3806 0.0293 0.0488
0 0.4258 0.3456 0.0312 0.0501
0 0.4932 0.3615 0.0332 0.0554
0 0.5425 0.3476 0.0283 0.0462
0 0.5864 0.3971 0.0283 0.0554
0 0.6523 0.3714 0.0312 0.0462
0 0.6792 0.4248 0.0303 0.0501
0 0.3608 0.5145 0.0342 0.0607
0 0.4629 0.5277 0.0332 0.0501
0 0.5518 0.5172 0.0352 0.0607
0 0.4404 0.6675 0.0391 0.0686
0 0.3247 0.6788 0.0381 0.0673
0 0.5493 0.6946 0.0361 0.0673
0 0.6528 0.6926 0.0381 0.066
0 0.6519 0.5059 0.0342 0.0594
0 0.7393 0.3681 0.0254 0.0501
0 0.7642 0.4162 0.0342 0.0409
0 0.8721 0.4004 0.0332 0.062
0 0.8994 0.4631 0.0371 0.066
0 0.8647 0.6788 0.0381 0.0699
0 0.7656 0.6992 0.0371 0.0686
0 0.7627 0.5561 0.0352 0.062
