0 0.7812 0.4048 0.0391 0.0571
0 0.5972 0.3836 0.0537 0.0849
0 0.5073 0.3997 0.0283 0.0527
0 0.4219 0.4297 0.0312 0.0542
0 0.3374 0.4876 0.0127 0.0205
0 0.3662 0.4473 0.0117 0.022
0 0.377 0.4605 0.0098 0.022
0 0.3369 0.4627 0.0117 0.0205
0 0.3228 0.4436 0.0107 0.0205
0 0.3042 0.4488 0.0107 0.019
0 0.2876 0.4268 0.0107 0.019
0 0.2729 0.4261 0.0127 0.0234
0 0.2656 0.4436 0.0137 0.0234
0 0.2422 0.4422 0.0098 0.0176
0 0.2129 0.4327 0.0215 0.0337
0 0.1865 0.44 0.0137 0.0249
0 0.144 0.4583 0.0146 0.0293
0 0.1035 0.4348 0.0176 0.0293
0 0.0552 0.4729 0.0186 0.0293
0 0.062 0.459 0.0127 0.022
0 0.0391 0.4356 0.0156 0.0249
0 0.0146 0.5146 0.0137 0.0249
0 0.0093 0.459 0.0186 0.0307
0 0.4766 0.4334 0.0059 0.0117
0 0.5483 0.0783 0.0088 0.0132
0 0.5273 0.0747 0.0059 0.0117
0 0.4946 0.0578 0.0068 0.0132
0 0.4707 0.0622 0.0078 0.0132
0 0.6245 0.112 0.0049 0.0102
0 0.3335 0.0351 0.0088 0.0146
0 0.3872 0.4319 0.0107 0.0205
0 0.5796 0.1069 0.0068 0.0117
