0 0.1177 0.1381 0.0127 0.0212
0 0.0913 0.2 0.0107 0.0283
0 0.1021 0.2531 0.0127 0.0319
0 0.1294 0.2372 0.0107 0.0248
0 0.1333 0.2062 0.0107 0.0195
0 0.1514 0.2062 0.0098 0.0195
0 0.1406 0.1681 0.0098 0.0212
0 0.1504 0.1549 0.0078 0.0159
0 0.1655 0.1602 0.0088 0.023
0 0.1758 0.1779 0.0117 0.023
0 0.1753 0.2204 0.0107 0.023
0 0.1665 0.2664 0.0107 0.023
0 0.1611 0.3301 0.0117 0.0301
0 0.1299 0.3027 0.0117 0.0248
0 0.0864 0.292 0.0127 0.0319
0 0.0767 0.3319 0.0127 0.0301
0 0.0527 0.3779 0.0137 0.0301
0 0.105 0.3912 0.0146 0.0283
0 0.1216 0.3398 0.0127 0.0283
0 0.1436 0.3602 0.0137 0.0265
0 0.1592 0.4044 0.0098 0.0265
0 0.1792 0.4009 0.0127 0.023
0 0.1948 0.3673 0.0127 0.023
0 0.1978 0.3212 0.0107 0.023
0 0.2095 0.2947 0.0107 0.0265
0 0.2217 0.3062 0.0078 0.0212
0 0.2349 0.3097 0.0107 0.0177
0 0.2534 0.3177 0.0107 0.0265
0 0.2222 0.3531 0.0107 0.023
0 0.23 0.3956 0.0127 0.0265
0 0.2505 0.3832 0.0107 0.023
0 0.2666 0.3885 0.0137 0.0265
0 0.272 0.3584 0.0107 0.023
0 0.2935 0.3699 0.0127 0.0248
0 0.2964 0.4257 0.0127 0.023
0 0.3184 0.3752 0.0137 0.0319
0 0.3369 0.4044 0.0117 0.023
0 0.3257 0.4584 0.0127 0.0283
0 0.2686 0.4558 0.0137 0.0265
0 0.2344 0.4823 0.0137 0.0301
0 0.1948 0.4442 0.0127 0.0283
0 0.1772 0.4743 0.0146 0.0283
0 0.1528 0.4469 0.0127 0.023
0 0.1318 0.477 0.0137 0.0336
0 0.0952 0.4708 0.0146 0.0319
0 0.0981 0.4345 0.0127 0.0265
0 0.0815 0.5239 0.0186 0.0354
0 0.0371 0.5442 0.0176 0.0336
0 0.0439 0.6655 0.0195 0.0354
0 0.0864 0.7027 0.0186 0.0389
0 0.125 0.7186 0.0156 0.0354
0 0.1582 0.6673 0.0176 0.0319
0 0.1396 0.6381 0.0176 0.0301
0 0.1025 0.6248 0.0176 0.0283
0 0.1123 0.5788 0.0137 0.0319
0 0.144 0.5832 0.0166 0.0372
0 0.1841 0.5947 0.0146 0.0354
0 0.2065 0.6398 0.0146 0.0301
0 0.2329 0.6761 0.0166 0.0389
0 0.1855 0.6929 0.0176 0.0407
0 0.1602 0.5363 0.0176 0.0319
0 0.1987 0.5301 0.0146 0.0407
0 0.2417 0.5345 0.0146 0.0319
0 0.2305 0.5761 0.0156 0.0336
0 0.2559 0.6177 0.0156 0.0354
0 0.2847 0.6549 0.0186 0.0319
0 0.3174 0.6743 0.0156 0.0354
0 0.3516 0.6248 0.0176 0.0389
0 0.3848 0.646 0.0176 0.0389
0 0.3936 0.5761 0.0156 0.0336
0 0.3726 0.5381 0.0127 0.0248
0 0.3408 0.5646 0.0156 0.0354
0 0.3105 0.5478 0.0156 0.0336
0 0.3022 0.585 0.0146 0.0301
0 0.272 0.5637 0.0166 0.0336
0 0.271 0.4965 0.0127 0.0301
0 0.3047 0.4991 0.0117 0.0283
0 0.3491 0.4903 0.0127 0.0319
0 0.3979 0.4903 0.0146 0.0354
0 0.3794 0.4487 0.0127 0.0301
0 0.3701 0.3876 0.0137 0.0354
0 0.4116 0.4 0.0127 0.0283
0 0.4385 0.4053 0.0117 0.0283
0 0.4644 0.4416 0.0127 0.0265
0 0.4741 0.5071 0.0146 0.0336
0 0.4487 0.4699 0.0146 0.0336
0 0.3154 0.3053 0.0137 0.0336
0 0.355 0.3292 0.0127 0.0283
0 0.3442 0.2858 0.0107 0.023
0 0.3359 0.2814 0.0098 0.0248
0 0.3052 0.277 0.0088 0.0195
0 0.2886 0.3053 0.0107 0.0265
0 0.271 0.2805 0.0088 0.023
0 0.2495 0.2796 0.0088 0.0212
0 0.2603 0.2257 0.0088 0.023
0 0.2817 0.2398 0.0107 0.0159
0 0.2358 0.2204 0.0107 0.023
0 0.2173 0.2345 0.0127 0.0265
0 0.2075 0.1973 0.0107 0.0265
0 0.2217 0.169 0.0098 0.023
0 0.2158 0.1389 0.0078 0.0195
0 0.2031 0.1504 0.0078 0.0212
0 0.1802 0.1071 0.0107 0.023
0 0.2266 0.1115 0.0078 0.0177
0 0.2432 0.1389 0.0078 0.0195
0 0.2642 0.1637 0.0088 0.0195
0 0.2617 0.1894 0.0078 0.0177
0 0.2764 0.185 0.0078 0.0195
0 0.2969 0.1973 0.0078 0.0195
0 0.312 0.1841 0.0107 0.0212
0 0.3013 0.1549 0.0088 0.023
0 0.2915 0.1159 0.0088 0.023
0 0.2705 0.1133 0.0078 0.0142
0 0.3164 0.1053 0.0078 0.0195
0 0.3315 0.1177 0.0088 0.0195
0 0.3516 0.1283 0.0098 0.023
0 0.3604 0.0991 0.0078 0.0177
0 0.3296 0.0805 0.0068 0.0195
0 0.3848 0.1062 0.0059 0.0142
0 0.3965 0.1009 0.0078 0.0142
0 0.4146 0.077 0.0088 0.0195
0 0.4102 0.1088 0.0078 0.0195
0 0.4316 0.1097 0.0078 0.0177
0 0.4482 0.1035 0.0078 0.0195
0 0.4453 0.1398 0.0078 0.0177
0 0.4307 0.1637 0.0078 0.0195
0 0.4155 0.1381 0.0088 0.0142
0 0.3999 0.1513 0.0088 0.0195
0 0.3857 0.1487 0.0078 0.0212
0 0.3662 0.1558 0.0078 0.0142
0 0.3374 0.1708 0.0088 0.023
0 0.3213 0.1496 0.0078 0.0195
0 0.3506 0.1973 0.0078 0.0195
0 0.3633 0.2248 0.0078 0.0212
0 0.3867 0.2354 0.0078 0.0212
0 0.3862 0.1876 0.0088 0.0177
0 0.3149 0.2327 0.0088 0.0265
0 0.3252 0.2257 0.0078 0.0265
0 0.3472 0.254 0.0088 0.0195
0 0.3706 0.269 0.0088 0.0248
0 0.3872 0.2973 0.0088 0.0212
0 0.3979 0.3283 0.0088 0.0301
0 0.4683 0.3584 0.0146 0.0301
0 0.4443 0.315 0.0117 0.0319
0 0.4058 0.2124 0.0068 0.0177
0 0.439 0.1938 0.0088 0.0195
0 0.4404 0.2319 0.0098 0.0177
0 0.4141 0.2292 0.0078 0.0195
0 0.4395 0.2593 0.0098 0.023
0 0.4033 0.2628 0.0098 0.023
0 0.4209 0.2982 0.0098 0.023
0 0.4653 0.3 0.0107 0.023
0 0.4863 0.2699 0.0117 0.0301
0 0.5024 0.3044 0.0107 0.0283
0 0.541 0.3204 0.0117 0.0319
0 0.5278 0.2726 0.0107 0.0212
0 0.5239 0.2221 0.0088 0.023
0 0.5044 0.2106 0.0107 0.0212
0 0.4771 0.2292 0.0107 0.023
0 0.4624 0.208 0.0107 0.023
0 0.4717 0.1558 0.0059 0.0177
0 0.4966 0.1681 0.0068 0.0142
0 0.5073 0.1549 0.0068 0.0195
0 0.4834 0.1186 0.0098 0.0212
0 0.499 0.0973 0.0078 0.0177
0 0.5195 0.0796 0.0078 0.0177
0 0.522 0.1088 0.0068 0.0159
0 0.4722 0.0788 0.0068 0.0159
0 0.5547 0.0965 0.0078 0.0195
0 0.5381 0.1 0.0078 0.023
0 0.5449 0.1442 0.0078 0.0195
0 0.5703 0.169 0.0078 0.0195
0 0.5381 0.1938 0.0078 0.023
0 0.5273 0.1726 0.0078 0.0195
0 0.5762 0.1903 0.0098 0.023
0 0.5864 0.1416 0.0107 0.0212
0 0.5757 0.1115 0.0088 0.0212
0 0.5938 0.0982 0.0078 0.023
0 0.5776 0.0699 0.0088 0.0159
0 0.6157 0.0805 0.0068 0.0159
0 0.6304 0.0823 0.0088 0.023
0 0.6113 0.1018 0.0078 0.023
0 0.6416 0.1159 0.0078 0.0159
0 0.623 0.1513 0.0078 0.0195
0 0.6143 0.1726 0.0078 0.0195
0 0.6221 0.192 0.0098 0.0265
0 0.6523 0.1549 0.0078 0.0265
0 0.6704 0.169 0.0088 0.023
0 0.6484 0.0735 0.0078 0.023
0 0.6772 0.0929 0.0088 0.023
0 0.6699 0.0832 0.0078 0.0212
0 0.6577 0.2363 0.0088 0.023
0 0.6367 0.2425 0.0117 0.0248
0 0.6045 0.2372 0.0098 0.0248
0 0.5664 0.2363 0.0078 0.023
0 0.5757 0.2717 0.0088 0.0265
0 0.6138 0.2823 0.0107 0.0265
0 0.6416 0.2965 0.0117 0.0265
0 0.6567 0.3301 0.0107 0.0265
0 0.6108 0.3292 0.0107 0.0248
0 0.5723 0.3124 0.0117 0.023
0 0.5562 0.3619 0.0107 0.023
0 0.5942 0.3646 0.0127 0.0283
0 0.6274 0.3699 0.0107 0.0248
0 0.6108 0.4027 0.0088 0.023
0 0.6309 0.4204 0.0117 0.023
0 0.6577 0.4053 0.0107 0.0283
0 0.6729 0.4425 0.0117 0.0283
0 0.5942 0.446 0.0146 0.0319
0 0.5728 0.4018 0.0146 0.0319
0 0.4834 0.4124 0.0098 0.0283
0 0.5107 0.3867 0.0117 0.0301
0 0.5083 0.4389 0.0107 0.0283
0 0.5381 0.4115 0.0137 0.0265
0 0.5576 0.4726 0.0137 0.0319
0 0.5093 0.4965 0.0146 0.0336
0 0.5352 0.5283 0.0156 0.0372
0 0.583 0.5115 0.0156 0.0389
0 0.6104 0.5159 0.0137 0.0301
0 0.6509 0.5425 0.0146 0.0265
0 0.6602 0.4858 0.0117 0.0265
0 0.6289 0.5743 0.0137 0.0301
0 0.5527 0.6186 0.0176 0.0478
0 0.5918 0.6274 0.0137 0.0336
0 0.6572 0.6168 0.0156 0.0478
0 0.4932 0.6142 0.0176 0.0389
0 0.4604 0.5841 0.0186 0.0354
0 0.4282 0.5478 0.0146 0.0372
0 0.439 0.6575 0.0146 0.0336
0 0.6958 0.0796 0.0088 0.0142
0 0.6963 0.1035 0.0078 0.0195
0 0.707 0.1106 0.0098 0.023
0 0.7275 0.0885 0.0059 0.0106
0 0.7383 0.1097 0.0098 0.0248
0 0.7515 0.1071 0.0088 0.0195
0 0.7778 0.1088 0.0088 0.0159
0 0.7822 0.131 0.0078 0.0177
0 0.7744 0.1496 0.0078 0.023
0 0.7383 0.1416 0.0098 0.0177
0 0.7065 0.1451 0.0088 0.0212
0 0.6929 0.1611 0.0088 0.0177
0 0.6895 0.2212 0.0098 0.0177
0 0.6841 0.2522 0.0146 0.0336
0 0.7197 0.1982 0.0078 0.0142
0 0.7129 0.2239 0.0098 0.0265
0 0.7256 0.2301 0.0117 0.0283
0 0.7632 0.2496 0.0107 0.0248
0 0.7896 0.1885 0.0107 0.023
0 0.8086 0.1735 0.0078 0.0212
0 0.8008 0.1451 0.0078 0.0177
0 0.8252 0.1407 0.0078 0.023
0 0.8359 0.1717 0.0078 0.0177
0 0.8486 0.1681 0.0098 0.0248
0 0.8594 0.2062 0.0117 0.0265
0 0.8794 0.2053 0.0107 0.0177
0 0.8784 0.2584 0.0127 0.0283
0 0.835 0.2655 0.0098 0.0248
0 0.7925 0.2425 0.0088 0.0177
0 0.8823 0.3204 0.0127 0.0319
0 0.9204 0.3673 0.0146 0.0265
0 0.9424 0.4062 0.0137 0.0265
0 0.8691 0.3602 0.0137 0.0372
0 0.8232 0.3726 0.0137 0.0336
0 0.8159 0.3292 0.0127 0.0283
0 0.7979 0.277 0.0098 0.0195
0 0.772 0.2938 0.0127 0.0283
0 0.7822 0.3372 0.0117 0.0301
0 0.8047 0.4221 0.0137 0.0336
0 0.8599 0.4434 0.0146 0.0301
0 0.8721 0.4097 0.0137 0.0265
0 0.9004 0.4894 0.0156 0.0301
0 0.9312 0.4814 0.0146 0.0319
0 0.9541 0.5168 0.0176 0.0354
0 0.9316 0.5611 0.0156 0.0354
0 0.9331 0.6743 0.0186 0.0354
0 0.8848 0.6071 0.0195 0.0389
0 0.8726 0.5531 0.0166 0.0336
0 0.8257 0.5496 0.0146 0.0336
0 0.8335 0.5018 0.0166 0.0265
0 0.792 0.4938 0.0176 0.0354
0 0.7505 0.4982 0.0166 0.0336
0 0.7534 0.4434 0.0127 0.0301
0 0.7632 0.3814 0.0127 0.023
0 0.7222 0.3549 0.0127 0.0265
0 0.7134 0.415 0.0127 0.0301
0 0.7036 0.4558 0.0166 0.0301
0 0.6909 0.5177 0.0146 0.0336
0 0.749 0.5611 0.0195 0.0389
0 0.7925 0.5947 0.0166 0.0319
0 0.834 0.6319 0.0176 0.0425
0 0.9033 0.7549 0.0215 0.0513
0 0.8477 0.715 0.0215 0.046
0 0.7251 0.654 0.0186 0.0372
0 0.7876 0.6646 0.0186 0.0513
0 0.6929 0.6106 0.0186 0.0389
0 0.7065 0.708 0.0186 0.0389
0 0.6836 0.3177 0.0098 0.023
0 0.6943 0.3487 0.0117 0.0283
0 0.7271 0.2788 0.0107 0.0265
0 0.7437 0.3035 0.0127 0.0265
0 0.6753 0.1451 0.0088 0.0177
0 0.7539 0.215 0.0098 0.023
0 0.7583 0.169 0.0107 0.023
0 0.8086 0.2239 0.0098 0.0195
