0 0.3569 0.5718 0.0205 0.0352
0 0.4272 0.5814 0.0186 0.0367
0 0.4937 0.5718 0.0205 0.0381
0 0.5571 0.5726 0.0205 0.0367
0 0.624 0.5748 0.0215 0.0381
0 0.6216 0.4912 0.0186 0.0323
0 0.5566 0.4905 0.0195 0.0396
0 0.5005 0.5059 0.0186 0.0323
0 0.436 0.4765 0.0186 0.0352
0 0.3838 0.4839 0.0176 0.0323
0 0.3394 0.4787 0.0186 0.0367
0 0.3003 0.4553 0.0205 0.0396
0 0.2466 0.4765 0.0186 0.0352
0 0.188 0.4853 0.0205 0.0352
0 0.1812 0.5645 0.0205 0.0352
0 0.2397 0.5843 0.0166 0.0337
0 0.2998 0.5755 0.0195 0.0396
0 0.1343 0.4787 0.0186 0.0337
0 0.0737 0.4714 0.0186 0.0308
0 0.8218 0.4963 0.0205 0.0337
0 0.8916 0.5198 0.0176 0.0308
0 0.8774 0.5843 0.0205 0.0396
0 0.8218 0.5726 0.0225 0.0367
0 0.7534 0.5902 0.0205 0.0396
0 0.7529 0.5029 0.0195 0.0352
0 0.6914 0.4721 0.0176 0.0323
0 0.6948 0.5755 0.0244 0.0396
