0 0.0562 0.7025 0.0322 0.0299
0 0.2397 0.7054 0.0244 0.0215
0 0.3413 0.7943 0.04 0.0247
0 0.1606 0.877 0.0303 0.0352
0 0.2188 0.5368 0.0254 0.0202
0 0.1167 0.4723 0.0127 0.0137
0 0.1543 0.4681 0.0156 0.013
0 0.3276 0.4609 0.0186 0.0143
0 0.2734 0.4541 0.0117 0.0085
0 0.3525 0.5592 0.0195 0.0182
0 0.3726 0.5339 0.0205 0.0182
0 0.2935 0.6374 0.0361 0.026
0 0.3813 0.6458 0.0205 0.0299
0 0.3564 0.7145 0.0254 0.0293
0 0.5845 0.5892 0.0264 0.0195
0 0.4507 0.5508 0.0225 0.0195
0 0.5479 0.5622 0.0195 0.0176
0 0.6807 0.5319 0.0117 0.0156
0 0.4873 0.5124 0.0156 0.0117
0 0.4258 0.5127 0.0195 0.0163
0 0.4043 0.4626 0.0176 0.015
0 0.4243 0.4704 0.0166 0.0176
0 0.5552 0.4818 0.0205 0.0156
0 0.5708 0.5049 0.0166 0.015
0 0.5645 0.4684 0.0117 0.015
0 0.6475 0.5039 0.0215 0.0169
0 0.6255 0.4583 0.0127 0.013
0 0.8315 0.4766 0.0186 0.013
0 0.916 0.4681 0.0195 0.0169
0 0.9531 0.5081 0.0293 0.0202
0 0.7563 0.6107 0.0303 0.0247
0 0.8955 0.638 0.0352 0.0273
0 0.144 0.5723 0.0166 0.0208
