0 0.3521 0.2489 0.083 0.1466
0 0.4727 0.5239 0.0977 0.1771
0 0.5713 0.5479 0.0117 0.0247
0 0.7183 0.32 0.1006 0.1814
0 0.5723 0.2141 0.0156 0.0305
0 0.6045 0.2104 0.0156 0.0406
0 0.5571 0.4028 0.0127 0.0305
0 0.5576 0.2845 0.0098 0.0174
0 0.5679 0.2779 0.0088 0.0131
0 0.8994 0.2663 0.0137 0.0218
0 0.9258 0.2395 0.0156 0.029
0 0.9263 0.2954 0.0225 0.0305
0 0.9004 0.336 0.0195 0.045
0 0.8296 0.3672 0.0264 0.0639
0 0.8213 0.3578 0.0059 0.016
0 0.8247 0.3781 0.0068 0.016
0 0.856 0.3563 0.0049 0.0131
0 0.3926 0.0544 0.0879 0.0508
0 0.4775 0.0421 0.0195 0.029
0 0.6733 0.1597 0.0186 0.0406
0 0.8218 0.23 0.0088 0.0218
