0 0.5986 0.8833 0.0117 0.0191
0 0.7451 0.71 0.0078 0.0132
0 0.4897 0.6608 0.0088 0.0147
0 0.4487 0.5007 0.0068 0.0117
0 0.4004 0.5051 0.0078 0.0117
0 0.9683 0.9772 0.0107 0.0162
0 0.6157 0.5073 0.0049 0.0103
0 0.2866 0.8855 0.0107 0.0147
0 0.2754 0.7151 0.0098 0.0147
0 0.0391 0.7841 0.0098 0.0147
0 0.002 0.79 0.0059 0.0206
0 0.0498 0.5639 0.0078 0.0117
0 0.0811 0.4787 0.0078 0.0088
0 0.2612 0.5609 0.0107 0.0176
0 0.2588 0.5007 0.0078 0.0117
0 0.2124 0.5044 0.0088 0.0132
0 0.2402 0.4398 0.0059 0.0103
