0 0.9058 0.7129 0.0244 0.0183
0 0.9082 0.5889 0.0215 0.0137
0 0.2705 0.8035 0.0312 0.0203
0 0.1333 0.8028 0.0244 0.0203
0 0.3677 0.6403 0.0244 0.0183
0 0.4287 0.532 0.0195 0.0164
0 0.8818 0.5206 0.0195 0.0144
0 0.9185 0.4555 0.0186 0.0137
0 0.9331 0.397 0.0166 0.0131
0 0.5005 0.4581 0.0205 0.015
0 0.5913 0.3875 0.0146 0.0124
0 0.0742 0.4444 0.0195 0.0111
0 0.1562 0.394 0.0156 0.0137
0 0.2324 0.3862 0.0156 0.0111
0 0.0049 0.2842 0.0117 0.0098
0 0.0728 0.2492 0.0146 0.0092
0 0.063 0.206 0.0107 0.0078
0 0.126 0.2037 0.0098 0.0072
0 0.0161 0.2495 0.0127 0.0085
0 0.272 0.3303 0.0166 0.0105
0 0.314 0.2783 0.0166 0.0098
0 0.2119 0.2884 0.0098 0.0105
0 0.2759 0.2744 0.0107 0.0098
0 0.3291 0.2825 0.0078 0.0052
0 0.272 0.2881 0.0088 0.0085
0 0.3843 0.2456 0.0127 0.0098
0 0.6011 0.327 0.0146 0.0105
0 0.5991 0.2907 0.0146 0.0098
0 0.6636 0.2881 0.0146 0.0085
0 0.9604 0.2067 0.0127 0.0092
0 0.9517 0.1789 0.0127 0.0085
0 0.9155 0.154 0.0107 0.0085
0 0.8691 0.1566 0.0117 0.0085
0 0.6821 0.2446 0.0127 0.0092
0 0.7041 0.2165 0.0117 0.0065
0 0.646 0.2207 0.0146 0.0085
0 0.6914 0.1864 0.0117 0.0078
0 0.4341 0.2031 0.0127 0.0085
0 0.374 0.2099 0.0078 0.0065
0 0.3911 0.2034 0.0068 0.0065
0 0.4263 0.1841 0.0107 0.0072
0 0.376 0.1871 0.0078 0.0052
0 0.0869 0.1795 0.0098 0.0059
0 0.1191 0.1831 0.0078 0.0052
0 0.1807 0.1494 0.0078 0.0059
0 0.1841 0.0948 0.0088 0.0065
0 0.4121 0.1678 0.0059 0.0033
0 0.3687 0.1694 0.0068 0.0039
0 0.376 0.1504 0.0059 0.0052
0 0.3984 0.1328 0.0059 0.0052
0 0.3232 0.1167 0.0059 0.0046
0 0.8047 0.1243 0.0078 0.0052
0 0.7568 0.1285 0.0098 0.0059
0 0.7153 0.1102 0.0068 0.0046
0 0.6465 0.1681 0.0078 0.0052
0 0.6177 0.1387 0.0088 0.0052
0 0.5752 0.1439 0.0078 0.0065
0 0.5806 0.1458 0.0049 0.0039
0 0.6729 0.0942 0.0059 0.0039
0 0.5977 0.0762 0.0059 0.0046
0 0.5728 0.0755 0.0068 0.0046
0 0.543 0.1154 0.0059 0.0046
0 0.481 0.071 0.0049 0.0033
0 0.4761 0.1043 0.0068 0.0046
0 0.4443 0.0912 0.0059 0.0046
0 0.4453 0.0804 0.0059 0.0039
0 0.4341 0.0818 0.0068 0.0052
0 0.3677 0.0857 0.0068 0.0052
0 0.333 0.1053 0.0059 0.0039
0 0.3115 0.0683 0.0039 0.0033
0 0.3286 0.0683 0.0049 0.0046
0 0.271 0.0526 0.0049 0.0033
0 0.2593 0.0876 0.0068 0.0052
0 0.2705 0.0893 0.0059 0.0059
0 0.2373 0.054 0.0078 0.0046
0 0.1733 0.0271 0.0049 0.0046
0 0.0928 0.0252 0.0039 0.0033
0 0.0728 0.0278 0.0049 0.0033
0 0.0488 0.0566 0.0059 0.0033
0 0.019 0.0556 0.0029 0.0039
0 0.4033 0.0428 0.0059 0.0046
