0 0.0698 0.6868 0.0107 0.0143
0 0.1069 0.6966 0.0068 0.0156
0 0.5093 0.8607 0.0107 0.0156
0 0.9614 0.5658 0.0068 0.0117
0 0.0542 0.1738 0.0049 0.0065
0 0.0479 0.1862 0.0039 0.0052
0 0.0464 0.1973 0.0029 0.0039
0 0.1587 0.1478 0.0049 0.0065
0 0.1851 0.1445 0.0029 0.0052
0 0.2075 0.1354 0.0029 0.0052
0 0.2139 0.1348 0.0039 0.0065
0 0.2314 0.1556 0.0059 0.0065
0 0.2554 0.1432 0.0029 0.0052
0 0.251 0.1413 0.0039 0.0039
0 0.3022 0.1419 0.0029 0.0052
0 0.3164 0.1302 0.0039 0.0052
0 0.3462 0.1185 0.0029 0.0052
0 0.3745 0.1061 0.0029 0.0039
0 0.3911 0.1094 0.0029 0.0052
0 0.4028 0.1022 0.0029 0.0065
0 0.415 0.1048 0.002 0.0039
0 0.4282 0.1048 0.0029 0.0039
0 0.4365 0.1107 0.002 0.0052
0 0.4336 0.0977 0.002 0.0026
0 0.4907 0.1133 0.0029 0.0026
0 0.4956 0.1185 0.0029 0.0052
0 0.4497 0.0911 0.0029 0.0052
0 0.4619 0.0931 0.0039 0.0065
0 0.4453 0.0879 0.0039 0.0039
0 0.4434 0.0625 0.002 0.0026
0 0.4551 0.069 0.0039 0.0052
0 0.4614 0.0677 0.0029 0.0052
0 0.4595 0.0599 0.0029 0.0026
0 0.8848 0.4329 0.0078 0.0091
0 0.5654 0.5579 0.0078 0.0117
0 0.5952 0.5651 0.0068 0.0078
0 0.6196 0.5586 0.0088 0.0104
0 0.5708 0.5534 0.0049 0.0104
0 0.5747 0.5456 0.0049 0.0078
0 0.5835 0.5469 0.0049 0.0104
0 0.4272 0.0586 0.0029 0.0052
