0 0.8828 0.3919 0.0293 0.0257
0 0.8276 0.3929 0.0264 0.0225
0 0.7949 0.3912 0.0254 0.0219
0 0.7803 0.3958 0.0293 0.0257
0 0.7476 0.38 0.0205 0.0199
0 0.6274 0.3784 0.0186 0.0167
0 0.9756 0.3555 0.0176 0.0161
0 0.9458 0.3652 0.0107 0.0135
0 0.9321 0.3652 0.0146 0.0148
0 0.5503 0.3832 0.0596 0.0483
0 0.4751 0.3665 0.0166 0.0174
0 0.4414 0.3764 0.0137 0.0129
0 0.3789 0.3642 0.0117 0.0129
0 0.3511 0.3713 0.0107 0.0103
0 0.3447 0.3575 0.0117 0.0109
0 0.3521 0.344 0.0068 0.0058
0 0.3794 0.3375 0.0068 0.0058
0 0.4214 0.3414 0.0068 0.0058
0 0.3687 0.3356 0.0049 0.0045
0 0.3569 0.3327 0.0049 0.0039
0 0.2295 0.3604 0.0098 0.009
0 0.1484 0.352 0.0098 0.009
0 0.1274 0.3581 0.0088 0.0084
0 0.1001 0.3436 0.0088 0.0077
0 0.2012 0.3478 0.0078 0.0084
0 0.2402 0.3362 0.0039 0.0032
0 0.3003 0.3745 0.0264 0.0257
0 0.0718 0.3652 0.0264 0.0251
0 0.6128 0.3539 0.0107 0.0103
