0 0.2354 0.8761 0.0117 0.022
0 0.2583 0.8402 0.0127 0.0205
0 0.2856 0.794 0.0088 0.0161
0 0.1899 0.7933 0.0107 0.0147
0 0.1968 0.7639 0.0088 0.0176
0 0.0366 0.8849 0.0088 0.0161
0 0.1064 0.8541 0.0098 0.0191
0 0.2236 0.6107 0.0059 0.0132
0 0.2876 0.643 0.0088 0.0132
0 0.1372 0.6173 0.0068 0.0117
0 0.1401 0.5894 0.0049 0.0117
0 0.0474 0.5462 0.0068 0.0132
0 0.0679 0.5403 0.0049 0.0103
0 0.0635 0.5528 0.0059 0.0088
0 0.1831 0.6122 0.0049 0.0103
0 0.1567 0.4179 0.0049 0.0088
0 0.188 0.4707 0.0049 0.0088
0 0.2349 0.467 0.0049 0.0103
0 0.2827 0.4721 0.0068 0.0117
0 0.4766 0.5213 0.0059 0.0103
0 0.4624 0.5176 0.0049 0.0117
0 0.4722 0.4802 0.0029 0.0073
0 0.481 0.456 0.0049 0.0059
0 0.2666 0.1056 0.0137 0.0264
0 0.1128 0.7067 0.0088 0.0147
0 0.5591 0.7214 0.0107 0.0176
0 0.9453 0.4245 0.0039 0.0073
0 0.9731 0.415 0.0049 0.0088
0 0.896 0.3688 0.0049 0.0073
0 0.0991 0.7661 0.0088 0.0161
0 0.0444 0.6943 0.0068 0.0161
