0 0.1279 0.7363 0.0312 0.0352
0 0.3501 0.7552 0.0264 0.0417
0 0.3789 0.7559 0.0312 0.0534
0 0.2617 0.5449 0.0098 0.0195
0 0.4316 0.7858 0.0293 0.0482
0 0.6216 0.6432 0.0225 0.0286
0 0.6143 0.584 0.0156 0.0273
0 0.6265 0.5814 0.0049 0.0117
0 0.5786 0.6022 0.0146 0.0247
0 0.561 0.5495 0.0127 0.0182
0 0.4111 0.4961 0.0137 0.0208
0 0.4302 0.502 0.0068 0.0169
0 0.3662 0.4824 0.0098 0.0169
0 0.6006 0.4772 0.0078 0.0117
0 0.4795 0.4362 0.0078 0.013
0 0.5059 0.526 0.0078 0.013
0 0.5742 0.4492 0.0078 0.013
0 0.5864 0.4766 0.0068 0.0104
0 0.6079 0.4811 0.0049 0.0091
0 0.5908 0.4557 0.0059 0.0104
0 0.1099 0.0938 0.0088 0.0156
0 0.1001 0.0885 0.0088 0.0182
0 0.1206 0.099 0.0049 0.0104
0 0.9634 0.696 0.0205 0.0404
0 0.8545 0.4596 0.0078 0.013
0 0.8354 0.4577 0.0068 0.0117
0 0.8442 0.4479 0.0049 0.0078
0 0.7993 0.4505 0.0088 0.013
0 0.9194 0.4727 0.0049 0.0104
0 0.915 0.4759 0.0059 0.0065
0 0.2432 0.0853 0.0098 0.0143
0 0.228 0.0833 0.0068 0.0078
0 0.2114 0.0807 0.0088 0.013
0 0.6934 0.4076 0.0059 0.0078
