0 0.9043 0.3377 0.0098 0.0132
0 0.9316 0.3411 0.0098 0.0172
0 0.9756 0.4311 0.0137 0.0199
0 0.7085 0.3762 0.0107 0.0185
0 0.6851 0.4046 0.0127 0.0199
0 0.623 0.4119 0.0098 0.0185
0 0.6108 0.3748 0.0107 0.0185
0 0.5669 0.3788 0.0107 0.0159
0 0.5308 0.3921 0.0107 0.0185
0 0.3418 0.3808 0.0117 0.0172
0 0.2144 0.3192 0.0107 0.0132
0 0.1509 0.3417 0.0127 0.0185
0 0.3721 0.5781 0.0176 0.0199
0 0.2764 0.4656 0.0117 0.0172
0 0.2295 0.3046 0.0078 0.0132
0 0.0801 0.4146 0.0117 0.0185
0 0.0293 0.4305 0.0117 0.0185
0 0.1636 0.7358 0.0166 0.0278
0 0.3828 0.6464 0.0195 0.0344
0 0.3262 0.6695 0.0215 0.0358
0 0.4263 0.4921 0.0127 0.0199
0 0.3516 0.3437 0.0078 0.0146
