0 0.8569 0.7427 0.0146 0.0279
0 0.9551 0.9311 0.0176 0.0323
0 0.8735 0.9208 0.0186 0.0323
0 0.9897 0.7683 0.0166 0.0264
0 0.9868 0.901 0.0186 0.0337
0 0.9419 0.7031 0.0127 0.022
0 0.8633 0.6979 0.0156 0.0264
0 0.7593 0.7918 0.0186 0.0323
0 0.729 0.8651 0.0166 0.0264
0 0.8149 0.5579 0.0127 0.022
0 0.7451 0.6158 0.0078 0.0205
0 0.8237 0.6276 0.0107 0.0176
0 0.8901 0.4714 0.0127 0.022
0 0.8315 0.4509 0.0088 0.0161
0 0.8589 0.4611 0.0088 0.0161
0 0.5552 0.8226 0.0186 0.0323
0 0.5947 0.7515 0.0117 0.0308
0 0.5024 0.8893 0.0205 0.0337
0 0.439 0.9186 0.0205 0.0337
0 0.4976 0.7881 0.0166 0.0308
0 0.6074 0.7265 0.0117 0.0249
0 0.4297 0.8006 0.0137 0.0264
0 0.3711 0.8387 0.0156 0.0323
0 0.3916 0.7896 0.0176 0.0279
0 0.4478 0.6891 0.0127 0.0264
0 0.4067 0.6884 0.0127 0.0249
0 0.4854 0.6774 0.0098 0.0205
0 0.6982 0.6444 0.0078 0.0161
0 0.5146 0.5455 0.0117 0.0176
0 0.9473 0.6107 0.0117 0.0191
0 0.1831 0.8629 0.0146 0.0279
0 0.1006 0.835 0.0176 0.0337
0 0.0513 0.7881 0.0166 0.0279
0 0.1538 0.6804 0.0127 0.0205
0 0.0405 0.6305 0.0107 0.0205
0 0.0923 0.563 0.0127 0.0235
0 0.1343 0.5638 0.0107 0.022
0 0.1938 0.607 0.0107 0.0205
0 0.2192 0.5462 0.0107 0.0191
0 0.0576 0.4897 0.0098 0.0176
0 0.0913 0.4787 0.0107 0.0191
0 0.2769 0.5345 0.0088 0.0161
0 0.3325 0.5389 0.0107 0.0191
0 0.1523 0.4479 0.0078 0.0161
0 0.3428 0.4435 0.0098 0.0191
0 0.2656 0.4362 0.0078 0.0161
0 0.7021 0.4956 0.0098 0.0176
0 0.6074 0.4428 0.0098 0.0147
0 0.5122 0.4311 0.0088 0.0147
0 0.4785 0.4501 0.0117 0.0205
0 0.644 0.4443 0.0107 0.0205
0 0.6533 0.6048 0.0098 0.0161
0 0.4243 0.5183 0.0088 0.0161
0 0.3818 0.5755 0.0117 0.0191
0 0.3647 0.6305 0.0088 0.0176
0 0.2544 0.412 0.0088 0.0147
0 0.2969 0.4186 0.0078 0.0132
0 0.2388 0.6628 0.0127 0.0205
0 0.2744 0.599 0.0098 0.0191
0 0.2417 0.5521 0.0088 0.0161
0 0.2046 0.0286 0.0088 0.0161
0 0.2583 0.0367 0.0107 0.0176
0 0.6846 0.0352 0.0078 0.0147
0 0.6938 0.0565 0.0107 0.0191
0 0.8198 0.0425 0.0088 0.0176
0 0.7344 0.0396 0.0078 0.0176
0 0.9351 0.044 0.0088 0.0176
0 0.9424 0.8798 0.0176 0.0264
0 0.6196 0.0374 0.0068 0.0161
0 0.5703 0.0396 0.0098 0.0176
0 0.2061 0.4406 0.0078 0.0161
0 0.23 0.4494 0.0088 0.0161
0 0.9722 0.0345 0.0107 0.0191
0 0.1821 0.4633 0.0088 0.0176
0 0.5728 0.4164 0.0088 0.0147
0 0.1909 0.5814 0.0107 0.0161
0 0.1548 0.5909 0.0127 0.0176
0 0.167 0.5638 0.0117 0.022
0 0.3496 0.7588 0.0137 0.0249
0 0.3691 0.5264 0.0098 0.0205
0 0.4062 0.6312 0.0098 0.0191
0 0.9023 0.7148 0.0117 0.0279
0 0.8472 0.5645 0.0068 0.0147
