0 0.0903 0.3879 0.0322 0.0619
0 0.1709 0.3569 0.0254 0.0501
0 0.2344 0.3378 0.0234 0.0531
0 0.2725 0.3732 0.0234 0.0501
0 0.3418 0.3547 0.0234 0.0457
0 0.4102 0.3481 0.0215 0.0354
0 0.4404 0.3577 0.0215 0.0457
0 0.5083 0.351 0.0225 0.0383
0 0.5615 0.3562 0.0195 0.0487
0 0.5894 0.3577 0.0225 0.0575
0 0.6221 0.3496 0.0215 0.0501
0 0.1968 0.5347 0.0283 0.0546
0 0.6582 0.3732 0.0234 0.0501
0 0.5928 0.5052 0.0254 0.0546
0 0.4971 0.4889 0.0273 0.0634
0 0.4102 0.5088 0.0273 0.056
0 0.2949 0.4971 0.0293 0.056
0 0.6758 0.3437 0.0215 0.0354
0 0.7007 0.3709 0.0225 0.0457
0 0.7305 0.3702 0.0234 0.0531
0 0.7646 0.3525 0.0215 0.0442
0 0.8013 0.3702 0.0244 0.059
0 0.8628 0.3717 0.0244 0.0501
0 0.8789 0.5192 0.0273 0.0678
0 0.8057 0.5442 0.0273 0.0531
0 0.6914 0.5059 0.0273 0.0531
