0 0.8086 0.3438 0.043 0.0781
0 0.6865 0.3359 0.043 0.0807
0 0.543 0.3464 0.041 0.0807
0 0.4272 0.3659 0.0459 0.0781
0 0.3145 0.3366 0.043 0.0794
0 0.1807 0.3477 0.0449 0.0833
0 0.9736 0.1777 0.0293 0.0638
0 0.8716 0.1875 0.042 0.0729
0 0.8022 0.1908 0.0361 0.0638
0 0.7344 0.1217 0.0332 0.0664
0 0.6445 0.1491 0.0352 0.0664
0 0.5571 0.1803 0.0342 0.069
0 0.4478 0.2305 0.042 0.0781
0 0.4751 0.1608 0.0342 0.0612
0 0.3916 0.1224 0.0332 0.0677
0 0.3179 0.1536 0.0381 0.0651
0 0.2319 0.1595 0.0361 0.0716
0 0.1436 0.1862 0.041 0.0755
0 0.0684 0.1706 0.043 0.0729
