0 0.5938 0.3717 0.0625 0.151
0 0.1753 0.2419 0.0752 0.1965
0 0.9023 0.0359 0.0469 0.0718
0 0.4512 0.1906 0.041 0.0704
0 0.708 0.162 0.0312 0.0601
0 0.5718 0.2405 0.0361 0.0792
0 0.2617 0.1877 0.0293 0.0499
0 0.8218 0.0139 0.0322 0.0308
0 0.5796 0.0997 0.0225 0.0469
0 0.5435 0.154 0.0205 0.0499
0 0.3223 0.195 0.0352 0.0645
0 0.1978 0.1796 0.0225 0.063
0 0.208 0.1151 0.0273 0.0543
0 0.29 0.1232 0.0215 0.0411
0 0.375 0.1305 0.0215 0.0499
0 0.7339 0.1026 0.0264 0.0557
0 0.5186 0.0828 0.0273 0.0513
0 0.3203 0.0792 0.0195 0.044
0 0.4268 0.0572 0.0195 0.0381
0 0.3843 0.0718 0.0225 0.0411
0 0.4897 0.0477 0.0166 0.0396
0 0.5669 0.0623 0.0186 0.0249
0 0.6792 0.1012 0.0205 0.0264
0 0.6406 0.1019 0.0273 0.0396
0 0.6226 0.0623 0.0186 0.0337
0 0.3955 0.2214 0.0273 0.0557
0 0.6108 0.1562 0.0225 0.0455
