0 0.0156 0.9019 0.0293 0.0615
0 0.0542 0.7796 0.0244 0.0512
0 0.1177 0.8572 0.0225 0.0512
0 0.2603 0.9744 0.0283 0.0483
0 0.4395 0.4275 0.0254 0.0469
0 0.8745 0.6713 0.0264 0.0483
0 0.9014 0.6171 0.0273 0.0483
0 0.9736 0.6032 0.0254 0.0527
0 0.9497 0.735 0.0283 0.0527
0 0.8887 0.735 0.0273 0.0556
0 0.8413 0.7145 0.0342 0.0556
0 0.7983 0.6654 0.0283 0.0571
0 0.8394 0.6669 0.0244 0.0454
0 0.5991 0.6999 0.0225 0.0469
0 0.644 0.7013 0.0244 0.0469
0 0.7153 0.7211 0.0303 0.0571
0 0.7456 0.6794 0.0166 0.0381
0 0.7427 0.784 0.0264 0.06
0 0.7593 0.7906 0.0342 0.0586
0 0.8008 0.8119 0.0273 0.06
0 0.8081 0.825 0.0342 0.0542
0 0.6426 0.8258 0.0312 0.0556
0 0.6895 0.8148 0.0156 0.0512
0 0.7725 0.8631 0.0156 0.0483
0 0.8335 0.7928 0.0381 0.0483
0 0.8706 0.8514 0.0361 0.0512
0 0.9473 0.8902 0.0176 0.0556
0 0.9126 0.8053 0.0342 0.0469
0 0.5786 0.8924 0.0186 0.063
0 0.6636 0.8997 0.0205 0.0454
0 0.5103 0.7233 0.0205 0.0351
0 0.7485 0.6501 0.0146 0.0351
0 0.377 0.7892 0.0293 0.041
0 0.9419 0.4729 0.0264 0.0586
