0 0.7349 0.4832 0.04 0.0585
0 0.5488 0.5771 0.0352 0.0473
0 0.7593 0.4092 0.0244 0.0398
0 0.646 0.416 0.0205 0.0336
0 0.9287 0.3912 0.0215 0.0361
0 0.9658 0.4204 0.0176 0.0299
0 0.8496 0.4204 0.0156 0.0274
0 0.791 0.4129 0.0176 0.0323
0 0.8682 0.4372 0.0156 0.0261
0 0.8066 0.4185 0.0137 0.0286
0 0.6865 0.4316 0.0215 0.0224
0 0.7021 0.426 0.0137 0.0162
0 0.6211 0.4049 0.0215 0.0361
0 0.5728 0.3837 0.0322 0.0336
0 0.5288 0.3315 0.0361 0.0659
0 0.3574 0.4117 0.0352 0.0473
0 0.4634 0.3644 0.0342 0.0448
0 0.25 0.3657 0.0352 0.0522
0 0.4839 0.365 0.0146 0.0361
0 0.166 0.3999 0.0176 0.0311
0 0.1016 0.4086 0.0195 0.041
0 0.0542 0.4428 0.0166 0.0323
0 0.0571 0.4111 0.0166 0.0187
0 0.0752 0.4422 0.0176 0.0236
