0 0.0444 0.315 0.0244 0.0933
0 0.2446 0.285 0.0381 0.0933
0 0.0933 0.43 0.0381 0.1033
0 0.3252 0.3775 0.0332 0.0983
0 0.1196 0.6942 0.042 0.0917
0 0.3428 0.1525 0.0332 0.0683
0 0.436 0.2267 0.0381 0.0933
0 0.4678 0.3058 0.0391 0.0917
0 0.4766 0.1517 0.041 0.0833
0 0.4912 0.2725 0.0352 0.0917
0 0.7109 0.185 0.0371 0.0867
0 0.728 0.2367 0.0361 0.0867
0 0.7563 0.2333 0.0322 0.0833
0 0.8188 0.085 0.0342 0.08
0 0.8169 0.0358 0.0322 0.065
0 0.9038 0.1067 0.0322 0.0867
0 0.9351 0.3217 0.04 0.0967
0 0.5903 0.3408 0.042 0.0783
0 0.5654 0.3983 0.0391 0.0867
0 0.4292 0.5467 0.042 0.0967
0 0.6123 0.435 0.0391 0.09
0 0.7559 0.4292 0.043 0.095
0 0.7231 0.6283 0.0439 0.1033
0 0.7515 0.3067 0.0361 0.0833
0 0.6802 0.7767 0.0127 0.0333
0 0.6973 0.8033 0.0156 0.04
0 0.7051 0.855 0.0156 0.0467
0 0.7266 0.8217 0.0176 0.0467
0 0.7178 0.785 0.0137 0.03
0 0.7085 0.7692 0.0146 0.0283
0 0.7524 0.8142 0.0146 0.045
0 0.7422 0.7508 0.0117 0.0283
0 0.751 0.7767 0.0137 0.0267
0 0.7656 0.7858 0.0117 0.0383
0 0.7651 0.7542 0.0127 0.0317
0 0.7065 0.745 0.0146 0.0267
0 0.6807 0.8775 0.0156 0.0417
0 0.6899 0.9192 0.0166 0.055
0 0.6641 0.9367 0.0215 0.06
0 0.7056 0.9358 0.0205 0.055
0 0.7319 0.8925 0.0205 0.055
0 0.7588 0.8983 0.0195 0.0567
0 0.7158 0.9833 0.0195 0.03
0 0.7446 0.97 0.0166 0.0433
0 0.6802 0.7267 0.0107 0.0233
