0 0.4575 0.8467 0.0225 0.0325
0 0.165 0.1432 0.0352 0.0422
0 0.2695 0.1617 0.0352 0.0439
0 0.5796 0.1569 0.0635 0.0923
0 0.7476 0.2258 0.0791 0.0914
0 0.8394 0.1054 0.0732 0.0914
0 0.7212 0.4293 0.0029 0.0062
0 0.6602 0.4341 0.0039 0.0053
0 0.6782 0.4332 0.0029 0.0035
0 0.7275 0.4306 0.0039 0.0053
0 0.7349 0.4249 0.0049 0.0044
0 0.7578 0.4306 0.0039 0.0053
0 0.7769 0.4315 0.0029 0.0053
0 0.7939 0.4328 0.0039 0.0044
0 0.6133 0.8199 0.0684 0.0773
0 0.8511 0.7386 0.0693 0.0923
0 0.2241 0.6208 0.0811 0.1309
0 0.1909 0.645 0.0908 0.0931
