0 0.689 0.6955 0.0439 0.0712
0 0.8672 0.2224 0.0156 0.0291
0 0.9019 0.2151 0.0127 0.0233
0 0.8286 0.157 0.0107 0.0262
0 0.7642 0.2035 0.0127 0.0291
0 0.75 0.2093 0.0117 0.0233
0 0.7373 0.165 0.0098 0.0247
0 0.7842 0.1548 0.0117 0.0189
0 0.7656 0.0305 0.0078 0.0145
0 0.8311 0.056 0.0098 0.0218
0 0.8794 0.069 0.0107 0.0218
0 0.9395 0.1882 0.0137 0.0276
0 0.5044 0.2202 0.0166 0.0276
0 0.6411 0.0487 0.0088 0.0189
0 0.4644 0.0603 0.0068 0.016
0 0.4312 0.0581 0.0088 0.0145
0 0.4048 0.0196 0.0068 0.016
0 0.2842 0.1185 0.0117 0.0247
0 0.2412 0.0981 0.0078 0.016
0 0.1646 0.1228 0.0107 0.0189
0 0.1299 0.1047 0.0078 0.0174
0 0.0425 0.1475 0.0107 0.0247
0 0.0879 0.0683 0.0098 0.0174
0 0.123 0.0138 0.0078 0.016
0 0.2778 0.1003 0.0068 0.0174
0 0.1694 0.0654 0.0068 0.0203
0 0.0557 0.0153 0.0098 0.0218
0 0.1836 0.0596 0.0078 0.0174
0 0.1079 0.064 0.0107 0.0203
0 0.377 0.4331 0.0098 0.0378
