0 0.5088 0.4636 0.043 0.0859
0 0.3711 0.4884 0.0352 0.0684
0 0.3911 0.3792 0.04 0.0859
0 0.4219 0.3421 0.0176 0.0611
0 0.4526 0.3246 0.0264 0.0611
0 0.4692 0.2999 0.0166 0.0408
0 0.4883 0.2853 0.0137 0.0408
0 0.0562 0.4694 0.0439 0.0801
0 0.0981 0.3683 0.042 0.0786
0 0.1406 0.3581 0.0332 0.064
0 0.1621 0.3486 0.0273 0.0568
0 0.2148 0.3231 0.0371 0.0611
0 0.2358 0.3028 0.0205 0.0437
0 0.2607 0.2926 0.0254 0.0524
0 0.2905 0.27 0.0264 0.048
0 0.3184 0.2518 0.0254 0.0466
0 0.3472 0.2431 0.0205 0.0466
0 0.3647 0.214 0.0127 0.0291
0 0.3755 0.1841 0.0146 0.0306
0 0.2617 0.1674 0.0215 0.0262
0 0.1987 0.2096 0.0186 0.0408
0 0.5059 0.1739 0.0156 0.0306
0 0.5498 0.1601 0.0215 0.0378
0 0.5122 0.2518 0.0107 0.032
0 0.3906 0.0728 0.0156 0.0262
0 0.2949 0.1507 0.0156 0.0277
0 0.0137 0.2795 0.0293 0.0611
0 0.085 0.2795 0.0215 0.0408
0 0.1226 0.2533 0.0283 0.0524
0 0.1387 0.2511 0.0156 0.0364
0 0.1743 0.2176 0.0225 0.0451
0 0.0503 0.1623 0.0205 0.0364
0 0.3125 0.1514 0.0137 0.0262
0 0.3242 0.1477 0.0137 0.0277
0 0.3413 0.1405 0.0127 0.0247
0 0.353 0.1354 0.0107 0.0262
0 0.4575 0.0895 0.0146 0.0277
0 0.4434 0.1419 0.0098 0.0218
0 0.4287 0.1456 0.0098 0.0175
0 0.3975 0.0735 0.0098 0.0277
0 0.416 0.0786 0.0098 0.0233
0 0.0347 0.0757 0.0107 0.0175
0 0.0449 0.0859 0.0117 0.0204
0 0.0615 0.0786 0.0098 0.0175
0 0.0996 0.0793 0.0098 0.016
0 0.1143 0.0757 0.0078 0.0146
0 0.1304 0.0721 0.0107 0.0189
0 0.3184 0.0815 0.0078 0.0116
0 0.2471 0.0422 0.0098 0.0116
0 0.271 0.0546 0.0068 0.0189
0 0.2324 0.0575 0.0078 0.0131
0 0.2231 0.0546 0.0068 0.0131
0 0.2163 0.056 0.0068 0.0131
0 0.1763 0.0655 0.0088 0.0146
0 0.1562 0.0728 0.0059 0.0146
0 0.1865 0.056 0.0059 0.016
0 0.3442 0.0764 0.0088 0.0189
0 0.4277 0.0517 0.0098 0.016
0 0.4385 0.0524 0.0098 0.0146
0 0.4717 0.0852 0.0078 0.016
0 0.48 0.0786 0.0088 0.0204
0 0.4946 0.0619 0.0068 0.0102
0 0.522 0.1623 0.0088 0.016
0 0.5884 0.1951 0.0166 0.0233
0 0.5381 0.0953 0.0098 0.0189
0 0.7241 0.187 0.0166 0.0277
0 0.6733 0.1012 0.0107 0.0277
0 0.7568 0.064 0.0098 0.0175
0 0.9502 0.3872 0.0332 0.067
