0 0.3726 0.7199 0.0186 0.0352
0 0.3228 0.6276 0.0166 0.0293
0 0.5215 0.6547 0.0156 0.0308
0 0.2554 0.6415 0.0166 0.0279
0 0.5889 0.6246 0.0156 0.0293
0 0.6851 0.6804 0.0186 0.0352
0 0.6729 0.6078 0.0156 0.0337
0 0.769 0.5975 0.0166 0.0367
0 0.8037 0.5337 0.0176 0.0352
0 0.7427 0.5359 0.0166 0.0308
0 0.167 0.5902 0.0156 0.0308
0 0.2397 0.5924 0.0146 0.0323
0 0.3071 0.596 0.0166 0.0337
0 0.498 0.588 0.0156 0.0323
0 0.4775 0.574 0.0137 0.0308
0 0.666 0.5418 0.0156 0.0279
0 0.5625 0.5711 0.0137 0.0279
0 0.146 0.5323 0.0146 0.0323
0 0.2241 0.5198 0.0146 0.0308
0 0.2773 0.5469 0.0137 0.0323
0 0.3384 0.5374 0.0146 0.0308
0 0.4395 0.5242 0.0156 0.0337
0 0.5063 0.5286 0.0166 0.0337
0 0.5933 0.544 0.0186 0.0323
0 0.3643 0.5183 0.0137 0.0308
0 0.103 0.4692 0.0088 0.0235
0 0.1748 0.4523 0.0117 0.0308
0 0.2456 0.4311 0.0127 0.0293
0 0.1885 0.5051 0.0137 0.0279
0 0.3018 0.4282 0.0137 0.0293
0 0.4697 0.4853 0.0137 0.0352
0 0.5171 0.4839 0.0146 0.0323
0 0.5562 0.5 0.0146 0.0323
0 0.6138 0.4765 0.0166 0.0323
0 0.71 0.4919 0.0156 0.0308
0 0.7529 0.4765 0.0156 0.0293
0 0.9404 0.4362 0.0137 0.0249
0 0.6401 0.544 0.0166 0.0293
0 0.6372 0.5037 0.0146 0.0308
0 0.6851 0.4707 0.0146 0.0293
0 0.7266 0.4589 0.0156 0.0264
0 0.7861 0.4062 0.0117 0.0293
0 0.7075 0.3959 0.0146 0.0323
0 0.626 0.3592 0.0117 0.0264
0 0.2271 0.3827 0.0107 0.0293
0 0.3281 0.3988 0.0098 0.0264
0 0.2979 0.3688 0.0156 0.0308
0 0.3369 0.4179 0.0098 0.0293
0 0.3994 0.3607 0.0137 0.0293
0 0.4707 0.4589 0.0137 0.0205
0 0.4736 0.3065 0.0156 0.0293
0 0.5439 0.2735 0.0117 0.0279
0 0.6152 0.2581 0.0137 0.0264
0 0.6445 0.3431 0.0117 0.0235
0 0.7271 0.2896 0.0127 0.0279
0 0.7661 0.3167 0.0107 0.0293
0 0.7715 0.2273 0.0137 0.0293
0 0.8374 0.2478 0.0127 0.0264
0 0.9292 0.2419 0.0127 0.0235
0 0.8267 0.1745 0.0127 0.0235
0 0.856 0.176 0.0107 0.0264
0 0.8818 0.1745 0.0137 0.0235
0 0.9341 0.2075 0.0127 0.0249
0 0.9375 0.165 0.0137 0.0279
0 0.9253 0.1752 0.0107 0.0249
0 0.6631 0.5183 0.0137 0.0249
0 0.627 0.4406 0.0156 0.0279
0 0.4839 0.4157 0.0127 0.0279
0 0.4126 0.4113 0.0146 0.0249
0 0.4229 0.335 0.0117 0.0249
0 0.4883 0.3468 0.0137 0.0279
0 0.4868 0.2947 0.0107 0.0235
0 0.5757 0.327 0.0127 0.0205
