0 0.0029 0.0746 0.0078 0.0197
0 0.043 0.0524 0.0293 0.0277
0 0.1387 0.0655 0.0293 0.0247
0 0.25 0.0673 0.0293 0.0298
0 0.354 0.3705 0.0166 0.0204
0 0.3696 0.3697 0.0186 0.0189
0 0.3853 0.3555 0.0225 0.0211
0 0.415 0.3595 0.0176 0.0233
0 0.4312 0.3617 0.0186 0.0204
0 0.4429 0.3614 0.0225 0.0211
0 0.4712 0.3577 0.0205 0.0255
0 0.4966 0.3581 0.0244 0.0233
0 0.5537 0.3035 0.0312 0.0349
0 0.6216 0.3119 0.0303 0.0298
0 0.1729 0.5502 0.0449 0.0451
0 0.7319 0.5666 0.0146 0.0167
0 0.7803 0.5688 0.0156 0.0167
0 0.7979 0.6099 0.0195 0.0189
0 0.8525 0.6164 0.0234 0.0204
0 0.9302 0.5382 0.042 0.0328
0 0.373 0.8119 0.0273 0.0269
0 0.436 0.8151 0.0146 0.0189
0 0.4585 0.8166 0.0205 0.0204
0 0.4766 0.8115 0.0469 0.0451
0 0.5732 0.8592 0.0293 0.0269
0 0.3174 0.107 0.0098 0.0102
