0 0.1367 0.8659 0.0137 0.0234
0 0.0747 0.7845 0.0166 0.0273
0 0.3276 0.8197 0.0127 0.0247
0 0.168 0.8164 0.0176 0.0234
0 0.2188 0.7852 0.0137 0.0234
0 0.3994 0.7747 0.0176 0.0234
0 0.3218 0.6654 0.0107 0.0156
0 0.3911 0.7292 0.0107 0.0156
0 0.4429 0.7051 0.0127 0.0143
0 0.3423 0.6432 0.0107 0.0182
0 0.3628 0.6152 0.0107 0.0169
0 0.3901 0.5931 0.0107 0.0143
0 0.5425 0.7083 0.0107 0.0208
0 0.5356 0.6842 0.0088 0.0143
0 0.4004 0.9486 0.0234 0.0299
0 0.6025 0.9447 0.0234 0.0273
0 0.8892 0.9583 0.0186 0.0234
0 0.7285 0.8594 0.0176 0.0182
0 0.2437 0.5352 0.0088 0.0156
0 0.2002 0.571 0.0078 0.0143
0 0.1855 0.5241 0.0078 0.0117
0 0.229 0.5111 0.0088 0.0143
0 0.1675 0.5944 0.0107 0.0169
0 0.1553 0.5371 0.0098 0.0143
0 0.0547 0.6257 0.0137 0.0143
0 0.021 0.5547 0.0107 0.0156
0 0.0581 0.5931 0.0107 0.0195
0 0.1016 0.5189 0.0098 0.0143
0 0.0488 0.4427 0.0078 0.013
0 0.0225 0.4616 0.0098 0.0117
0 0.1021 0.4889 0.0088 0.0143
0 0.1499 0.4915 0.0068 0.0117
0 0.1685 0.4746 0.0068 0.0117
0 0.1978 0.4707 0.0068 0.0117
0 0.1211 0.4688 0.0078 0.013
0 0.0811 0.4401 0.0059 0.0104
0 0.106 0.431 0.0068 0.0104
0 0.1323 0.4219 0.0068 0.0104
0 0.9219 0.7279 0.0117 0.0156
0 0.9458 0.7148 0.0107 0.0104
0 0.0137 0.709 0.0176 0.0221
0 0.1626 0.7018 0.0146 0.0234
0 0.1411 0.6191 0.0107 0.0169
0 0.3374 0.4453 0.0068 0.0156
0 0.376 0.4336 0.0098 0.0156
0 0.4146 0.4355 0.0068 0.0117
0 0.4609 0.4206 0.0059 0.013
0 0.4375 0.4492 0.0039 0.013
0 0.4282 0.4759 0.0088 0.0169
0 0.4512 0.4714 0.0078 0.0156
0 0.4746 0.5124 0.0098 0.0143
0 0.4932 0.4883 0.0098 0.0156
0 0.4854 0.4512 0.0098 0.0169
0 0.5122 0.4466 0.0068 0.0156
0 0.5786 0.472 0.0088 0.0117
0 0.6074 0.474 0.0078 0.013
0 0.5781 0.5013 0.0078 0.0156
0 0.5327 0.4909 0.0068 0.0156
0 0.6045 0.5501 0.0078 0.0143
0 0.6299 0.541 0.0078 0.0143
0 0.6523 0.5326 0.0078 0.013
0 0.6235 0.5703 0.0088 0.0156
0 0.5669 0.5547 0.0088 0.013
0 0.5439 0.5326 0.0078 0.013
0 0.5498 0.4811 0.0117 0.0143
0 0.6831 0.5247 0.0068 0.013
0 0.666 0.4935 0.0078 0.013
0 0.7075 0.4831 0.0088 0.013
0 0.7241 0.5013 0.0088 0.0104
0 0.7363 0.5449 0.0078 0.0117
0 0.6948 0.5879 0.0146 0.0195
0 0.7656 0.5762 0.0078 0.0143
0 0.7461 0.472 0.0059 0.0117
0 0.7188 0.444 0.0078 0.0104
0 0.687 0.4629 0.0068 0.0143
0 0.7695 0.4603 0.0098 0.0117
0 0.7593 0.5326 0.0088 0.013
0 0.7734 0.4967 0.0078 0.0117
0 0.8706 0.5091 0.0088 0.0156
0 0.8511 0.5085 0.0088 0.0143
0 0.8862 0.4922 0.0088 0.013
0 0.8828 0.5345 0.0098 0.0169
0 0.8545 0.5931 0.0078 0.0143
0 0.8208 0.556 0.0088 0.0156
0 0.8223 0.6901 0.0098 0.0182
0 0.8628 0.6882 0.0107 0.0143
0 0.7534 0.6491 0.0088 0.0143
0 0.7773 0.6354 0.0098 0.0156
0 0.7241 0.556 0.0088 0.013
0 0.8232 0.6243 0.0117 0.0169
0 0.9487 0.6185 0.0107 0.0182
0 0.9229 0.6309 0.0098 0.0169
0 0.8813 0.5859 0.0068 0.013
0 0.9043 0.5736 0.0098 0.0169
0 0.916 0.5664 0.0098 0.013
0 0.9663 0.6048 0.0107 0.0143
0 0.9917 0.6738 0.0088 0.0169
0 0.9727 0.6842 0.0137 0.0169
0 0.979 0.5423 0.0088 0.0143
0 0.9688 0.5059 0.0078 0.0169
0 0.9023 0.5247 0.0117 0.0104
0 0.8389 0.5996 0.0078 0.0143
0 0.7798 0.5762 0.0068 0.0117
0 0.8389 0.556 0.0078 0.013
0 0.8848 0.6549 0.0098 0.0182
0 0.2515 0.737 0.0146 0.0234
0 0.2329 0.5443 0.0088 0.0156
0 0.0464 0.4186 0.0068 0.0117
0 0.0625 0.3783 0.0078 0.0117
0 0.0337 0.3841 0.0068 0.013
0 0.2896 0.9121 0.0146 0.0273
