0 0.0254 0.1686 0.0078 0.0117
0 0.0537 0.1706 0.0078 0.013
0 0.0146 0.2051 0.0059 0.0117
0 0.022 0.2415 0.0088 0.0143
0 0.0703 0.2409 0.0078 0.013
0 0.1064 0.2441 0.0078 0.0143
0 0.125 0.2435 0.0098 0.0156
0 0.0581 0.2812 0.0088 0.013
0 0.062 0.3177 0.0088 0.0156
0 0.04 0.3197 0.0098 0.0143
0 0.02 0.3203 0.0088 0.0156
0 0.1729 0.1126 0.0098 0.0117
0 0.291 0.1426 0.0078 0.0117
0 0.2715 0.1367 0.0078 0.013
0 0.2471 0.1419 0.0078 0.0104
0 0.1885 0.1797 0.0078 0.013
0 0.2124 0.1738 0.0088 0.0143
0 0.2388 0.1738 0.0068 0.0143
0 0.2593 0.1764 0.0068 0.0117
0 0.2812 0.1777 0.0078 0.0117
0 0.3408 0.207 0.0098 0.013
0 0.3154 0.2129 0.0098 0.0117
0 0.3745 0.2734 0.0088 0.013
0 0.3462 0.2839 0.0088 0.013
0 0.2544 0.2826 0.0068 0.013
0 0.2314 0.2721 0.0098 0.013
0 0.249 0.3145 0.0098 0.0117
0 0.2749 0.3216 0.0088 0.013
0 0.2944 0.3203 0.0068 0.013
0 0.3223 0.3171 0.0098 0.0169
0 0.3447 0.3229 0.0098 0.013
0 0.3652 0.3275 0.0098 0.0143
0 0.4595 0.319 0.0088 0.0156
0 0.4028 0.1081 0.0068 0.013
0 0.4224 0.1107 0.0088 0.013
0 0.3994 0.1413 0.0078 0.0143
0 0.4199 0.1367 0.0078 0.013
0 0.4438 0.1439 0.0068 0.0117
0 0.4648 0.1367 0.0078 0.013
0 0.5093 0.1777 0.0088 0.0117
0 0.4326 0.2142 0.0078 0.0117
0 0.4551 0.207 0.0078 0.0156
0 0.4775 0.2129 0.0078 0.0143
0 0.5 0.2122 0.0078 0.013
0 0.5713 0.2122 0.0078 0.013
0 0.4736 0.2448 0.0098 0.013
0 0.5034 0.2487 0.0088 0.0156
0 0.5244 0.248 0.0078 0.0117
0 0.5508 0.2435 0.0078 0.013
0 0.4824 0.2767 0.0078 0.0143
0 0.5068 0.2812 0.0078 0.013
0 0.5352 0.2747 0.0078 0.0156
0 0.5786 0.2747 0.0088 0.013
0 0.5986 0.2799 0.0078 0.013
0 0.4868 0.3158 0.0107 0.0169
0 0.5107 0.319 0.0098 0.0156
0 0.5332 0.3184 0.0078 0.0143
0 0.5576 0.3158 0.0078 0.0117
0 0.5854 0.3236 0.0068 0.0143
0 0.6104 0.3197 0.0078 0.0117
0 0.6343 0.3184 0.0088 0.0117
0 0.626 0.2826 0.0078 0.0104
0 0.6426 0.1426 0.0078 0.0143
0 0.687 0.1413 0.0088 0.0117
0 0.6787 0.1113 0.0078 0.0117
0 0.7095 0.1484 0.0068 0.0104
0 0.6436 0.248 0.0059 0.0117
0 0.6714 0.2637 0.0088 0.0117
0 0.7915 0.1888 0.0068 0.013
0 0.8174 0.1868 0.0078 0.0143
0 0.9668 0.2409 0.0078 0.013
0 0.9849 0.2415 0.0088 0.0143
0 0.9907 0.2812 0.0088 0.013
0 0.7622 0.2832 0.0068 0.0143
0 0.811 0.319 0.0088 0.013
0 0.002 0.5716 0.0059 0.013
0 0.0332 0.5514 0.0098 0.0143
0 0.0518 0.569 0.0078 0.013
0 0.0903 0.5241 0.0068 0.0117
0 0.1548 0.5456 0.0088 0.013
0 0.1421 0.5169 0.0088 0.013
0 0.2129 0.5059 0.0078 0.0143
0 0.228 0.5384 0.0088 0.0117
0 0.3325 0.5703 0.0127 0.0156
0 0.3486 0.5098 0.0078 0.0143
0 0.4517 0.5182 0.0088 0.013
0 0.4824 0.5456 0.0078 0.013
0 0.4844 0.5104 0.0078 0.0104
0 0.5146 0.541 0.0078 0.0143
0 0.5264 0.5723 0.0098 0.0169
0 0.543 0.5436 0.0078 0.0117
0 0.5757 0.5462 0.0107 0.0143
0 0.8071 0.526 0.0088 0.013
0 0.834 0.5358 0.0078 0.0117
0 0.8394 0.571 0.0107 0.0169
0 0.9229 0.5846 0.0117 0.0208
0 0.3174 0.9069 0.0098 0.0273
0 0.9502 0.7663 0.0078 0.0169
0 0.6182 0.2448 0.0059 0.0104
0 0.6514 0.2812 0.0059 0.0104
0 0.6841 0.2129 0.0068 0.0143
0 0.6924 0.1784 0.0059 0.013
0 0.6685 0.1751 0.0068 0.0117
0 0.6479 0.1738 0.0068 0.0117
0 0.6206 0.1777 0.0068 0.0117
0 0.5791 0.1738 0.0059 0.0117
0 0.6621 0.1452 0.0059 0.0117
0 0.7437 0.1042 0.0068 0.0104
0 0.6963 0.1113 0.0059 0.0117
0 0.6157 0.1068 0.0068 0.013
0 0.6548 0.1074 0.0068 0.0117
0 0.5908 0.1081 0.0078 0.013
0 0.5718 0.1113 0.0068 0.0117
0 0.5767 0.1452 0.0068 0.0117
0 0.5952 0.1439 0.0068 0.0117
0 0.6001 0.179 0.0068 0.0117
0 0.5332 0.1803 0.0078 0.0117
0 0.5513 0.2077 0.0068 0.0117
0 0.5752 0.2428 0.0078 0.0143
0 0.5991 0.2428 0.0068 0.0117
0 0.5239 0.209 0.0068 0.0117
0 0.5933 0.209 0.0068 0.0117
0 0.6167 0.2103 0.0068 0.0117
0 0.4585 0.278 0.0068 0.0117
0 0.3257 0.2793 0.0068 0.0117
0 0.335 0.2422 0.0078 0.0104
0 0.3628 0.2454 0.0068 0.0117
0 0.3911 0.25 0.0068 0.013
0 0.293 0.2422 0.0059 0.0104
0 0.2671 0.2493 0.0068 0.0117
0 0.2441 0.2435 0.0078 0.013
0 0.2178 0.2428 0.0078 0.0117
0 0.2798 0.2786 0.0068 0.013
0 0.3022 0.278 0.0068 0.0117
0 0.2236 0.2155 0.0059 0.0117
0 0.2041 0.2116 0.0059 0.0117
0 0.2451 0.2057 0.0078 0.013
0 0.271 0.2096 0.0068 0.013
0 0.292 0.2096 0.0059 0.0104
0 0.3657 0.2051 0.0068 0.0117
0 0.3887 0.2103 0.0078 0.0117
0 0.4116 0.2083 0.0068 0.013
0 0.3901 0.3197 0.0068 0.0143
0 0.4185 0.321 0.0068 0.0117
0 0.439 0.3164 0.0068 0.013
0 0.3022 0.168 0.0068 0.013
0 0.3281 0.1732 0.0059 0.0104
0 0.3486 0.1745 0.0059 0.0104
0 0.3696 0.1745 0.0068 0.013
0 0.3755 0.1354 0.0068 0.013
0 0.229 0.1374 0.0068 0.0117
0 0.2056 0.1374 0.0068 0.0117
0 0.1792 0.1348 0.0068 0.0117
0 0.1968 0.1126 0.0068 0.0117
0 0.2134 0.1074 0.0068 0.0117
0 0.2324 0.1074 0.0078 0.0117
0 0.2549 0.1048 0.0059 0.0117
0 0.2778 0.1068 0.0068 0.0104
0 0.2979 0.1081 0.0059 0.0104
0 0.3164 0.1068 0.0059 0.013
0 0.3389 0.1055 0.0059 0.0104
0 0.3574 0.1094 0.0059 0.013
0 0.3794 0.1087 0.0068 0.0117
0 0.356 0.1406 0.0068 0.013
0 0.3345 0.138 0.0068 0.013
0 0.3125 0.14 0.0059 0.0117
0 0.4478 0.1055 0.0049 0.0104
0 0.4683 0.1087 0.0068 0.0117
0 0.4863 0.1113 0.0059 0.0117
0 0.5117 0.1094 0.0059 0.0104
0 0.5259 0.1074 0.0068 0.0117
0 0.5474 0.11 0.0068 0.0117
0 0.5557 0.1419 0.0059 0.0104
0 0.5132 0.1426 0.0068 0.0117
0 0.4868 0.1393 0.0068 0.013
0 0.4653 0.1725 0.0068 0.0117
0 0.4404 0.1751 0.0078 0.0117
0 0.4204 0.1745 0.0068 0.0104
0 0.395 0.1745 0.0068 0.0104
0 0.9048 0.3346 0.0068 0.0104
0 0.9141 0.321 0.0078 0.0143
0 0.937 0.3301 0.0068 0.0117
0 0.9048 0.2865 0.0068 0.013
0 0.8799 0.2845 0.0078 0.0117
0 0.8481 0.2845 0.0068 0.0117
0 0.8032 0.2773 0.0068 0.013
0 0.7505 0.2767 0.0088 0.0117
0 0.8613 0.2448 0.0078 0.013
0 0.8799 0.2435 0.0078 0.013
0 0.8999 0.2448 0.0088 0.013
0 0.9229 0.235 0.0078 0.0143
0 0.9492 0.2376 0.0098 0.0143
0 0.9238 0.2852 0.0078 0.013
0 0.96 0.2819 0.0078 0.0143
0 0.8159 0.2415 0.0068 0.0117
0 0.7812 0.2428 0.0059 0.0117
0 0.752 0.2422 0.0078 0.013
0 0.7808 0.528 0.0088 0.0143
0 0.7549 0.5189 0.0078 0.0117
0 0.73 0.5234 0.0068 0.013
0 0.7354 0.5482 0.0098 0.0156
0 0.7158 0.5384 0.0098 0.0143
0 0.7065 0.5078 0.0088 0.013
0 0.6738 0.5378 0.0078 0.013
0 0.6631 0.5111 0.0078 0.0117
0 0.6377 0.5391 0.0078 0.013
0 0.627 0.5156 0.0078 0.013
0 0.605 0.5391 0.0088 0.013
0 0.4141 0.5169 0.0078 0.013
0 0.5166 0.513 0.0078 0.013
0 0.5518 0.5182 0.0078 0.013
0 0.5874 0.5059 0.0088 0.0117
0 0.4468 0.5404 0.0088 0.0156
0 0.3496 0.5417 0.0078 0.013
0 0.4062 0.5671 0.0078 0.0143
0 0.4146 0.5456 0.0088 0.013
0 0.3843 0.5072 0.0088 0.0143
0 0.3135 0.5117 0.0078 0.0104
0 0.2808 0.5124 0.0088 0.0117
0 0.249 0.5111 0.0078 0.0143
0 0.2603 0.5423 0.0088 0.0117
0 0.3135 0.5436 0.0078 0.0117
0 0.292 0.5417 0.0078 0.0104
0 0.3813 0.5378 0.0088 0.013
0 0.1152 0.526 0.0078 0.0104
0 0.1768 0.5104 0.0078 0.013
0 0.1802 0.5423 0.0068 0.0143
0 0.1411 0.2799 0.0088 0.0104
0 0.1499 0.3138 0.0068 0.013
0 0.1226 0.3132 0.0068 0.0117
0 0.1035 0.321 0.0078 0.0117
0 0.0874 0.3177 0.0068 0.013
0 0.1001 0.276 0.0088 0.013
0 0.0771 0.278 0.0078 0.0117
0 0.0366 0.2793 0.0088 0.0143
0 0.0137 0.278 0.0078 0.0143
0 0.0469 0.2376 0.0078 0.0143
0 0.0381 0.2057 0.0078 0.013
0 0.0601 0.1999 0.0068 0.0117
0 0.0679 0.1712 0.0068 0.0117
0 0.0908 0.1712 0.0059 0.0117
0 0.8354 0.2812 0.0068 0.013
0 0.7617 0.3171 0.0078 0.0117
0 0.7949 0.3275 0.0098 0.0169
0 0.8286 0.319 0.0068 0.013
0 0.854 0.3229 0.0068 0.013
0 0.8721 0.3301 0.0078 0.0117
0 0.8936 0.3242 0.0078 0.0156
0 0.7456 0.3197 0.0068 0.0117
0 0.731 0.3216 0.0068 0.0104
0 0.8003 0.2396 0.0068 0.0104
0 0.8403 0.2461 0.0068 0.0104
0 0.9058 0.752 0.0127 0.0221
0 0.9673 0.7819 0.0127 0.0273
0 0.8823 0.5898 0.0107 0.013
