0 0.1465 0.7974 0.0723 0.0999
0 0.1909 0.6777 0.0518 0.0837
0 0.0396 0.558 0.0342 0.047
0 0.0864 0.5294 0.0225 0.0426
0 0.2383 0.5977 0.0293 0.0558
0 0.2744 0.5492 0.0273 0.047
0 0.2915 0.4927 0.0225 0.0426
0 0.1953 0.4347 0.0215 0.0411
0 0.1392 0.4883 0.0205 0.0338
0 0.0767 0.4288 0.0205 0.0323
0 0.0093 0.4537 0.0146 0.0352
0 0.4541 0.7283 0.0332 0.0617
0 0.6411 0.6087 0.0225 0.0485
0 0.4199 0.5888 0.043 0.0646
0 0.4482 0.5419 0.0176 0.0352
0 0.5908 0.4934 0.0254 0.0323
0 0.6104 0.5463 0.0293 0.0411
0 0.4609 0.4971 0.0137 0.0308
0 0.8252 0.6358 0.0195 0.0382
0 0.7573 0.569 0.0283 0.0455
0 0.7212 0.5059 0.0264 0.0308
0 0.1274 0.4009 0.0186 0.0352
0 0.1641 0.3972 0.0137 0.022
0 0.2305 0.4214 0.0234 0.0294
0 0.3179 0.4574 0.0205 0.0308
0 0.2583 0.4001 0.0205 0.0308
0 0.3037 0.3759 0.0137 0.0264
0 0.2085 0.362 0.0186 0.0279
0 0.2446 0.3546 0.0107 0.0191
0 0.2876 0.3488 0.0088 0.0191
0 0.3525 0.4435 0.0156 0.0323
0 0.4814 0.4567 0.0156 0.0264
0 0.4976 0.4273 0.0166 0.0352
0 0.499 0.3524 0.0098 0.0235
0 0.4102 0.3869 0.0156 0.0338
0 0.3833 0.4141 0.0146 0.0294
0 0.3408 0.3612 0.0156 0.0294
0 0.3975 0.3164 0.0098 0.0191
0 0.4409 0.3326 0.0107 0.0191
0 0.5674 0.373 0.0117 0.0264
0 0.6436 0.3972 0.0137 0.0308
0 0.5894 0.3451 0.0127 0.0235
0 0.6226 0.3458 0.0127 0.022
0 0.4189 0.3018 0.0117 0.0191
0 0.4478 0.304 0.0107 0.0206
0 0.4644 0.3311 0.0107 0.0191
0 0.4897 0.3179 0.0146 0.022
0 0.519 0.3098 0.0107 0.0235
0 0.5547 0.3399 0.0098 0.022
0 0.5938 0.4567 0.0176 0.0352
0 0.6626 0.373 0.0146 0.0264
0 0.6328 0.3084 0.0098 0.0206
0 0.6562 0.3062 0.0098 0.0191
0 0.5488 0.2981 0.0098 0.0206
0 0.5703 0.2805 0.0098 0.0206
0 0.4751 0.29 0.0088 0.0191
0 0.4966 0.2988 0.0068 0.0162
0 0.604 0.3201 0.0088 0.0176
0 0.5972 0.2952 0.0088 0.0176
0 0.5742 0.2988 0.0098 0.0132
0 0.6221 0.2709 0.0098 0.0162
0 0.6494 0.2849 0.0098 0.0147
0 0.6851 0.3267 0.0107 0.0162
0 0.6777 0.2775 0.0098 0.0176
0 0.6948 0.2974 0.0068 0.022
0 0.7129 0.2988 0.0078 0.0132
0 0.7173 0.3216 0.0088 0.0206
0 0.7129 0.3473 0.0137 0.025
0 0.7427 0.3451 0.0088 0.0235
0 0.748 0.3113 0.0078 0.0176
0 0.7402 0.2893 0.0098 0.0176
0 0.7505 0.2614 0.0088 0.0147
0 0.7798 0.2548 0.0088 0.0132
0 0.7915 0.3018 0.0088 0.0191
0 0.7739 0.3304 0.0107 0.0206
0 0.7788 0.3774 0.0088 0.0206
0 0.8057 0.3612 0.0098 0.0264
0 0.8066 0.3304 0.0078 0.0206
0 0.7944 0.2724 0.0088 0.0162
0 0.8057 0.2555 0.0098 0.0176
0 0.0352 0.185 0.0137 0.0206
0 0.0327 0.2254 0.0146 0.025
0 0.019 0.2841 0.0146 0.0191
0 0.084 0.2731 0.0156 0.0206
0 0.144 0.2717 0.0127 0.0176
0 0.0693 0.2261 0.0137 0.0206
0 0.1064 0.221 0.0137 0.0191
0 0.0825 0.1784 0.0127 0.0191
0 0.0537 0.1461 0.0117 0.0162
0 0.0059 0.141 0.0078 0.0117
0 0.1025 0.047 0.0098 0.0147
0 0.0845 0.0316 0.0088 0.0132
0 0.1382 0.0308 0.0107 0.0147
0 0.1289 0.0587 0.0098 0.0147
0 0.1162 0.0793 0.0098 0.0176
0 0.1533 0.0551 0.0059 0.0162
0 0.1924 0.0477 0.0078 0.0132
0 0.1802 0.058 0.0088 0.0132
0 0.1426 0.1116 0.0098 0.0147
0 0.1973 0.1432 0.0078 0.0162
0 0.2036 0.1226 0.0088 0.0132
0 0.2036 0.0639 0.0088 0.0132
0 0.2207 0.0881 0.0078 0.0147
0 0.2266 0.0712 0.0078 0.0132
0 0.2485 0.0646 0.0068 0.0147
0 0.2705 0.0639 0.0078 0.0132
0 0.2295 0.1153 0.0078 0.0162
0 0.251 0.1197 0.0078 0.0132
0 0.2207 0.1806 0.0078 0.0147
0 0.2212 0.2093 0.0127 0.0162
0 0.2495 0.1395 0.0068 0.0147
0 0.2485 0.1769 0.0068 0.0132
0 0.2627 0.2173 0.0098 0.0147
0 0.2588 0.257 0.0098 0.0176
0 0.29 0.2555 0.0098 0.0147
0 0.2783 0.2188 0.0078 0.0147
0 0.3086 0.2085 0.0078 0.0147
0 0.3257 0.1674 0.0088 0.0147
0 0.2812 0.1542 0.0059 0.0117
0 0.2676 0.0991 0.0059 0.0103
0 0.2915 0.1006 0.0068 0.0132
0 0.3101 0.1241 0.0068 0.0132
0 0.3271 0.1417 0.0078 0.0132
0 0.3198 0.1197 0.0088 0.0132
0 0.3208 0.1094 0.0068 0.0103
0 0.3291 0.0962 0.0059 0.0162
0 0.3169 0.0764 0.0068 0.0117
0 0.335 0.0756 0.0078 0.0132
0 0.3306 0.0125 0.0068 0.0103
0 0.3481 0.0228 0.0068 0.0103
0 0.3691 0.0228 0.0059 0.0103
0 0.3457 0.0514 0.0059 0.0117
0 0.375 0.0734 0.0059 0.0117
0 0.3892 0.0624 0.0049 0.0103
0 0.3965 0.0771 0.0059 0.0103
0 0.4194 0.058 0.0068 0.0103
0 0.4316 0.0756 0.0059 0.0103
0 0.437 0.0404 0.0049 0.0103
0 0.4165 0.0316 0.0049 0.0132
0 0.4048 0.033 0.0049 0.0103
0 0.415 0.0962 0.0078 0.0103
0 0.3823 0.1175 0.0068 0.0117
0 0.4053 0.1351 0.0078 0.0117
0 0.4375 0.1197 0.0078 0.0132
0 0.4341 0.1043 0.0049 0.0088
0 0.4526 0.0962 0.0049 0.0103
0 0.4688 0.1182 0.0059 0.0132
0 0.4502 0.1417 0.0059 0.0132
0 0.4272 0.1652 0.0068 0.0132
0 0.3398 0.1241 0.0059 0.0073
0 0.3472 0.1432 0.0068 0.0132
0 0.3599 0.1681 0.0068 0.0132
0 0.3525 0.2115 0.0059 0.0147
0 0.4038 0.2093 0.0068 0.0132
0 0.4243 0.2063 0.0068 0.0162
0 0.5171 0.2364 0.0049 0.0117
0 0.4863 0.2283 0.0078 0.0132
0 0.4619 0.2357 0.0059 0.0103
0 0.5132 0.2034 0.0049 0.0103
0 0.5337 0.1924 0.0049 0.0088
0 0.4697 0.1982 0.0059 0.0117
0 0.4922 0.1953 0.0039 0.0088
0 0.5576 0.2276 0.0059 0.0117
0 0.4414 0.2452 0.0059 0.0117
0 0.4155 0.2408 0.0068 0.0117
0 0.3687 0.2467 0.0068 0.0117
0 0.5078 0.1718 0.0059 0.0117
0 0.4663 0.1725 0.0049 0.0103
0 0.4927 0.1446 0.0049 0.0103
0 0.4067 0.1204 0.0049 0.0059
0 0.3979 0.2401 0.0029 0.0073
0 0.4824 0.0228 0.0039 0.0073
0 0.5063 0.0734 0.0049 0.0117
0 0.5034 0.0595 0.0029 0.0073
0 0.54 0.0565 0.0039 0.0073
0 0.5488 0.058 0.0039 0.0073
0 0.561 0.0631 0.0049 0.0088
0 0.5791 0.0602 0.0039 0.0088
0 0.5591 0.0756 0.0049 0.0073
0 0.5879 0.1586 0.0059 0.0088
0 0.543 0.0977 0.0039 0.0073
0 0.5254 0.0815 0.0039 0.0073
0 0.4893 0.0565 0.0059 0.0073
0 0.5801 0.1153 0.0059 0.0103
0 0.5405 0.1189 0.0049 0.0088
0 0.5605 0.1167 0.0039 0.0103
0 0.5591 0.1454 0.0049 0.0117
0 0.5801 0.138 0.0059 0.0088
0 0.5591 0.0984 0.0049 0.0117
0 0.6436 0.2225 0.0059 0.0103
0 0.6602 0.2276 0.0059 0.0117
0 0.6079 0.1909 0.0049 0.0088
0 0.6328 0.1902 0.0059 0.0103
0 0.6562 0.1843 0.0059 0.0103
0 0.6069 0.1601 0.0049 0.0088
0 0.6035 0.138 0.0059 0.0117
0 0.6255 0.1366 0.0049 0.0088
0 0.6304 0.0587 0.0049 0.0088
0 0.6504 0.0595 0.0039 0.0073
0 0.6035 0.1153 0.0059 0.0103
0 0.6445 0.1395 0.0059 0.0088
0 0.667 0.1322 0.0059 0.0088
0 0.6895 0.1101 0.0059 0.0088
0 0.7002 0.1329 0.0039 0.0103
0 0.7241 0.1344 0.0068 0.0132
0 0.686 0.1424 0.0049 0.0088
0 0.7051 0.163 0.0059 0.0117
0 0.6733 0.163 0.0068 0.0117
0 0.6792 0.1887 0.0068 0.0132
0 0.7285 0.1094 0.0059 0.0103
0 0.7305 0.083 0.0059 0.0103
0 0.7505 0.0705 0.0049 0.0117
0 0.7559 0.0888 0.0078 0.0103
0 0.7134 0.1887 0.0068 0.0103
0 0.7373 0.1828 0.0078 0.0132
0 0.7295 0.1608 0.0059 0.0103
0 0.748 0.1652 0.0059 0.0103
0 0.7817 0.0683 0.0049 0.0103
0 0.7842 0.0852 0.0059 0.0117
0 0.7671 0.1314 0.0049 0.0073
0 0.77 0.1564 0.0068 0.0103
0 0.7632 0.1887 0.0068 0.0103
0 0.752 0.2195 0.0059 0.0132
0 0.73 0.2173 0.0068 0.0117
0 0.7734 0.2195 0.0078 0.0132
0 0.7837 0.1843 0.0068 0.0132
0 0.792 0.1564 0.0078 0.0132
0 0.7876 0.1292 0.0068 0.0117
0 0.7886 0.1079 0.0068 0.0132
0 0.8115 0.1263 0.0059 0.0117
0 0.8267 0.1094 0.0068 0.0103
0 0.811 0.1557 0.0049 0.0117
0 0.8037 0.1828 0.0059 0.0132
0 0.8179 0.2107 0.0068 0.0103
0 0.7964 0.221 0.0068 0.0132
0 0.8242 0.2651 0.0078 0.0162
0 0.8374 0.2812 0.0088 0.0162
0 0.8374 0.2599 0.0088 0.0176
0 0.8516 0.2673 0.0078 0.0147
0 0.8447 0.2137 0.0059 0.0103
0 0.8394 0.1799 0.0068 0.0103
0 0.834 0.1505 0.0059 0.0103
0 0.8301 0.1314 0.0059 0.0103
0 0.853 0.1256 0.0068 0.0103
0 0.8589 0.1505 0.0068 0.0132
0 0.8799 0.1557 0.0078 0.0117
0 0.8677 0.1858 0.0068 0.0132
0 0.8691 0.2107 0.0059 0.0162
0 0.895 0.1894 0.0068 0.0117
0 0.9102 0.1755 0.0078 0.0132
0 0.9155 0.2122 0.0068 0.0103
0 0.9395 0.2195 0.0078 0.0132
0 0.8618 0.2584 0.0068 0.0117
0 0.8862 0.2518 0.0088 0.0132
0 0.917 0.2518 0.0078 0.0132
0 0.9395 0.2651 0.0078 0.0132
0 0.9453 0.2518 0.0078 0.0132
0 0.9326 0.2775 0.0078 0.0147
0 0.9258 0.2922 0.0078 0.0147
0 0.9009 0.2731 0.0068 0.0117
0 0.8945 0.2746 0.0117 0.0147
0 0.8818 0.2724 0.0059 0.0132
0 0.8657 0.2761 0.0088 0.0147
0 0.8433 0.3179 0.0088 0.0191
0 0.895 0.3062 0.0127 0.0162
0 0.9507 0.3179 0.0107 0.0191
0 0.9663 0.2915 0.0088 0.0191
0 0.6885 0.373 0.0078 0.0206
0 0.6548 0.3451 0.0088 0.0176
0 0.8311 0.3627 0.0098 0.0235
0 0.8691 0.351 0.0098 0.0235
0 0.1636 0.0051 0.0068 0.0073
0 0.1401 0.0044 0.0068 0.0088
0 0.9736 0.2577 0.0098 0.0162
0 0.9917 0.3106 0.0107 0.0162
0 0.9956 0.2783 0.0068 0.0162
0 0.9814 0.2445 0.0098 0.0132
0 0.1626 0.1505 0.0068 0.0132
0 0.1802 0.1145 0.0088 0.0147
0 0.1572 0.0866 0.0078 0.0117
0 0.4849 0.1674 0.0068 0.0117
0 0.6309 0.1645 0.0059 0.0117
0 0.6138 0.0573 0.0049 0.0088
0 0.6841 0.2181 0.0068 0.0132
0 0.7046 0.221 0.0068 0.0103
0 0.8906 0.2137 0.0059 0.0103
0 0.7671 0.0962 0.0049 0.0073
0 0.7671 0.1131 0.0049 0.0088
0 0.501 0.8642 0.0312 0.0837
0 0.9321 0.7739 0.0205 0.0675
