0 0.9722 0.7441 0.0537 0.1235
0 0.9722 0.5059 0.0537 0.0941
0 0.9868 0.4537 0.0244 0.0485
0 0.9126 0.4596 0.0439 0.075
0 0.8936 0.6485 0.0625 0.0941
0 0.8774 0.5287 0.0381 0.0838
0 0.8779 0.4125 0.0332 0.0544
0 0.8989 0.3853 0.0225 0.0441
0 0.9272 0.3243 0.0225 0.0309
0 0.9565 0.3478 0.0205 0.0338
0 0.9766 0.2831 0.0176 0.0368
0 0.8867 0.3206 0.0137 0.0294
0 0.8506 0.3493 0.0254 0.0426
0 0.8271 0.4654 0.041 0.0662
0 0.7778 0.4132 0.0322 0.0529
0 0.8179 0.3301 0.0166 0.0309
0 0.8545 0.3147 0.0137 0.0324
0 0.7808 0.6294 0.0479 0.1059
0 0.8208 0.3919 0.0205 0.0485
0 0.752 0.375 0.0195 0.0441
0 0.7349 0.589 0.0615 0.1162
0 0.7173 0.4574 0.0283 0.0559
0 0.6948 0.4559 0.0264 0.05
0 0.6763 0.425 0.0244 0.0471
0 0.6738 0.3676 0.0215 0.0324
0 0.6904 0.3294 0.0156 0.0324
0 0.647 0.6338 0.0732 0.1441
0 0.6426 0.3787 0.0156 0.0338
0 0.6392 0.3419 0.0107 0.025
0 0.894 0.2676 0.0107 0.0206
0 0.9126 0.2596 0.0107 0.0191
0 0.8589 0.264 0.0088 0.0162
0 0.8447 0.261 0.0098 0.0162
0 0.6152 0.3647 0.0156 0.0235
0 0.6338 0.4412 0.0176 0.0412
0 0.646 0.4206 0.0166 0.0441
0 0.667 0.864 0.0859 0.1897
0 0.5522 0.8699 0.0869 0.1691
0 0.4136 0.8654 0.0654 0.1456
0 0.3955 0.6706 0.0664 0.1235
0 0.793 0.9404 0.0605 0.1132
0 0.519 0.5 0.0615 0.1118
0 0.4639 0.55 0.043 0.0853
0 0.6074 0.5191 0.0352 0.0676
0 0.6016 0.4676 0.0293 0.0471
0 0.5879 0.425 0.0234 0.0559
0 0.5957 0.3699 0.0117 0.025
0 0.5386 0.3816 0.0186 0.0338
0 0.4941 0.4331 0.0195 0.0397
0 0.4546 0.4574 0.0303 0.0471
0 0.4224 0.35 0.0146 0.0324
0 0.4951 0.361 0.0156 0.0338
0 0.5044 0.3507 0.0107 0.0279
0 0.5225 0.3272 0.0098 0.0191
0 0.5518 0.3324 0.0098 0.0235
0 0.4531 0.3809 0.0176 0.0294
0 0.4907 0.3993 0.0186 0.0338
0 0.5728 0.4265 0.0166 0.0382
0 0.3667 0.386 0.0146 0.0309
0 0.3423 0.4493 0.0205 0.0426
0 0.3076 0.6471 0.0449 0.1
0 0.2866 0.5485 0.042 0.0824
0 0.2705 0.4449 0.0215 0.0485
0 0.2451 0.4338 0.0215 0.05
0 0.2046 0.4522 0.0205 0.0544
0 0.2246 0.5566 0.041 0.0809
0 0.166 0.5419 0.0391 0.0632
0 0.2344 0.714 0.0703 0.1485
0 0.3115 0.9007 0.0898 0.1956
0 0.2773 0.9044 0.0723 0.1647
0 0.1792 0.3956 0.0244 0.0382
0 0.1606 0.3985 0.0186 0.0412
0 0.2163 0.3574 0.0127 0.0324
0 0.2002 0.3596 0.0137 0.0279
0 0.2344 0.3507 0.0117 0.025
0 0.3599 0.3618 0.0107 0.0206
0 0.5298 0.4235 0.0205 0.0382
0 0.5229 0.3684 0.0107 0.0221
0 0.5684 0.3632 0.0137 0.0353
0 0.48 0.3213 0.0088 0.0162
0 0.4507 0.3309 0.0068 0.0176
0 0.1328 0.6382 0.0566 0.1147
0 0.1152 0.5765 0.043 0.0706
0 0.0825 0.5007 0.0342 0.0632
0 0.0952 0.4676 0.0283 0.0588
0 0.1157 0.4324 0.0205 0.05
0 0.1309 0.4206 0.0234 0.0412
0 0.0205 0.8331 0.043 0.1574
0 0.0146 0.5765 0.0293 0.0765
0 0.0747 0.4257 0.0205 0.0309
0 0.061 0.4088 0.0186 0.0324
0 0.0532 0.3765 0.0146 0.0265
0 0.0229 0.3838 0.0127 0.0265
0 0.0068 0.436 0.0137 0.0368
0 0.0288 0.4559 0.0166 0.0265
0 0.0884 0.3853 0.0146 0.0382
0 0.1206 0.3706 0.0088 0.0206
0 0.1855 0.3485 0.0098 0.0176
0 0.0044 0.4037 0.0107 0.025
0 0.2739 0.3338 0.0088 0.0176
0 0.2734 0.3765 0.0117 0.0176
0 0.1294 0.3765 0.0107 0.0206
0 0.9136 0.9625 0.1279 0.0721
0 0.8379 0.6699 0.0469 0.0897
0 0.7715 0.8434 0.043 0.0868
0 0.6968 0.5382 0.0361 0.0647
0 0.7256 0.35 0.0137 0.0235
0 0.7661 0.2743 0.0088 0.0162
