0 0.9507 0.6465 0.0107 0.0265
0 0.9233 0.7136 0.0127 0.0284
0 0.8813 0.69 0.0127 0.034
0 0.874 0.6474 0.0117 0.0284
0 0.7983 0.725 0.0127 0.0321
0 0.6846 0.7098 0.0117 0.0321
0 0.6582 0.6843 0.0117 0.0302
0 0.6348 0.6786 0.0117 0.0302
0 0.7759 0.6739 0.0107 0.0208
0 0.7515 0.6541 0.0107 0.0265
0 0.728 0.6295 0.0107 0.0265
0 0.7046 0.6408 0.0127 0.0302
0 0.6855 0.6115 0.0117 0.0284
0 0.7949 0.4962 0.0098 0.0284
0 0.7651 0.5151 0.0107 0.0208
0 0.7554 0.4953 0.0088 0.0227
0 0.7261 0.5208 0.0107 0.0246
0 0.6138 0.6881 0.0107 0.0302
0 0.5962 0.6777 0.0107 0.0284
0 0.6016 0.6181 0.0117 0.0265
0 0.5859 0.7042 0.0117 0.0284
0 0.5615 0.7221 0.0117 0.0302
0 0.5654 0.6437 0.0117 0.0284
0 0.5762 0.6248 0.0098 0.0246
0 0.6445 0.6541 0.0117 0.0227
0 0.5176 0.6664 0.0117 0.0246
0 0.4917 0.706 0.0127 0.0284
0 0.6157 0.5822 0.0107 0.0265
0 0.6177 0.5 0.0107 0.0246
0 0.6646 0.5 0.0107 0.0246
0 0.127 0.6267 0.0098 0.0321
0 0.3721 0.5113 0.0098 0.0359
0 0.3325 0.518 0.0107 0.0265
0 0.2842 0.5104 0.0098 0.0227
0 0.2505 0.5113 0.0107 0.0284
0 0.9141 0.3582 0.0078 0.0284
0 0.9282 0.328 0.0088 0.017
0 0.9082 0.3119 0.0078 0.0189
0 0.8857 0.3601 0.0078 0.0208
0 0.8745 0.3147 0.0088 0.0246
0 0.8462 0.3081 0.0088 0.0227
0 0.8296 0.3582 0.0088 0.0208
0 0.8188 0.3081 0.0088 0.0265
0 0.8711 0.242 0.0098 0.0227
0 0.8921 0.2363 0.0088 0.0227
0 0.9146 0.2268 0.0088 0.0227
0 0.9067 0.19 0.0088 0.0208
0 0.8433 0.2391 0.0088 0.0246
0 0.8174 0.2448 0.0098 0.0208
0 0.7925 0.2439 0.0088 0.0227
0 0.7905 0.3015 0.0088 0.0246
0 0.8013 0.3771 0.0088 0.0246
0 0.8765 0.1834 0.0088 0.0227
0 0.8623 0.1408 0.0078 0.0208
0 0.874 0.0955 0.0078 0.0208
0 0.8442 0.0888 0.0088 0.0227
0 0.835 0.1371 0.0078 0.0208
0 0.8535 0.1909 0.0078 0.0189
0 0.8296 0.1853 0.0088 0.0227
0 0.8018 0.1928 0.0078 0.0227
0 0.8076 0.1361 0.0078 0.0189
0 0.8115 0.0955 0.0078 0.0246
0 0.8325 0.0444 0.0068 0.0208
0 0.7886 0.0444 0.0068 0.0208
0 0.7798 0.0964 0.0088 0.0227
0 0.7695 0.0539 0.0059 0.0208
0 0.7822 0.1314 0.0078 0.0208
0 0.7725 0.1947 0.0098 0.0227
0 0.7559 0.1323 0.0078 0.0227
0 0.7749 0.3667 0.0088 0.0265
0 0.7402 0.3507 0.0098 0.0246
0 0.7549 0.3015 0.0098 0.0246
0 0.7651 0.2401 0.0088 0.0227
0 0.7285 0.3015 0.0078 0.0208
0 0.7358 0.2363 0.0088 0.0227
0 0.7075 0.2457 0.0088 0.0227
0 0.7017 0.3166 0.0088 0.0208
0 0.7002 0.3847 0.0098 0.0246
0 0.667 0.3535 0.0098 0.0227
0 0.6733 0.3025 0.0088 0.0227
0 0.6846 0.2618 0.0078 0.0208
0 0.6636 0.2505 0.0088 0.0208
0 0.7271 0.1371 0.0088 0.0208
0 0.5352 0.1985 0.0078 0.0227
0 0.5249 0.1389 0.0088 0.0208
0 0.5283 0.0992 0.0078 0.0246
0 0.5801 0.5047 0.0098 0.0265
0 0.4331 0.7146 0.0107 0.0302
0 0.4585 0.6711 0.0107 0.0302
0 0.4263 0.6701 0.0107 0.0246
0 0.4082 0.7268 0.0117 0.0321
0 0.4033 0.6437 0.0117 0.0246
0 0.3804 0.6181 0.0107 0.0265
0 0.3701 0.6541 0.0117 0.0302
0 0.522 0.5983 0.0107 0.0284
0 0.5474 0.5728 0.0107 0.0265
0 0.5181 0.517 0.0107 0.0284
0 0.4897 0.5756 0.0107 0.0284
0 0.4487 0.5681 0.0107 0.0284
0 0.4473 0.5113 0.0098 0.0246
0 0.3027 0.7202 0.0117 0.0302
0 0.3228 0.6862 0.0127 0.034
0 0.3301 0.6323 0.0098 0.0284
0 0.3032 0.6522 0.0107 0.0302
0 0.2847 0.6739 0.0107 0.0321
0 0.2622 0.6333 0.0107 0.0302
0 0.2241 0.6975 0.0107 0.0302
0 0.2134 0.7108 0.0127 0.0302
0 0.2109 0.6664 0.0078 0.017
0 0.1348 0.7079 0.0117 0.0284
0 0.1104 0.7098 0.0098 0.0284
0 0.0356 0.7032 0.0127 0.0302
0 0.1953 0.6474 0.0117 0.0321
0 0.1602 0.6144 0.0117 0.0265
0 0.7056 0.0803 0.0088 0.017
0 0.6963 0.0926 0.0078 0.0189
0 0.5874 0.1947 0.0088 0.0227
0 0.5942 0.1418 0.0088 0.0227
0 0.5923 0.0945 0.0088 0.0227
0 0.5664 0.087 0.0078 0.0227
0 0.5596 0.0501 0.0078 0.0208
0 0.5454 0.0718 0.0088 0.0227
0 0.5493 0.1484 0.0088 0.0246
0 0.564 0.1853 0.0088 0.0265
0 0.5083 0.087 0.0088 0.0227
0 0.5078 0.0416 0.0078 0.0227
0 0.5332 0.0454 0.0078 0.0227
0 0.4907 0.1437 0.0088 0.0189
0 0.5112 0.1843 0.0068 0.0246
0 0.4668 0.1408 0.0078 0.0246
0 0.4819 0.0898 0.0088 0.0208
0 0.4785 0.0444 0.0078 0.0208
0 0.6494 0.3176 0.0078 0.0227
0 0.6216 0.31 0.0088 0.0265
0 0.6162 0.3582 0.0078 0.0246
0 0.5908 0.3667 0.0078 0.0227
0 0.5952 0.2987 0.0088 0.0227
0 0.6138 0.2335 0.0088 0.0208
0 0.5796 0.2335 0.0088 0.0246
0 0.564 0.327 0.0068 0.0227
0 0.5542 0.2476 0.0088 0.0227
0 0.5532 0.3526 0.0088 0.0246
0 0.5376 0.3204 0.0068 0.0246
0 0.5186 0.2968 0.0078 0.0189
0 0.5229 0.2401 0.0088 0.0227
0 0.4956 0.241 0.0088 0.0246
0 0.5176 0.3686 0.0078 0.0227
0 0.478 0.344 0.0088 0.0265
0 0.4844 0.3185 0.0098 0.0208
0 0.4468 0.3166 0.0088 0.017
0 0.4424 0.3771 0.0078 0.0246
0 0.4653 0.2495 0.0088 0.0227
0 0.439 0.2344 0.0088 0.0227
0 0.4487 0.2023 0.0088 0.0227
0 0.4639 0.1928 0.0098 0.0227
0 0.4385 0.1389 0.0098 0.0208
0 0.4478 0.0879 0.0088 0.0246
0 0.4448 0.0463 0.0068 0.0208
0 0.415 0.0321 0.0078 0.0189
0 0.4214 0.103 0.0088 0.0246
0 0.4106 0.1427 0.0088 0.0246
0 0.3931 0.104 0.0088 0.0227
0 0.3887 0.0321 0.0078 0.0227
0 0.4136 0.2306 0.0088 0.0227
0 0.4038 0.1919 0.0088 0.0246
0 0.3833 0.2268 0.0088 0.0265
0 0.3853 0.1503 0.0088 0.0246
0 0.3662 0.1002 0.0078 0.0227
0 0.3716 0.1843 0.0088 0.0246
0 0.3564 0.1314 0.0078 0.0246
0 0.3574 0.034 0.0098 0.0189
0 0.3438 0.1919 0.0078 0.0246
0 0.4209 0.3771 0.0078 0.0208
0 0.4023 0.3743 0.0078 0.0227
0 0.3936 0.328 0.0078 0.0208
0 0.3682 0.3242 0.0078 0.0208
0 0.3672 0.3885 0.0078 0.0208
0 0.3364 0.3696 0.0088 0.0246
0 0.3394 0.3214 0.0088 0.0189
0 0.3086 0.3648 0.0098 0.0265
0 0.2842 0.3639 0.0098 0.0208
0 0.2896 0.328 0.0088 0.0208
0 0.3057 0.3166 0.0078 0.0208
0 0.3159 0.2599 0.0088 0.017
0 0.3452 0.2599 0.0088 0.0208
0 0.2881 0.275 0.0078 0.017
0 0.3311 0.1418 0.0078 0.0189
0 0.3359 0.1049 0.0078 0.017
0 0.3257 0.0567 0.0088 0.0189
0 0.3052 0.0888 0.0088 0.0189
0 0.2939 0.035 0.0078 0.0208
0 0.2666 0.0416 0.0078 0.0227
0 0.2769 0.0974 0.0088 0.0208
0 0.3008 0.1323 0.0098 0.0227
0 0.3198 0.2004 0.0088 0.0227
0 0.2949 0.2089 0.0078 0.0208
0 0.272 0.1267 0.0088 0.0227
0 0.2437 0.1314 0.0088 0.0246
0 0.2446 0.0879 0.0088 0.0208
0 0.2393 0.051 0.0078 0.0189
0 0.2124 0.1314 0.0088 0.0246
0 0.2134 0.0803 0.0088 0.0208
0 0.2134 0.0473 0.0088 0.0189
0 0.1855 0.034 0.0078 0.0227
0 0.2378 0.2023 0.0088 0.0189
0 0.2651 0.2042 0.0088 0.0189
0 0.2007 0.1805 0.0088 0.0208
0 0.1851 0.1304 0.0088 0.0227
0 0.1709 0.1824 0.0078 0.0246
0 0.1562 0.1323 0.0078 0.0227
0 0.1592 0.0879 0.0078 0.0208
0 0.1855 0.0775 0.0078 0.0189
0 0.1582 0.0406 0.0078 0.0208
0 0.2485 0.3771 0.0088 0.0208
0 0.2593 0.3233 0.0088 0.0189
0 0.2231 0.3544 0.0088 0.0208
0 0.2056 0.3431 0.0088 0.0208
0 0.1929 0.3696 0.0088 0.0208
0 0.1694 0.3488 0.0088 0.0246
0 0.1616 0.3157 0.0088 0.0227
0 0.1885 0.2713 0.0078 0.0208
0 0.2129 0.2656 0.0078 0.017
0 0.23 0.2769 0.0068 0.017
0 0.1851 0.3535 0.0088 0.0189
0 0.1421 0.3488 0.0088 0.0246
0 0.1343 0.3062 0.0068 0.0227
0 0.1436 0.259 0.0078 0.0227
0 0.1694 0.2609 0.0088 0.0227
0 0.1182 0.3828 0.0078 0.0246
0 0.1445 0.1834 0.0098 0.0227
0 0.1216 0.1824 0.0088 0.0208
0 0.1226 0.1389 0.0088 0.0208
0 0.1284 0.0766 0.0088 0.0246
0 0.1016 0.1342 0.0078 0.0227
0 0.1138 0.2637 0.0088 0.0246
0 0.0854 0.2618 0.0088 0.0246
0 0.1074 0.3147 0.0078 0.0246
0 0.1035 0.3894 0.0098 0.0227
0 0.0674 0.3526 0.0078 0.0246
0 0.0552 0.3459 0.0068 0.0189
0 0.0562 0.2921 0.0088 0.0208
0 0.0635 0.2571 0.0078 0.0227
0 0.0396 0.2571 0.0088 0.0227
0 0.0405 0.2864 0.0088 0.0246
0 0.0103 0.3526 0.0088 0.0246
0 0.7124 0.1871 0.0088 0.0265
0 0.7451 0.189 0.0078 0.0227
0 0.7529 0.0841 0.0078 0.0208
0 0.7246 0.0832 0.0078 0.0227
0 0.7178 0.0558 0.0078 0.0208
0 0.6973 0.1427 0.0098 0.0246
0 0.6821 0.0463 0.0068 0.0208
0 0.6694 0.0747 0.0088 0.0208
0 0.6694 0.1399 0.0088 0.0227
0 0.688 0.2013 0.0088 0.0246
0 0.6621 0.19 0.0078 0.0208
0 0.6426 0.1493 0.0078 0.0227
0 0.6431 0.0945 0.0088 0.0151
0 0.6382 0.1985 0.0088 0.0227
0 0.6162 0.1919 0.0078 0.0246
0 0.6333 0.2372 0.0088 0.0208
0 0.6157 0.1446 0.0088 0.0208
0 0.6191 0.0794 0.0078 0.0265
0 0.7451 0.0624 0.0078 0.0151
0 0.8101 0.7231 0.0088 0.0246
