0 0.9453 0.2523 0.0215 0.0674
0 0.9336 0.2372 0.0195 0.0651
0 0.8623 0.2093 0.0195 0.0558
0 0.8188 0.1105 0.0205 0.0535
0 0.8008 0.2128 0.0176 0.0488
0 0.8101 0.3372 0.0225 0.0698
0 0.8555 0.4081 0.0176 0.0628
0 0.7485 0.107 0.0186 0.0605
0 0.7354 0.2209 0.0195 0.0605
0 0.6553 0.214 0.0195 0.0605
0 0.6655 0.143 0.0205 0.0581
0 0.5869 0.1849 0.0195 0.0581
0 0.5869 0.1012 0.0176 0.0535
0 0.6177 0.3349 0.0205 0.0651
0 0.7031 0.3314 0.0156 0.0395
0 0.4355 0.1942 0.0195 0.0628
0 0.5083 0.0733 0.0205 0.0535
0 0.4224 0.1128 0.0186 0.0581
0 0.3506 0.0849 0.0195 0.0674
0 0.3481 0.1872 0.0186 0.0628
0 0.3296 0.3093 0.0166 0.0605
0 0.2754 0.1988 0.0195 0.0628
0 0.2681 0.1209 0.0186 0.0558
0 0.1992 0.143 0.0215 0.0628
0 0.2012 0.0767 0.0195 0.0465
0 0.1274 0.1953 0.0166 0.0605
0 0.1094 0.0872 0.0176 0.0581
0 0.0552 0.1919 0.0186 0.0628
0 0.2456 0.2651 0.0205 0.0558
0 0.4595 0.1826 0.0146 0.0488
