0 0.9766 0.2179 0.0273 0.0465
0 0.9639 0.1904 0.0254 0.0395
0 0.9331 0.1805 0.0146 0.0282
0 0.8887 0.2066 0.0195 0.0353
0 0.9116 0.2567 0.0303 0.0508
0 0.9141 0.3258 0.0508 0.0903
0 0.8354 0.33 0.0498 0.0959
0 0.8354 0.201 0.0186 0.0324
0 0.7988 0.2094 0.0215 0.0381
0 0.7891 0.2574 0.0234 0.0465
0 0.7646 0.4076 0.0781 0.1354
0 0.7178 0.2405 0.0254 0.0353
0 0.6992 0.22 0.0117 0.0254
0 0.7446 0.2433 0.0088 0.0127
0 0.8462 0.2045 0.0107 0.0254
0 0.5742 0.3625 0.1895 0.3977
0 0.4131 0.2341 0.0293 0.0536
0 0.3809 0.3822 0.041 0.0592
0 0.3613 0.5275 0.0859 0.158
0 0.3857 0.3103 0.0371 0.0536
0 0.3335 0.2856 0.0244 0.0465
0 0.2988 0.3138 0.0293 0.055
0 0.2832 0.2553 0.0137 0.0226
0 0.2524 0.2941 0.0225 0.0353
0 0.2583 0.2384 0.0107 0.0169
0 0.373 0.2186 0.0117 0.0282
0 0.3945 0.2313 0.0098 0.0254
0 0.3325 0.2377 0.0107 0.0183
0 0.2852 0.2327 0.0098 0.0169
0 0.2344 0.2673 0.0176 0.0268
0 0.2251 0.2362 0.0107 0.0155
0 0.1846 0.3371 0.0566 0.0874
0 0.1724 0.2694 0.0225 0.031
0 0.1406 0.232 0.0156 0.024
0 0.123 0.3674 0.0488 0.0889
0 0.0815 0.3822 0.0361 0.0592
0 0.0894 0.5973 0.1045 0.1537
0 0.042 0.3914 0.0176 0.0268
0 0.0352 0.275 0.0137 0.0254
0 0.0576 0.2553 0.0137 0.0254
0 0.0088 0.2764 0.0156 0.0226
0 0.1182 0.3075 0.0254 0.0339
0 0.2012 0.2433 0.0098 0.0183
0 0.2095 0.2398 0.0088 0.0169
