0 0.4385 0.5172 0.0195 0.0316
0 0.2451 0.4746 0.0273 0.0481
0 0.1138 0.4815 0.0186 0.0426
0 0.0093 0.4121 0.0049 0.0247
0 0.5747 0.421 0.0088 0.0124
0 0.582 0.4038 0.0078 0.0137
0 0.5986 0.3207 0.0059 0.0096
0 0.376 0.3832 0.0078 0.011
0 0.3926 0.3702 0.0078 0.0096
0 0.4102 0.3255 0.0059 0.0082
0 0.5562 0.4196 0.0088 0.0124
0 0.4751 0.3846 0.0088 0.0165
0 0.7227 0.4107 0.0078 0.0165
0 0.605 0.3764 0.0068 0.0137
0 0.7671 0.4293 0.0088 0.0179
0 0.791 0.4389 0.0078 0.0179
0 0.7505 0.3269 0.0068 0.011
0 0.6689 0.3214 0.0039 0.0082
