0 0.7529 0.7668 0.0117 0.0161
0 0.769 0.7537 0.0127 0.0161
0 0.7988 0.7113 0.0117 0.0219
0 0.7173 0.7522 0.0088 0.019
0 0.6719 0.8428 0.0098 0.019
0 0.8472 0.6542 0.0127 0.0219
0 0.8203 0.7259 0.0137 0.0278
0 0.6089 0.8099 0.0166 0.0263
0 0.6948 0.6235 0.0107 0.019
0 0.5312 0.6265 0.0117 0.019
0 0.5728 0.8677 0.0166 0.0219
0 0.9604 0.8129 0.0068 0.0117
0 0.9712 0.7887 0.0068 0.0102
0 0.7021 0.693 0.0117 0.0205
0 0.3848 0.6886 0.0117 0.0175
0 0.3955 0.8618 0.0117 0.0219
0 0.292 0.7997 0.0117 0.0234
0 0.3198 0.7346 0.0107 0.0161
0 0.1914 0.7953 0.0117 0.0205
0 0.1611 0.7076 0.0117 0.0205
0 0.1182 0.7164 0.0098 0.0205
0 0.207 0.6623 0.0098 0.0205
0 0.4634 0.8465 0.0107 0.0205
0 0.0503 0.6849 0.0127 0.019
0 0.0312 0.7178 0.0137 0.0205
0 0.0703 0.6915 0.0117 0.0175
0 0.4824 0.7807 0.0117 0.0234
0 0.5103 0.8173 0.0127 0.0234
0 0.2397 0.7851 0.0127 0.0205
0 0.4673 0.6462 0.0107 0.0175
