0 0.6694 0.2128 0.0674 0.137
0 0.5542 0.2894 0.0752 0.156
0 0.4736 0.2128 0.0586 0.1283
0 0.2534 0.4694 0.0244 0.0466
0 0.1104 0.3958 0.0391 0.0656
0 0.1694 0.8076 0.0381 0.0583
0 0.1011 0.4803 0.0186 0.0452
0 0.0332 0.492 0.0293 0.0539
0 0.7456 0.6706 0.0088 0.0117
0 0.7319 0.6662 0.0068 0.0146
0 0.7192 0.6625 0.0068 0.0131
0 0.7051 0.6501 0.0098 0.0146
0 0.6934 0.6414 0.0098 0.0146
0 0.7192 0.7369 0.0088 0.016
0 0.7109 0.7719 0.0098 0.016
0 0.7061 0.7296 0.0078 0.0131
0 0.688 0.7259 0.0088 0.0146
0 0.6694 0.7077 0.0088 0.016
0 0.6479 0.6859 0.0107 0.0219
0 0.6113 0.8768 0.0078 0.0102
0 0.5771 0.4541 0.0078 0.0102
0 0.5571 0.4541 0.0068 0.0131
0 0.5332 0.4504 0.0078 0.0117
0 0.5103 0.4461 0.0068 0.0117
0 0.4907 0.4417 0.0068 0.0117
0 0.4233 0.4176 0.0244 0.0539
0 0.439 0.2471 0.0166 0.0219
0 0.335 0.3506 0.0195 0.0248
0 0.2686 0.1261 0.0117 0.0248
0 0.6201 0.9803 0.0059 0.0131
0 0.624 0.895 0.0078 0.0117
0 0.5781 0.8994 0.0098 0.0146
0 0.5742 0.9213 0.0078 0.0146
0 0.6392 0.9322 0.0088 0.0131
0 0.6426 0.9745 0.0059 0.0102
0 0.6489 0.957 0.0049 0.0073
0 0.6362 0.9942 0.0068 0.0087
0 0.6587 0.9351 0.0049 0.0073
