0 0.4517 0.636 0.0322 0.0892
0 0.2388 0.5587 0.0361 0.0921
0 0.0811 0.6493 0.041 0.0862
0 0.2695 0.474 0.0312 0.0832
0 0.3794 0.4138 0.0264 0.0877
0 0.208 0.3826 0.0371 0.0698
0 0.082 0.4406 0.041 0.0788
0 0.3892 0.2823 0.0322 0.0832
0 0.4204 0.2043 0.0264 0.0669
0 0.4092 0.127 0.0332 0.0669
0 0.2759 0.1159 0.0264 0.0654
0 0.228 0.1597 0.0361 0.0788
0 0.0854 0.2905 0.0381 0.0788
0 0.0591 0.1686 0.0361 0.0639
0 0.1328 0.0788 0.0332 0.0713
0 0.3042 0.0312 0.0225 0.0505
0 0.1738 0.0223 0.0293 0.0208
0 0.061 0.0089 0.0303 0.0208
0 0.917 0.6471 0.0332 0.0847
0 0.7856 0.5877 0.042 0.0847
0 0.5698 0.6367 0.0244 0.0817
0 0.8999 0.4354 0.042 0.0802
0 0.7529 0.4257 0.0371 0.0698
0 0.5684 0.4584 0.0352 0.0728
0 0.5864 0.2957 0.0322 0.0713
0 0.7695 0.3195 0.0312 0.0594
0 0.7515 0.2868 0.0322 0.0594
0 0.9121 0.2727 0.0371 0.0758
0 0.8892 0.3076 0.0244 0.0594
0 0.9248 0.1686 0.0254 0.0579
0 0.8203 0.1761 0.0293 0.055
0 0.7236 0.1018 0.0312 0.0698
0 0.6079 0.1144 0.0283 0.0594
0 0.5454 0.1248 0.0205 0.0624
0 0.7617 0.0483 0.0293 0.0609
0 0.667 0.0267 0.0234 0.0565
0 0.5708 0.2407 0.0322 0.0684
