0 0.0527 0.8348 0.0215 0.0661
0 0.3145 0.7452 0.0195 0.0618
0 0.3223 0.9392 0.0176 0.0661
0 0.3779 0.8486 0.0176 0.0469
0 0.2642 0.8742 0.0127 0.0554
0 0.3481 0.2122 0.0088 0.032
0 0.3896 0.2047 0.0078 0.0213
0 0.4111 0.2079 0.0078 0.0277
0 0.418 0.291 0.0098 0.0362
0 0.4712 0.3699 0.0107 0.0277
0 0.5083 0.2175 0.0107 0.0299
0 0.5298 0.29 0.0127 0.0384
0 0.5659 0.3891 0.0127 0.0448
0 0.3286 0.42 0.0127 0.0384
0 0.2944 0.4595 0.0146 0.0448
0 0.2617 0.4446 0.0078 0.032
0 0.4741 0.6642 0.0186 0.0576
0 0.5146 0.6567 0.0176 0.0554
0 0.6665 0.2367 0.0088 0.0341
0 0.6133 0.3614 0.0098 0.0362
0 0.7446 0.3913 0.0107 0.0362
0 0.7744 0.291 0.0098 0.032
0 0.9097 0.1343 0.0127 0.0341
0 0.9399 0.1226 0.0107 0.0405
0 0.8618 0.5714 0.0146 0.0426
0 0.9497 0.8358 0.0205 0.064
0 0.811 0.7367 0.0146 0.0576
0 0.6548 0.7665 0.0186 0.0618
0 0.7114 0.4776 0.0107 0.0426
0 0.957 0.419 0.0078 0.0277
0 0.9912 0.7409 0.0156 0.0533
0 0.0332 0.3721 0.0137 0.0448
0 0.061 0.3316 0.0127 0.0362
0 0.085 0.2985 0.0156 0.0341
0 0.1973 0.2036 0.0078 0.032
0 0.1685 0.3977 0.0127 0.0362
0 0.103 0.5416 0.0127 0.0469
0 0.0518 0.6642 0.0137 0.0405
0 0.6006 0.7793 0.0098 0.0448
0 0.7876 0.3817 0.0107 0.0341
0 0.3154 0.2004 0.0059 0.0299
0 0.5386 0.242 0.0068 0.0277
0 0.8433 0.2154 0.0088 0.0299
0 0.8218 0.4659 0.0127 0.0362
0 0.8374 0.4456 0.0088 0.0341
0 0.7163 0.2601 0.0146 0.0299
0 0.6382 0.2569 0.0127 0.0277
0 0.6387 0.3006 0.0117 0.0341
0 0.2964 0.8017 0.0205 0.0384
