0 0.8652 0.4255 0.0254 0.0451
0 0.832 0.321 0.0273 0.0492
0 0.7759 0.4105 0.0225 0.0342
0 0.8057 0.4822 0.0234 0.0328
0 0.71 0.4221 0.0234 0.0383
0 0.6997 0.3128 0.0225 0.0383
0 0.5928 0.3033 0.0234 0.041
0 0.5811 0.5198 0.0254 0.0478
0 0.5254 0.2971 0.0234 0.0396
0 0.4604 0.2794 0.0244 0.0423
0 0.4111 0.2534 0.0254 0.0396
0 0.3779 0.3941 0.0234 0.0396
0 0.4214 0.4672 0.0225 0.0383
0 0.3428 0.5355 0.0254 0.041
0 0.271 0.4754 0.0205 0.0301
0 0.2485 0.4146 0.0283 0.0451
0 0.2827 0.2329 0.0283 0.0478
0 0.188 0.2643 0.0264 0.0478
0 0.188 0.5567 0.0303 0.0478
0 0.1538 0.4542 0.0303 0.0451
0 0.0913 0.4884 0.0342 0.0505
