0 0.8794 0.3803 0.0342 0.0496
0 0.8003 0.3555 0.0342 0.0482
0 0.7344 0.3661 0.0273 0.0439
0 0.7017 0.3463 0.0264 0.0411
0 0.6323 0.3831 0.0283 0.0411
0 0.6138 0.3931 0.0205 0.0439
0 0.5615 0.3881 0.0273 0.0397
0 0.5322 0.3314 0.0293 0.0453
0 0.5825 0.5382 0.0283 0.0453
0 0.52 0.4533 0.0264 0.0397
0 0.4507 0.5333 0.0283 0.0496
0 0.3716 0.534 0.0283 0.0482
0 0.3784 0.3938 0.0244 0.0425
0 0.3604 0.3612 0.0215 0.0397
0 0.3013 0.3463 0.0244 0.0467
0 0.2466 0.4115 0.0283 0.0382
0 0.2627 0.3619 0.0195 0.0297
0 0.4771 0.3612 0.0244 0.0368
0 0.4336 0.335 0.0273 0.0439
0 0.1514 0.3994 0.0273 0.0425
0 0.1816 0.3399 0.0273 0.0397
0 0.1279 0.3683 0.0293 0.0453
