0 0.1997 0.4661 0.04 0.0445
0 0.7021 0.1921 0.0469 0.0506
0 0.375 0.1557 0.0664 0.087
0 0.4448 0.2048 0.04 0.0556
0 0.5684 0.1805 0.0195 0.0233
0 0.6226 0.2053 0.0186 0.0202
0 0.6572 0.1835 0.0156 0.0212
0 0.583 0.1805 0.0078 0.0111
0 0.0762 0.1906 0.0117 0.0152
0 0.2705 0.1931 0.0078 0.0162
0 0.6426 0.18 0.0137 0.0182
0 0.7588 0.1876 0.0098 0.0172
0 0.7397 0.185 0.0127 0.0121
0 0.4756 0.0809 0.0098 0.0142
0 0.4849 0.0779 0.0088 0.0121
0 0.4912 0.1057 0.0117 0.0111
0 0.7686 0.1941 0.0078 0.0081
0 0.7026 0.5455 0.0283 0.0313
