0 0.5283 0.3938 0.0215 0.0245
0 0.5269 0.3495 0.0283 0.0385
0 0.5947 0.4061 0.0273 0.035
0 0.6396 0.3466 0.0293 0.0373
0 0.6748 0.339 0.0273 0.0408
0 0.7588 0.3571 0.0312 0.0397
0 0.876 0.3431 0.0312 0.0397
0 0.7402 0.4749 0.0254 0.035
0 0.6763 0.493 0.0244 0.0338
0 0.6348 0.5128 0.0254 0.0315
0 0.1182 0.3063 0.0312 0.0408
0 0.1836 0.3081 0.0312 0.0443
0 0.3105 0.3273 0.0293 0.0385
0 0.4121 0.3092 0.0332 0.0467
0 0.1538 0.4708 0.0244 0.0338
0 0.2285 0.4516 0.0215 0.0303
0 0.2603 0.4195 0.0244 0.0338
0 0.3481 0.4306 0.0264 0.035
0 0.4722 0.4562 0.0225 0.0327
