0 0.1289 0.212 0.125 0.2159
0 0.436 0.3049 0.0361 0.0533
0 0.5674 0.3693 0.0352 0.0468
0 0.4868 0.5663 0.0283 0.0455
0 0.3872 0.4103 0.0361 0.0559
0 0.5981 0.6359 0.0264 0.0338
0 0.6406 0.5579 0.0273 0.0364
0 0.7505 0.539 0.0166 0.0299
0 0.7817 0.3355 0.0264 0.0416
0 0.8516 0.2757 0.0273 0.0468
0 0.9136 0.5449 0.0225 0.0364
0 0.7979 0.8316 0.0977 0.1625
0 0.2319 0.6931 0.0576 0.091
0 0.1177 0.5865 0.0674 0.0962
0 0.7397 0.1164 0.0381 0.0611
0 0.8062 0.1697 0.0303 0.0455
0 0.9238 0.1697 0.0273 0.0455
0 0.8735 0.0832 0.0303 0.0546
0 0.9067 0.29 0.0303 0.0416
