0 0.1343 0.3626 0.0752 0.1315
0 0.3047 0.4557 0.0742 0.112
0 0.4272 0.3848 0.0479 0.082
0 0.2056 0.2982 0.0264 0.0391
0 0.2817 0.3158 0.0283 0.0378
0 0.3447 0.2962 0.0195 0.0299
0 0.3677 0.3307 0.0244 0.0365
0 0.4224 0.2975 0.0186 0.0221
0 0.4131 0.2956 0.0195 0.0365
0 0.4653 0.3001 0.0205 0.0378
0 0.5562 0.2741 0.0225 0.0404
0 0.6021 0.2806 0.0186 0.0326
0 0.5542 0.3659 0.0303 0.0573
0 0.4893 0.388 0.0273 0.0443
0 0.6445 0.4069 0.0488 0.0742
0 0.752 0.3073 0.043 0.0911
0 0.272 0.4193 0.0459 0.0651
