0 0.8887 0.2541 0.0391 0.0789
0 0.8208 0.2385 0.0381 0.0734
0 0.7432 0.3339 0.0352 0.0734
0 0.6797 0.267 0.0293 0.0532
0 0.6938 0.1459 0.0361 0.0679
0 0.6177 0.2211 0.0381 0.0789
0 0.543 0.1101 0.041 0.0844
0 0.793 0.6486 0.0352 0.0716
0 0.5552 0.6229 0.0322 0.0679
0 0.4761 0.2477 0.042 0.0881
0 0.3706 0.1881 0.0381 0.0826
0 0.3799 0.5651 0.0352 0.0771
0 0.2324 0.4018 0.0332 0.0734
0 0.1172 0.2835 0.0312 0.0569
0 0.1826 0.1633 0.0371 0.0771
0 0.3101 0.2174 0.0342 0.0789
0 0.0566 0.233 0.041 0.0771
