0 0.0938 0.3377 0.0312 0.0552
0 0.1235 0.2792 0.0322 0.0552
0 0.1807 0.3393 0.0312 0.0584
0 0.2075 0.2873 0.0264 0.0519
0 0.2422 0.3044 0.0254 0.0373
0 0.2783 0.3328 0.0254 0.0519
0 0.3164 0.2817 0.0273 0.0568
0 0.374 0.3239 0.0234 0.0471
0 0.4111 0.2922 0.0254 0.0552
0 0.3867 0.4407 0.0332 0.0666
0 0.3345 0.4091 0.0225 0.0487
0 0.3564 0.4773 0.0215 0.039
0 0.2456 0.5219 0.0264 0.0438
0 0.3057 0.4424 0.0234 0.0471
0 0.2129 0.4724 0.0332 0.0649
0 0.459 0.3101 0.0254 0.0552
0 0.4937 0.2589 0.0283 0.0633
0 0.5337 0.3109 0.0244 0.0503
0 0.5728 0.2443 0.0283 0.0536
0 0.6475 0.2614 0.0293 0.0552
0 0.6948 0.3019 0.0264 0.0487
0 0.7656 0.2768 0.0293 0.0568
0 0.8081 0.3076 0.0244 0.0536
0 0.8403 0.3628 0.0283 0.0568
0 0.8911 0.3052 0.0264 0.0584
0 0.7896 0.4627 0.0264 0.0584
0 0.7476 0.4302 0.0283 0.0552
0 0.708 0.4456 0.0254 0.0471
0 0.6743 0.4797 0.0244 0.0503
0 0.6299 0.4805 0.0254 0.0519
0 0.6455 0.3693 0.0254 0.0503
0 0.5898 0.332 0.0234 0.0471
0 0.5703 0.4489 0.0234 0.0438
0 0.5571 0.3937 0.0244 0.0406
0 0.5146 0.5114 0.0215 0.039
0 0.4795 0.4416 0.0254 0.0519
0 0.4619 0.5041 0.0215 0.0406
0 0.2402 0.3628 0.0215 0.0406
