0 0.5059 0.2854 0.0195 0.0464
0 0.458 0.3619 0.0234 0.0603
0 0.4248 0.29 0.0215 0.051
0 0.4028 0.2517 0.0186 0.0534
0 0.4614 0.1531 0.0146 0.0418
0 0.4897 0.1729 0.0088 0.0302
0 0.4199 0.1218 0.0195 0.058
0 0.3931 0.3805 0.0225 0.0557
0 0.856 0.4884 0.0283 0.0673
0 0.855 0.5858 0.0225 0.0534
0 0.8657 0.9014 0.04 0.0951
0 0.8672 0.7877 0.0312 0.0766
0 0.7754 0.7483 0.0254 0.0673
0 0.7432 0.6624 0.0234 0.0673
0 0.729 0.7378 0.0244 0.0557
0 0.7686 0.5023 0.0254 0.0766
0 0.8042 0.3527 0.0244 0.065
0 0.8076 0.2262 0.0195 0.0534
0 0.7705 0.2251 0.0195 0.0557
0 0.7642 0.152 0.0205 0.0487
0 0.7344 0.2761 0.0176 0.0557
0 0.7373 0.3944 0.0195 0.0557
0 0.7065 0.1891 0.0146 0.0441
0 0.6724 0.152 0.0166 0.0441
0 0.6343 0.1555 0.0166 0.0464
0 0.5903 0.123 0.0186 0.051
0 0.5337 0.1218 0.0166 0.0394
0 0.7031 0.2657 0.0156 0.0441
0 0.6631 0.2935 0.0195 0.0534
0 0.6274 0.3005 0.0166 0.0394
0 0.6245 0.3561 0.0205 0.058
0 0.5864 0.2877 0.0146 0.0418
0 0.5688 0.2807 0.0225 0.0557
0 0.5884 0.3933 0.0166 0.0534
0 0.6333 0.5429 0.0244 0.065
0 0.6763 0.4664 0.0225 0.0603
0 0.4409 0.5371 0.0303 0.0766
0 0.5054 0.5499 0.0244 0.0742
0 0.5225 0.8631 0.0312 0.0974
0 0.4736 0.7865 0.0332 0.0835
0 0.4048 0.8585 0.0342 0.0882
0 0.3711 0.1253 0.0195 0.0557
0 0.3452 0.1891 0.0186 0.0487
0 0.3369 0.2691 0.0156 0.0418
0 0.3169 0.2645 0.0225 0.0603
0 0.3521 0.3828 0.0186 0.0603
0 0.3711 0.3167 0.0156 0.0487
0 0.3628 0.5545 0.0303 0.0789
0 0.333 0.8469 0.0332 0.0789
0 0.355 0.9675 0.0439 0.0557
0 0.3008 0.6195 0.0352 0.0928
0 0.2983 0.3677 0.0244 0.0673
0 0.2666 0.1705 0.0176 0.0487
0 0.271 0.2749 0.0186 0.0534
0 0.2646 0.3144 0.0215 0.0626
0 0.2549 0.3782 0.0234 0.0696
0 0.209 0.3248 0.0215 0.0557
0 0.2202 0.319 0.0166 0.058
0 0.189 0.4014 0.0264 0.0742
0 0.1802 0.3121 0.0244 0.058
0 0.1846 0.152 0.0195 0.058
0 0.2266 0.1311 0.0195 0.0534
0 0.125 0.0963 0.0234 0.0626
0 0.1162 0.2796 0.0234 0.058
0 0.1064 0.3828 0.0312 0.0882
0 0.1206 0.6984 0.0557 0.1439
0 0.1675 0.674 0.0459 0.1323
0 0.2231 0.6845 0.04 0.0974
0 0.2549 0.6346 0.0293 0.0905
0 0.0586 0.4304 0.0215 0.0719
0 0.0723 0.1601 0.0195 0.0557
0 0.02 0.0916 0.0244 0.0719
0 0.0312 0.3179 0.0352 0.0928
0 0.0654 0.2448 0.0176 0.0487
0 0.0107 0.2239 0.0234 0.0719
0 0.9922 0.1752 0.0137 0.0487
0 0.9946 0.29 0.0088 0.065
0 0.9424 0.5742 0.0273 0.0673
0 0.9365 0.5116 0.0293 0.0812
0 0.9209 0.4571 0.0215 0.0557
0 0.9937 0.7633 0.0107 0.0882
0 0.9609 0.819 0.041 0.116
0 0.9131 0.9014 0.0371 0.0951
0 0.936 0.1705 0.0244 0.0626
0 0.8984 0.2181 0.0195 0.0371
0 0.8633 0.1821 0.0215 0.0534
0 0.8828 0.3712 0.0156 0.051
0 0.6992 0.5232 0.0234 0.0626
0 0.5718 0.7193 0.0264 0.0742
0 0.7183 0.9617 0.0342 0.0719
0 0.5659 0.5232 0.0205 0.0626
0 0.5303 0.319 0.0195 0.0626
0 0.52 0.3782 0.0186 0.0603
0 0.5483 0.2865 0.0146 0.0394
0 0.0942 0.3074 0.0244 0.0766
