0 0.834 0.6271 0.0215 0.0377
0 0.8604 0.4836 0.0195 0.0304
0 0.7427 0.5748 0.0225 0.0353
0 0.7017 0.5785 0.0244 0.0353
0 0.6343 0.5742 0.0244 0.0365
0 0.5737 0.59 0.0244 0.0365
0 0.5879 0.5237 0.0195 0.0353
0 0.4546 0.5973 0.0264 0.0462
0 0.627 0.7956 0.0215 0.0316
0 0.374 0.5675 0.0234 0.0377
0 0.3359 0.5049 0.0215 0.0341
0 0.2935 0.5602 0.0205 0.0353
0 0.2002 0.5055 0.0234 0.0401
0 0.1309 0.5353 0.0273 0.0414
0 0.0757 0.5365 0.0244 0.0438
0 0.7129 0.2901 0.0137 0.0231
0 0.7437 0.32 0.0107 0.0146
0 0.2964 0.2938 0.0127 0.0231
0 0.5239 0.503 0.0225 0.0401
