0 0.3364 0.3421 0.0205 0.0446
0 0.3228 0.2955 0.0186 0.0368
0 0.3047 0.3498 0.0195 0.0446
0 0.2891 0.2403 0.0117 0.031
0 0.2725 0.2645 0.0215 0.0484
0 0.2363 0.2975 0.0195 0.0484
0 0.2568 0.2064 0.0117 0.0329
0 0.2437 0.2258 0.0146 0.0407
0 0.2227 0.2083 0.0176 0.0407
0 0.189 0.1977 0.0186 0.0465
0 0.1982 0.3178 0.0215 0.0504
0 0.2612 0.5145 0.0225 0.0523
0 0.1523 0.3169 0.0215 0.0484
0 0.1152 0.2829 0.0234 0.0543
0 0.0771 0.2752 0.0254 0.0581
0 0.0273 0.2762 0.0273 0.0678
0 0.2754 0.6977 0.0215 0.0388
0 0.5225 0.3372 0.0215 0.0504
0 0.5425 0.2733 0.0205 0.0504
0 0.5225 0.2723 0.0176 0.0368
0 0.4971 0.314 0.0156 0.0426
0 0.498 0.4971 0.0156 0.0329
0 0.4692 0.3391 0.0186 0.0465
0 0.436 0.5446 0.0205 0.0543
0 0.4761 0.6512 0.0186 0.0465
0 0.3853 0.5795 0.0205 0.0426
0 0.377 0.3769 0.0156 0.0368
0 0.4097 0.3275 0.0186 0.0465
0 0.439 0.344 0.0146 0.0407
0 0.4395 0.2849 0.0195 0.0465
0 0.418 0.2703 0.0176 0.0368
0 0.396 0.2917 0.0146 0.0407
0 0.3765 0.3043 0.0205 0.0426
0 0.3467 0.2364 0.0195 0.0426
0 0.9409 0.3479 0.0264 0.064
0 0.9072 0.5203 0.0195 0.0407
0 0.873 0.4612 0.0293 0.062
0 0.8677 0.5455 0.0225 0.0407
0 0.8154 0.3488 0.0215 0.0581
0 0.8545 0.3169 0.0117 0.0329
0 0.7568 0.3672 0.0234 0.0562
0 0.7651 0.311 0.0205 0.0446
0 0.7329 0.28 0.0225 0.0523
0 0.7061 0.3682 0.0215 0.0581
0 0.6807 0.2946 0.0215 0.0543
0 0.6772 0.4147 0.0205 0.0465
0 0.6675 0.5465 0.0244 0.0581
0 0.6226 0.4574 0.0205 0.0504
0 0.6309 0.3343 0.0195 0.0484
0 0.6016 0.3421 0.0215 0.0484
0 0.5771 0.2878 0.0176 0.0407
