0 0.1382 0.3737 0.0322 0.0568
0 0.1807 0.4365 0.0273 0.0419
0 0.2446 0.4028 0.0264 0.0404
0 0.2529 0.3206 0.0332 0.0493
0 0.3311 0.3505 0.0293 0.0463
0 0.3794 0.2661 0.0322 0.0478
0 0.4468 0.4798 0.0361 0.0658
0 0.4751 0.5859 0.0361 0.0628
0 0.5386 0.4701 0.0283 0.0433
0 0.5752 0.4417 0.0371 0.0613
0 0.5771 0.6173 0.0332 0.0568
0 0.5547 0.1966 0.0254 0.0463
0 0.5947 0.2459 0.0234 0.0374
0 0.6558 0.2862 0.0244 0.0404
0 0.6533 0.3453 0.0195 0.0299
0 0.6846 0.3371 0.0195 0.0344
0 0.8066 0.3468 0.0352 0.0538
0 0.8647 0.3804 0.0342 0.0613
0 0.8691 0.1413 0.0273 0.0493
0 0.8218 0.1913 0.0264 0.0389
0 0.79 0.1689 0.0254 0.0419
0 0.7812 0.2294 0.0234 0.0374
