0 0.0933 0.2658 0.0264 0.0766
0 0.144 0.143 0.0205 0.0653
0 0.1865 0.1453 0.0234 0.0608
0 0.2598 0.1926 0.0215 0.0563
0 0.3018 0.1014 0.0254 0.0721
0 0.376 0.1182 0.0234 0.0608
0 0.4277 0.1779 0.0254 0.0631
0 0.4976 0.1723 0.0225 0.0563
0 0.5576 0.1295 0.0254 0.0653
0 0.522 0.4606 0.0264 0.0653
0 0.439 0.4696 0.0244 0.0653
0 0.3101 0.3074 0.0283 0.0743
0 0.1797 0.3761 0.0273 0.0676
0 0.2324 0.6104 0.0254 0.0586
0 0.5322 0.6802 0.0254 0.0721
0 0.624 0.1667 0.0234 0.0586
0 0.6982 0.17 0.0234 0.0563
0 0.7808 0.161 0.0264 0.0698
0 0.834 0.2782 0.0273 0.0788
0 0.8965 0.2185 0.0254 0.0631
0 0.7603 0.4088 0.0264 0.0698
0 0.7847 0.5023 0.0205 0.0495
0 0.813 0.6565 0.0264 0.0698
0 0.6064 0.4448 0.0254 0.0608
0 0.6616 0.6869 0.0244 0.0541
0 0.7134 0.6734 0.0244 0.0676
0 0.646 0.2624 0.0244 0.0608
