0 0.1616 0.2416 0.0459 0.0563
0 0.229 0.212 0.04 0.0484
0 0.2544 0.2851 0.0381 0.0464
0 0.2803 0.2515 0.0391 0.0464
0 0.3462 0.2614 0.04 0.0464
0 0.7432 0.2826 0.041 0.0435
0 0.6987 0.2693 0.0439 0.0464
0 0.7808 0.2574 0.0381 0.0425
0 0.8315 0.2673 0.0381 0.0425
0 0.397 0.3389 0.0381 0.0415
0 0.3496 0.2006 0.0332 0.0435
0 0.4136 0.2475 0.042 0.0464
0 0.4429 0.207 0.0361 0.0464
0 0.5039 0.2668 0.043 0.0534
0 0.5107 0.2031 0.0391 0.0464
0 0.5864 0.2184 0.0381 0.0474
0 0.5972 0.3157 0.04 0.0445
0 0.6406 0.2772 0.0391 0.0445
0 0.731 0.3745 0.042 0.0415
