0 0.4927 0.4031 0.0283 0.0441
0 0.7324 0.3636 0.0293 0.0428
0 0.6558 0.3683 0.0264 0.0414
0 0.6079 0.2894 0.0225 0.0388
0 0.5664 0.3556 0.0273 0.0374
0 0.5215 0.2634 0.0254 0.0374
0 0.8638 0.1959 0.0283 0.0388
0 0.8066 0.2119 0.0273 0.0441
0 0.7495 0.1651 0.0264 0.0414
0 0.7183 0.2206 0.0283 0.0401
0 0.6304 0.2005 0.0283 0.0428
0 0.604 0.1444 0.0264 0.0374
0 0.5195 0.1116 0.0234 0.0388
0 0.5288 0.1945 0.0244 0.0441
0 0.4932 0.1778 0.0254 0.0374
0 0.4805 0.3603 0.0215 0.0361
0 0.4502 0.3182 0.0234 0.0374
0 0.4331 0.1959 0.0225 0.0388
0 0.4023 0.1511 0.0234 0.0374
0 0.3438 0.1698 0.0273 0.0428
0 0.4155 0.357 0.0244 0.0374
0 0.4189 0.4184 0.0254 0.0374
0 0.3516 0.3563 0.0234 0.0414
0 0.3184 0.3951 0.0273 0.0441
0 0.2617 0.3496 0.0254 0.0414
0 0.4722 0.746 0.0303 0.0481
0 0.478 0.6203 0.0322 0.0481
0 0.4126 0.7092 0.0264 0.0441
0 0.4092 0.6324 0.0293 0.0481
0 0.3486 0.5682 0.0293 0.0455
0 0.4238 0.5488 0.0254 0.0388
0 0.3423 0.7092 0.0264 0.0441
0 0.2993 0.7025 0.0283 0.0414
0 0.2456 0.7353 0.0264 0.0428
0 0.271 0.5822 0.0303 0.0441
0 0.2129 0.5996 0.0293 0.0414
0 0.1758 0.7146 0.0254 0.0414
0 0.1187 0.7346 0.0264 0.0388
0 0.041 0.7159 0.0273 0.0388
0 0.1011 0.5789 0.0264 0.0374
0 0.0288 0.5976 0.0264 0.0401
0 0.2744 0.1658 0.0234 0.0348
0 0.2393 0.1344 0.0254 0.0361
0 0.1479 0.0909 0.0244 0.0348
0 0.1919 0.1832 0.0225 0.0401
0 0.1074 0.1611 0.0254 0.0361
0 0.2207 0.3155 0.0215 0.0321
0 0.2339 0.4031 0.0264 0.0414
0 0.145 0.4111 0.0264 0.0361
0 0.1729 0.3302 0.0234 0.0374
0 0.1323 0.3162 0.0244 0.0334
0 0.0986 0.3463 0.0254 0.0374
0 0.0547 0.4813 0.0254 0.0321
0 0.0098 0.4178 0.0215 0.0414
0 0.0225 0.3409 0.0273 0.0481
0 0.0615 0.3102 0.0234 0.0374
0 0.0659 0.1725 0.0225 0.0321
0 0.0181 0.1811 0.0225 0.0361
0 0.0391 0.0548 0.0254 0.0321
0 0.8535 0.7754 0.0352 0.0588
0 0.7598 0.8155 0.0293 0.0481
0 0.709 0.7961 0.0312 0.0468
0 0.7866 0.7059 0.0283 0.0401
0 0.8618 0.5963 0.0342 0.0428
0 0.7637 0.5963 0.0312 0.0508
0 0.6841 0.7166 0.0322 0.0481
0 0.6245 0.7039 0.0322 0.0468
0 0.5615 0.74 0.0352 0.0521
0 0.6694 0.6029 0.0303 0.0481
0 0.5781 0.5816 0.0293 0.0455
0 0.9263 0.4131 0.0283 0.0428
0 0.8413 0.4158 0.0283 0.0428
0 0.7544 0.4064 0.0283 0.0401
0 0.6812 0.4345 0.0283 0.0401
0 0.5938 0.4004 0.0273 0.0441
0 0.3833 0.3309 0.0244 0.0388
