0 0.1196 0.5065 0.0225 0.0391
0 0.1621 0.5176 0.0215 0.0299
0 0.1899 0.4785 0.0205 0.0326
0 0.2471 0.4909 0.0234 0.0312
0 0.2969 0.5059 0.0215 0.0352
0 0.3379 0.4883 0.0234 0.0391
0 0.3823 0.4993 0.0205 0.0299
0 0.4404 0.5117 0.0234 0.0312
0 0.4653 0.4915 0.0225 0.0326
0 0.4951 0.5046 0.0234 0.0352
0 0.5269 0.485 0.0244 0.0352
0 0.5806 0.5098 0.0205 0.0299
0 0.625 0.5195 0.0215 0.0312
0 0.2246 0.5423 0.0176 0.0273
0 0.2612 0.5885 0.0244 0.0339
0 0.2896 0.6257 0.0186 0.0273
0 0.373 0.6283 0.0176 0.0273
0 0.3975 0.5833 0.0234 0.0312
0 0.4209 0.6439 0.0156 0.0221
0 0.458 0.6973 0.0215 0.0378
0 0.5371 0.5996 0.0215 0.0326
0 0.5112 0.7109 0.0244 0.0391
0 0.564 0.7161 0.0244 0.0365
0 0.2769 0.7253 0.0264 0.0391
0 0.3687 0.737 0.0244 0.0339
0 0.3936 0.6973 0.0254 0.0404
0 0.1738 0.7005 0.0293 0.0443
0 0.1006 0.7598 0.0293 0.0378
0 0.6328 0.4863 0.0195 0.0273
0 0.6597 0.5072 0.0166 0.0273
0 0.6831 0.5293 0.0186 0.0299
0 0.7339 0.513 0.0186 0.0286
0 0.7788 0.5195 0.0205 0.0312
0 0.8184 0.4935 0.0234 0.0339
0 0.8799 0.4967 0.0215 0.0299
0 0.916 0.5208 0.0195 0.0312
0 0.8716 0.6165 0.0244 0.0352
0 0.8467 0.5905 0.0234 0.0352
0 0.7788 0.5911 0.0244 0.0339
0 0.6406 0.597 0.0234 0.0299
0 0.769 0.7507 0.0264 0.0378
0 0.6982 0.75 0.0273 0.0365
0 0.6206 0.7279 0.0225 0.0339
