0 0.2065 0.2848 0.04 0.0724
0 0.9829 0.8232 0.0244 0.044
0 0.9521 0.8018 0.0215 0.0384
0 0.9092 0.8551 0.0195 0.0398
0 0.8892 0.8409 0.0127 0.0199
0 0.9946 0.7514 0.0068 0.0369
0 0.8579 0.7876 0.0186 0.0355
0 0.8296 0.7727 0.0166 0.0312
0 0.9087 0.7287 0.0205 0.0398
0 0.8887 0.6761 0.0195 0.0312
0 0.8223 0.6832 0.0176 0.0341
0 0.9609 0.6314 0.0137 0.0241
0 0.9951 0.5845 0.0078 0.0241
0 0.875 0.6044 0.0156 0.0298
0 0.9365 0.5788 0.0137 0.0213
0 0.9009 0.5256 0.0186 0.0312
0 0.8491 0.5156 0.0107 0.017
0 0.8242 0.5895 0.0137 0.0227
0 0.7993 0.5859 0.0107 0.0156
0 0.8208 0.5597 0.0127 0.0199
0 0.8345 0.5376 0.0088 0.0185
0 0.7979 0.4801 0.0117 0.0142
0 0.8184 0.4723 0.0098 0.0156
0 0.8462 0.4915 0.0088 0.0114
0 0.8716 0.4773 0.0088 0.0142
0 0.9282 0.4972 0.0107 0.0199
0 0.918 0.5213 0.0078 0.017
0 0.9224 0.4773 0.0068 0.0114
0 0.9019 0.4815 0.0088 0.0142
0 0.9146 0.4574 0.0107 0.017
0 0.8867 0.4666 0.0078 0.0156
0 0.8755 0.4588 0.0068 0.0114
0 0.8721 0.4425 0.0059 0.0128
0 0.9712 0.4545 0.0088 0.0142
0 0.9863 0.4609 0.0078 0.0128
0 0.959 0.4652 0.0059 0.0099
0 0.896 0.4766 0.0088 0.0156
0 0.9858 0.3821 0.0049 0.0085
0 0.9248 0.4304 0.0078 0.0114
0 0.9375 0.4276 0.0078 0.0085
0 0.9033 0.4212 0.0059 0.0099
0 0.897 0.4254 0.0049 0.0128
0 0.8574 0.4233 0.0078 0.0142
0 0.8491 0.4375 0.0088 0.0142
0 0.8457 0.4673 0.0098 0.017
0 0.8599 0.4943 0.0068 0.0114
0 0.8135 0.429 0.0059 0.0114
0 0.8276 0.4453 0.0088 0.0128
0 0.8193 0.4361 0.0059 0.0114
0 0.811 0.647 0.0127 0.0213
0 0.7778 0.6293 0.0127 0.0199
0 0.7637 0.5788 0.0098 0.0156
0 0.7461 0.5604 0.0117 0.0185
0 0.7412 0.5298 0.0098 0.017
0 0.7617 0.5561 0.0098 0.0185
0 0.8198 0.5348 0.0107 0.0185
0 0.8086 0.6335 0.0137 0.0227
0 0.772 0.4716 0.0107 0.0199
0 0.792 0.4609 0.0078 0.0128
0 0.7891 0.473 0.0078 0.0114
0 0.8091 0.4339 0.0068 0.0128
0 0.7568 0.4553 0.0078 0.0185
0 0.7524 0.5007 0.0088 0.0156
0 0.7402 0.5 0.0078 0.017
0 0.7441 0.4709 0.0098 0.0185
0 0.7891 0.4297 0.0078 0.0128
0 0.7988 0.4276 0.0059 0.0142
0 0.7822 0.4382 0.0059 0.0156
0 0.7539 0.4254 0.0059 0.0128
0 0.7515 0.4751 0.0068 0.0128
0 0.7485 0.419 0.0049 0.0085
0 0.7266 0.468 0.0098 0.0185
0 0.7305 0.5043 0.0078 0.017
0 0.707 0.4986 0.0078 0.017
0 0.7144 0.4751 0.0088 0.0185
0 0.7183 0.4176 0.0068 0.0114
0 0.7227 0.5732 0.0137 0.0185
0 0.707 0.5817 0.0117 0.0185
0 0.6611 0.669 0.0137 0.0227
0 0.6553 0.6506 0.0098 0.0199
0 0.6489 0.63 0.0146 0.0241
0 0.6724 0.5923 0.0166 0.0284
0 0.6836 0.5724 0.0137 0.0199
0 0.646 0.5405 0.0127 0.0213
0 0.6226 0.5234 0.0107 0.0185
0 0.6831 0.5554 0.0088 0.0142
0 0.6821 0.5085 0.0088 0.0114
0 0.8384 0.7386 0.0186 0.0284
0 0.7842 0.6811 0.0156 0.0384
0 0.7568 0.6946 0.0176 0.0284
0 0.8428 0.6527 0.0137 0.027
0 0.6572 0.7486 0.0176 0.0312
0 0.6738 0.6413 0.0117 0.0241
0 0.6094 0.6392 0.0117 0.0256
0 0.645 0.6761 0.0088 0.0199
0 0.8022 0.5369 0.0068 0.0142
0 0.9121 0.5881 0.0137 0.0199
0 0.7607 0.6442 0.0137 0.027
0 0.6553 0.5952 0.0117 0.0199
0 0.5928 0.5291 0.0137 0.0213
0 0.6089 0.5746 0.0146 0.0241
0 0.606 0.6129 0.0127 0.0213
0 0.625 0.7095 0.0156 0.0213
0 0.6094 0.696 0.0078 0.0227
0 0.5415 0.6832 0.0146 0.0426
0 0.5552 0.6108 0.0146 0.0227
0 0.5801 0.5689 0.0117 0.0213
0 0.5601 0.5518 0.0088 0.0156
0 0.5459 0.5717 0.0117 0.0241
0 0.4966 0.5788 0.0146 0.0241
0 0.5269 0.6172 0.0127 0.0213
0 0.6821 0.4822 0.0088 0.0099
0 0.6699 0.4822 0.0098 0.0156
0 0.6558 0.4794 0.0107 0.0156
0 0.6802 0.4567 0.0088 0.0128
0 0.6807 0.4396 0.0059 0.0099
0 0.7041 0.4297 0.0059 0.0099
0 0.6655 0.4304 0.0068 0.0114
0 0.6577 0.4503 0.0088 0.0142
0 0.6382 0.4624 0.0107 0.0128
0 0.626 0.4744 0.0078 0.0142
0 0.6123 0.4666 0.0098 0.0156
0 0.5972 0.4716 0.0127 0.017
0 0.5732 0.4815 0.0117 0.0199
0 0.5649 0.4709 0.0088 0.0128
0 0.5879 0.4616 0.0078 0.0142
0 0.5806 0.4375 0.0068 0.0142
0 0.5474 0.4751 0.0088 0.0156
0 0.5361 0.4766 0.0098 0.0156
0 0.5542 0.4496 0.0088 0.0099
0 0.5654 0.4467 0.0078 0.0099
0 0.5781 0.4283 0.0059 0.0099
0 0.6074 0.4446 0.0078 0.0142
0 0.6538 0.4318 0.0049 0.0142
0 0.5405 0.4347 0.0068 0.0142
0 0.5322 0.4389 0.0078 0.0142
0 0.5273 0.4759 0.0078 0.0142
0 0.5181 0.4751 0.0107 0.0185
0 0.5161 0.4332 0.0049 0.0114
0 0.4888 0.4027 0.0088 0.0185
0 0.5063 0.4524 0.0088 0.0156
0 0.4985 0.4695 0.0088 0.0185
0 0.4897 0.4759 0.0107 0.0199
0 0.4707 0.4652 0.0098 0.0128
0 0.4385 0.4858 0.0098 0.017
0 0.4419 0.4737 0.0088 0.0128
0 0.5273 0.4538 0.0098 0.0128
0 0.4497 0.4411 0.0068 0.0099
0 0.4077 0.429 0.0049 0.0114
0 0.4243 0.4688 0.0068 0.0114
0 0.4199 0.4879 0.0098 0.0156
0 0.4067 0.4723 0.0088 0.0156
0 0.3867 0.4773 0.0078 0.017
0 0.397 0.4844 0.0068 0.0114
0 0.4961 0.6037 0.0078 0.0142
0 0.4878 0.6179 0.0146 0.0227
0 0.4658 0.6619 0.0137 0.017
0 0.4541 0.647 0.0117 0.0241
0 0.4624 0.6151 0.0166 0.0256
0 0.4771 0.5803 0.0107 0.027
0 0.4395 0.6186 0.0156 0.027
0 0.4263 0.5994 0.0127 0.0227
0 0.4463 0.5923 0.0098 0.017
0 0.46 0.5945 0.0156 0.0213
0 0.4082 0.5305 0.0098 0.0185
0 0.4814 0.4815 0.0078 0.017
0 0.377 0.4609 0.0078 0.0128
0 0.3931 0.4567 0.0049 0.0099
0 0.3657 0.4517 0.0088 0.017
0 0.3477 0.4375 0.0078 0.0142
0 0.3662 0.4794 0.0098 0.0185
0 0.3564 0.483 0.0098 0.017
0 0.3989 0.4652 0.0088 0.0128
0 0.6196 0.4915 0.0088 0.017
0 0.6333 0.4368 0.0088 0.0128
0 0.3643 0.5859 0.0078 0.0128
0 0.3477 0.5469 0.0078 0.017
0 0.3232 0.4964 0.0098 0.0241
0 0.5542 0.5753 0.0088 0.017
0 0.3081 0.5533 0.0088 0.0156
0 0.2822 0.5618 0.0098 0.0156
0 0.3179 0.4652 0.0068 0.0099
0 0.2871 0.4901 0.0098 0.0199
0 0.2983 0.473 0.0088 0.017
0 0.3052 0.4709 0.0088 0.0185
0 0.3052 0.419 0.0049 0.0114
0 0.269 0.3821 0.0068 0.0114
0 0.1812 0.4773 0.0107 0.017
0 0.1543 0.5142 0.0117 0.0199
0 0.1362 0.4901 0.0088 0.0199
0 0.1426 0.4787 0.0098 0.017
0 0.1377 0.4581 0.0117 0.0185
0 0.123 0.4702 0.0117 0.0199
0 0.1528 0.4325 0.0068 0.0099
0 0.1152 0.456 0.0078 0.0114
0 0.1089 0.4773 0.0088 0.0142
0 0.103 0.4922 0.0107 0.0213
0 0.1523 0.451 0.0098 0.0156
0 0.0913 0.4332 0.0068 0.0142
0 0.082 0.4716 0.0098 0.017
0 0.0806 0.5241 0.0146 0.0256
0 0.0903 0.517 0.0107 0.0199
0 0.0796 0.5014 0.0107 0.017
0 0.0493 0.4879 0.0088 0.0128
0 0.0508 0.456 0.0098 0.0114
0 0.0366 0.4538 0.0049 0.0099
0 0.0015 0.4233 0.0049 0.0142
0 0.0029 0.4709 0.0078 0.0128
0 0.0122 0.4759 0.0088 0.0142
0 0.0137 0.517 0.0137 0.0256
0 0.0376 0.5398 0.0127 0.0199
0 0.0034 0.5327 0.0088 0.0227
0 0.1084 0.4489 0.0098 0.0142
0 0.6738 0.4119 0.0059 0.0114
0 0.7153 0.456 0.0088 0.0142
0 0.7378 0.4496 0.0088 0.0128
0 0.7261 0.4474 0.0088 0.0142
0 0.9917 0.6342 0.0146 0.0298
0 0.7646 0.5405 0.0098 0.0156
0 0.353 0.527 0.0088 0.017
0 0.3281 0.495 0.0059 0.0099
0 0.3008 0.4368 0.0059 0.0128
0 0.293 0.4411 0.0078 0.0156
0 0.2935 0.456 0.0088 0.0142
0 0.3286 0.4418 0.0088 0.0142
0 0.168 0.5575 0.0059 0.0156
0 0.1143 0.5462 0.0078 0.0128
0 0.1353 0.5604 0.0068 0.0128
0 0.7837 0.733 0.0127 0.0256
0 0.6978 0.468 0.0068 0.0156
0 0.6924 0.4403 0.0078 0.0142
0 0.9111 0.6442 0.0137 0.0241
0 0.4307 0.4453 0.0078 0.0185
0 0.4526 0.4766 0.0088 0.0156
0 0.5063 0.5682 0.0088 0.0199
0 0.3716 0.6087 0.0186 0.027
0 0.4771 0.483 0.0088 0.0199
