0 0.1338 0.5286 0.0098 0.013
0 0.0742 0.5645 0.0117 0.0195
0 0.2188 0.776 0.0117 0.0234
0 0.2368 0.6927 0.0166 0.026
0 0.3076 0.8372 0.0195 0.0339
0 0.5176 0.987 0.0273 0.0234
0 0.4629 0.6491 0.0117 0.0221
0 0.4844 0.6393 0.0137 0.013
0 0.5098 0.6803 0.0137 0.0143
0 0.4106 0.5977 0.0166 0.0234
0 0.4897 0.6003 0.0107 0.0182
0 0.5518 0.5462 0.0137 0.0169
0 0.502 0.5091 0.0098 0.0156
0 0.4478 0.4993 0.0107 0.0195
0 0.4141 0.4993 0.0117 0.0195
0 0.4155 0.472 0.0107 0.0143
0 0.4551 0.4544 0.0098 0.013
0 0.4917 0.3984 0.0068 0.0104
0 0.3926 0.4342 0.0078 0.0091
0 0.8774 0.4082 0.0088 0.0117
0 0.8223 0.3893 0.0059 0.0078
0 0.9546 0.3743 0.0068 0.0091
0 0.4619 0.5612 0.0078 0.0156
0 0.5244 0.4902 0.0098 0.0169
0 0.4233 0.5599 0.0127 0.0208
0 0.9419 0.375 0.0068 0.013
0 0.9858 0.4492 0.0088 0.013
0 0.8335 0.377 0.0068 0.0117
