0 0.5083 0.1826 0.1084 0.0871
0 0.3052 0.1335 0.0986 0.0851
0 0.5684 0.217 0.043 0.0364
0 0.5918 0.1111 0.0293 0.0286
0 0.6953 0.1439 0.041 0.037
0 0.7505 0.1953 0.0479 0.037
0 0.7598 0.1228 0.0215 0.026
0 0.4385 0.1358 0.0254 0.0195
0 0.3599 0.1494 0.0264 0.026
0 0.376 0.1176 0.0273 0.0234
0 0.2119 0.243 0.0352 0.0351
0 0.1929 0.165 0.0381 0.0273
0 0.2378 0.2044 0.0361 0.0227
0 0.1304 0.2372 0.04 0.0364
0 0.251 0.1374 0.0234 0.0214
0 0.1162 0.1361 0.0254 0.0227
0 0.1748 0.1001 0.0078 0.0078
0 0.1929 0.1066 0.0088 0.0052
0 0.1182 0.091 0.0078 0.0065
0 0.0483 0.1582 0.0166 0.0136
0 0.7993 0.2167 0.0381 0.0331
0 0.9189 0.2141 0.0508 0.0448
0 0.9839 0.1897 0.0283 0.039
0 0.9922 0.1082 0.0117 0.0305
0 0.939 0.1053 0.0186 0.0156
0 0.8286 0.127 0.0361 0.0318
0 0.0254 0.101 0.0098 0.0084
