0 0.0513 0.388 0.042 0.0673
0 0.1108 0.4034 0.0264 0.0425
0 0.1714 0.4195 0.0166 0.0425
0 0.1875 0.3668 0.0117 0.019
0 0.2529 0.4458 0.0352 0.0835
0 0.3486 0.44 0.0254 0.0512
0 0.3525 0.3924 0.0156 0.0205
0 0.3853 0.3946 0.0088 0.0249
0 0.2178 0.358 0.0078 0.0161
0 0.4985 0.399 0.0127 0.0278
0 0.5 0.3712 0.0098 0.019
0 0.5435 0.3419 0.0068 0.0132
0 0.5791 0.3521 0.0078 0.0132
0 0.6074 0.3982 0.0137 0.0351
0 0.6318 0.3851 0.0156 0.0293
0 0.6572 0.3558 0.0098 0.0176
0 0.6504 0.3792 0.0098 0.0234
0 0.7788 0.4714 0.042 0.0761
0 0.7017 0.396 0.0264 0.0395
0 0.6899 0.3777 0.0146 0.0293
0 0.7974 0.3675 0.0068 0.0117
0 0.8442 0.3777 0.0088 0.0146
0 0.8882 0.4392 0.0264 0.0527
0 0.9136 0.4012 0.0186 0.0351
0 0.9038 0.3675 0.0088 0.0146
0 0.9541 0.4327 0.0234 0.0366
0 0.9688 0.3777 0.0078 0.0234
0 0.5269 0.3924 0.0068 0.0205
0 0.4619 0.3777 0.0078 0.0176
0 0.6118 0.3602 0.0088 0.0176
