0 0.4395 0.5488 0.0078 0.0221
0 0.3926 0.6211 0.0117 0.0182
0 0.5112 0.638 0.0088 0.013
0 0.5415 0.5918 0.0107 0.0169
0 0.3281 0.4154 0.0117 0.013
0 0.1753 0.4434 0.0088 0.0143
0 0.2632 0.3555 0.0068 0.0104
0 0.3755 0.4329 0.0068 0.0143
0 0.2256 0.3874 0.0078 0.0117
0 0.3936 0.334 0.0059 0.0117
0 0.5166 0.4935 0.0078 0.0208
0 0.2695 0.3197 0.0059 0.0065
0 0.7178 0.4186 0.0078 0.0117
0 0.7715 0.4225 0.0078 0.0117
0 0.79 0.4082 0.0059 0.0117
0 0.7437 0.6921 0.0107 0.0195
0 0.7349 0.64 0.0107 0.0169
0 0.7749 0.5846 0.0088 0.0156
0 0.8027 0.5645 0.0098 0.0169
0 0.9541 0.5814 0.0078 0.0195
0 0.9849 0.5026 0.0068 0.0156
0 0.8774 0.4785 0.0088 0.0143
0 0.8989 0.4264 0.0088 0.0169
0 0.792 0.3835 0.0078 0.0117
0 0.7729 0.4049 0.0088 0.0104
0 0.7573 0.4368 0.0068 0.0117
0 0.9219 0.4928 0.0078 0.0143
0 0.3135 0.4303 0.0078 0.0117
0 0.0605 0.4245 0.0078 0.013
0 0.0684 0.4479 0.0078 0.0156
0 0.8008 0.6693 0.0117 0.0156
0 0.7822 0.7168 0.0098 0.0195
