0 0.6787 0.8861 0.0449 0.082
0 0.7261 0.8053 0.0342 0.0508
0 0.769 0.7617 0.0264 0.0391
0 0.8398 0.8542 0.0332 0.0521
0 0.9165 0.752 0.0225 0.0326
0 0.7954 0.7201 0.0088 0.0156
0 0.8955 0.7559 0.0176 0.0326
0 0.8452 0.7786 0.0166 0.0286
0 0.96 0.7363 0.0176 0.0247
0 0.9746 0.7057 0.0176 0.0339
0 0.833 0.7565 0.0156 0.0234
0 0.8218 0.7057 0.0146 0.0208
0 0.7793 0.7051 0.0137 0.0169
0 0.5967 0.7266 0.0137 0.0182
0 0.499 0.7454 0.0156 0.0221
0 0.5444 0.7259 0.0127 0.0195
0 0.4888 0.8288 0.0225 0.0404
0 0.4541 0.7708 0.0195 0.0312
0 0.4082 0.8483 0.0312 0.0482
0 0.2593 0.7799 0.0186 0.0312
0 0.2617 0.849 0.0332 0.0469
0 0.168 0.8919 0.0254 0.0495
0 0.4292 0.765 0.0166 0.0247
0 0.1118 0.778 0.0186 0.0273
0 0.1621 0.849 0.0215 0.0312
0 0.3838 0.7656 0.0176 0.0234
0 0.3042 0.7285 0.0166 0.0247
0 0.2593 0.709 0.0107 0.0143
0 0.2515 0.7285 0.0107 0.0143
0 0.3525 0.7409 0.0137 0.0234
0 0.3306 0.7031 0.0107 0.0182
0 0.562 0.7611 0.0166 0.0247
0 0.1533 0.7585 0.0195 0.0326
0 0.9121 0.6895 0.0156 0.0247
0 0.856 0.7012 0.0107 0.0221
0 0.5967 0.6829 0.0098 0.0169
0 0.3086 0.7747 0.0273 0.0417
0 0.3735 0.7376 0.0107 0.0195
0 0.4312 0.6914 0.0088 0.0182
0 0.0864 0.7441 0.0205 0.0326
