0 0.0093 0.6079 0.0107 0.0176
0 0.0342 0.6182 0.0098 0.0206
0 0.0464 0.6065 0.0107 0.0176
0 0.0635 0.6233 0.0098 0.0162
0 0.0713 0.6094 0.0098 0.0206
0 0.0854 0.6233 0.0088 0.0162
0 0.1055 0.6197 0.0117 0.0206
0 0.1187 0.6057 0.0068 0.0162
0 0.0928 0.6087 0.0059 0.0132
0 0.1299 0.6123 0.0078 0.0176
0 0.1396 0.6131 0.0098 0.0191
0 0.1626 0.6138 0.0107 0.0206
0 0.6914 0.6035 0.0078 0.0147
0 0.688 0.6189 0.0088 0.0162
0 0.7026 0.6204 0.0088 0.0162
0 0.4614 0.5954 0.0107 0.0191
0 0.418 0.6028 0.0098 0.0162
0 0.8545 0.5903 0.0098 0.0176
0 0.8652 0.5954 0.0098 0.0162
0 0.874 0.6021 0.0098 0.0147
0 0.8877 0.6006 0.0098 0.0176
0 0.8848 0.5866 0.0078 0.0132
0 0.9019 0.5822 0.0088 0.0162
0 0.9097 0.5977 0.0088 0.0147
0 0.9136 0.5822 0.0068 0.0132
0 0.9683 0.5896 0.0107 0.0191
0 0.9844 0.5844 0.0078 0.0117
0 0.9312 0.5977 0.0088 0.0176
0 0.4014 0.6065 0.0098 0.0176
0 0.1943 0.6065 0.0098 0.0176
0 0.186 0.6233 0.0088 0.0132
0 0.21 0.5984 0.0098 0.0191
0 0.2417 0.5954 0.0107 0.0191
0 0.2603 0.6072 0.0068 0.0132
0 0.2246 0.6101 0.0078 0.0103
0 0.2729 0.6028 0.0088 0.0132
0 0.7744 0.2974 0.0391 0.0631
0 0.3179 0.6138 0.0107 0.0176
0 0.3584 0.6028 0.0098 0.0191
0 0.3359 0.6006 0.0078 0.0176
0 0.3779 0.5999 0.0078 0.0191
0 0.4082 0.6116 0.0078 0.0191
0 0.4487 0.6454 0.0068 0.0132
0 0.4478 0.6175 0.0088 0.0162
0 0.4756 0.5896 0.0098 0.0162
0 0.5083 0.5969 0.0107 0.0191
0 0.5312 0.5888 0.0098 0.0176
0 0.5649 0.5918 0.0088 0.0147
0 0.5869 0.5918 0.0098 0.0147
0 0.6045 0.5962 0.0078 0.0147
0 0.6211 0.5954 0.0078 0.0162
0 0.6396 0.5962 0.0078 0.0176
0 0.6509 0.6013 0.0107 0.0191
0 0.6567 0.5947 0.0088 0.0176
0 0.6782 0.5874 0.0107 0.0176
0 0.6714 0.6079 0.0088 0.0147
0 0.6729 0.6226 0.0078 0.0176
