0 0.0361 0.8905 0.0195 0.0313
0 0.062 0.5299 0.0068 0.0128
0 0.0508 0.5818 0.0098 0.0228
0 0.0396 0.6117 0.0107 0.0199
0 0.0791 0.606 0.0098 0.0228
0 0.106 0.5768 0.0088 0.0185
0 0.1196 0.5185 0.0068 0.0156
0 0.1338 0.5448 0.0078 0.0142
0 0.1226 0.6074 0.0107 0.0199
0 0.1177 0.6387 0.0107 0.0228
0 0.0669 0.6664 0.0127 0.027
0 0.0483 0.7191 0.0127 0.0213
0 0.0757 0.7703 0.0127 0.027
0 0.0786 0.8023 0.0146 0.0284
0 0.0879 0.6899 0.0137 0.0284
0 0.1216 0.7127 0.0107 0.0284
0 0.1157 0.7482 0.0186 0.0341
0 0.1577 0.7091 0.0146 0.027
0 0.1904 0.6913 0.0117 0.0284
0 0.1421 0.7994 0.0205 0.0313
0 0.106 0.845 0.0186 0.0313
0 0.229 0.8393 0.0225 0.037
0 0.2808 0.7646 0.0186 0.0299
0 0.3315 0.8528 0.0225 0.0469
0 0.3799 0.9836 0.0215 0.0242
0 0.4653 0.8834 0.0264 0.0455
0 0.4502 0.7667 0.0234 0.037
0 0.4077 0.7632 0.0146 0.0299
0 0.3843 0.724 0.0146 0.0313
0 0.3452 0.7653 0.0166 0.0256
0 0.3428 0.692 0.0137 0.027
0 0.3657 0.6536 0.0146 0.027
0 0.375 0.6188 0.0137 0.0228
0 0.3975 0.5939 0.0098 0.0185
0 0.4121 0.6366 0.0137 0.0213
0 0.4248 0.6344 0.0098 0.0199
0 0.4805 0.6728 0.0137 0.0256
0 0.5293 0.6373 0.0117 0.0256
0 0.5332 0.5846 0.0117 0.0199
0 0.5054 0.5889 0.0107 0.0142
0 0.4961 0.5917 0.0117 0.0142
0 0.4028 0.5583 0.0107 0.0156
0 0.4429 0.532 0.0068 0.0142
0 0.5063 0.5661 0.0088 0.0171
0 0.5312 0.5398 0.0098 0.0156
0 0.4692 0.5498 0.0088 0.0185
0 0.5249 0.7205 0.0186 0.0299
0 0.23 0.6501 0.0107 0.0228
0 0.2368 0.6195 0.0107 0.0185
0 0.2642 0.5782 0.0127 0.0156
0 0.1841 0.6081 0.0127 0.027
0 0.1538 0.596 0.0107 0.0228
0 0.1826 0.6494 0.0117 0.0185
0 0.1611 0.5555 0.0098 0.0185
0 0.4331 0.8393 0.0186 0.0341
0 0.5469 0.7838 0.0156 0.0341
0 0.5645 0.7319 0.0156 0.0327
0 0.5884 0.675 0.0146 0.027
0 0.6284 0.6458 0.0127 0.0284
0 0.627 0.8108 0.0156 0.0313
0 0.6401 0.9481 0.0244 0.0356
0 0.3413 0.6131 0.0127 0.0142
0 0.2944 0.6038 0.0107 0.0185
0 0.3262 0.5462 0.0117 0.0199
0 0.2798 0.5242 0.0088 0.0185
0 0.2407 0.5441 0.0088 0.0185
0 0.2173 0.5804 0.0107 0.0171
0 0.5547 0.6003 0.0117 0.0256
0 0.603 0.5718 0.0088 0.0228
0 0.6196 0.5861 0.0088 0.0228
0 0.6499 0.756 0.0186 0.0356
0 0.6504 0.8549 0.0215 0.0398
0 0.6929 0.8094 0.0186 0.0313
0 0.7427 0.8279 0.0244 0.0427
0 0.7476 0.7703 0.0166 0.0327
0 0.6978 0.7233 0.0166 0.0299
0 0.7153 0.6728 0.0166 0.0341
0 0.6567 0.66 0.0166 0.0313
0 0.6655 0.6202 0.0107 0.0199
0 0.6699 0.5541 0.0098 0.01
0 0.7046 0.5661 0.0088 0.0199
0 0.7925 0.6529 0.0107 0.0199
0 0.7466 0.5989 0.0146 0.0228
0 0.7222 0.564 0.0068 0.0156
0 0.7266 0.5142 0.0078 0.0128
0 0.8008 0.5747 0.0098 0.0199
0 0.8301 0.6486 0.0117 0.0171
0 0.8052 0.7183 0.0166 0.0313
0 0.9058 0.6735 0.0146 0.0242
0 0.8677 0.7226 0.0107 0.0256
0 0.9551 0.633 0.0078 0.0199
0 0.8511 0.6266 0.0068 0.0242
0 0.9136 0.5875 0.0088 0.0199
0 0.8647 0.601 0.0107 0.0185
0 0.1519 0.5149 0.0068 0.0114
0 0.0835 0.5562 0.0088 0.0142
0 0.3018 0.569 0.0078 0.0142
0 0.2363 0.5669 0.0098 0.0185
0 0.5581 0.5427 0.0107 0.0156
0 0.5952 0.5199 0.0068 0.01
0 0.645 0.5398 0.0068 0.01
0 0.6426 0.5619 0.0078 0.0142
0 0.6436 0.5825 0.0078 0.0128
0 0.6323 0.6024 0.0107 0.0156
0 0.3184 0.6102 0.0098 0.0199
0 0.3301 0.5917 0.0098 0.0171
0 0.3667 0.5747 0.0107 0.0199
0 0.0264 0.5861 0.0078 0.0199
0 0.5088 0.8713 0.0195 0.0185
0 0.0122 0.8236 0.0127 0.0313
0 0.0024 0.6181 0.0068 0.0185
0 0.1431 0.6785 0.0088 0.0228
0 0.9751 0.7248 0.0166 0.0299
