0 0.0161 0.6999 0.0088 0.0205
0 0.0713 0.6223 0.0098 0.0176
0 0.0903 0.6859 0.0107 0.019
0 0.0845 0.6999 0.0107 0.0205
0 0.3574 0.7914 0.0098 0.0161
0 0.3223 0.6779 0.0117 0.0264
0 0.4111 0.664 0.0117 0.019
0 0.4629 0.6076 0.0176 0.0293
0 0.4966 0.6032 0.0088 0.0117
0 0.4946 0.6303 0.0107 0.019
0 0.5093 0.6596 0.0127 0.019
0 0.5278 0.6479 0.0107 0.019
0 0.5205 0.6384 0.0098 0.0146
0 0.7241 0.6296 0.0107 0.0146
0 0.7417 0.6442 0.0107 0.0176
0 0.75 0.6706 0.0117 0.0205
0 0.7524 0.6354 0.0088 0.0176
0 0.7622 0.6428 0.0107 0.0176
0 0.77 0.6113 0.0127 0.019
0 0.7871 0.634 0.0117 0.0176
0 0.7754 0.6676 0.0078 0.0146
0 0.7852 0.6654 0.0117 0.022
0 0.7974 0.6633 0.0127 0.0205
0 0.8076 0.6135 0.0117 0.0205
0 0.8096 0.5739 0.0078 0.0146
0 0.8228 0.634 0.0107 0.0176
0 0.8379 0.6611 0.0137 0.0278
0 0.8447 0.6391 0.0098 0.0132
0 0.8716 0.6193 0.0107 0.0205
0 0.8877 0.6523 0.0137 0.022
0 0.854 0.6669 0.0127 0.019
0 0.9028 0.6288 0.0107 0.019
0 0.8901 0.6201 0.0107 0.0161
0 0.8984 0.6069 0.0098 0.0161
0 0.9194 0.6237 0.0088 0.0146
0 0.9409 0.6589 0.0088 0.0176
0 0.9541 0.6347 0.0098 0.0161
0 0.959 0.672 0.0098 0.0176
0 0.9316 0.6076 0.0098 0.0146
0 0.9463 0.6047 0.0078 0.0117
0 0.98 0.642 0.0107 0.0161
