0 0.833 0.1422 0.043 0.0711
0 0.9756 0.0741 0.0156 0.0208
0 0.9751 0.1961 0.0186 0.0319
0 0.8926 0.1783 0.0215 0.0355
0 0.8672 0.2549 0.0195 0.0368
0 0.9346 0.1428 0.0098 0.0208
0 0.9175 0.0741 0.0146 0.0135
0 0.7632 0.098 0.0107 0.0196
0 0.7446 0.1526 0.0225 0.0404
0 0.7119 0.1979 0.0273 0.0453
0 0.7173 0.0496 0.0127 0.0257
0 0.6782 0.1256 0.0225 0.0355
0 0.6606 0.1857 0.0264 0.038
0 0.6382 0.2237 0.0264 0.0404
0 0.6328 0.095 0.0156 0.0233
0 0.5576 0.0312 0.0195 0.0306
0 0.5781 0.1348 0.0215 0.0368
0 0.5376 0.185 0.0303 0.0417
0 0.5293 0.1569 0.0137 0.0196
0 0.5195 0.133 0.0273 0.0404
0 0.4893 0.2096 0.0137 0.0343
0 0.4463 0.2047 0.0176 0.0294
0 0.4321 0.1722 0.0205 0.0306
0 0.3887 0.2083 0.0215 0.0343
0 0.5859 0.4259 0.0273 0.0331
0 0.4194 0.2188 0.0146 0.0257
0 0.4297 0.2292 0.0156 0.0196
0 0.3564 0.0821 0.0215 0.027
0 0.3213 0.163 0.0547 0.0784
0 0.2905 0.1949 0.0186 0.0417
0 0.2383 0.1985 0.0176 0.0392
0 0.207 0.1783 0.0469 0.0699
0 0.2729 0.1697 0.0146 0.0208
0 0.1357 0.152 0.0176 0.027
0 0.1362 0.1979 0.0244 0.0453
0 0.0635 0.1691 0.0156 0.0245
0 0.0161 0.1452 0.0166 0.0257
