0 0.1602 0.1477 0.0469 0.0922
0 0.2925 0.1508 0.0537 0.0922
0 0.374 0.0891 0.043 0.0906
0 0.4673 0.0914 0.042 0.0891
0 0.5684 0.1328 0.0449 0.0938
0 0.6743 0.1352 0.0459 0.0922
0 0.7837 0.1039 0.0459 0.0953
0 0.8823 0.0984 0.0459 0.1
0 0.6323 0.1195 0.0146 0.0297
0 0.3325 0.1289 0.0186 0.0422
0 0.0879 0.2172 0.0117 0.0312
0 0.1045 0.118 0.0176 0.0359
0 0.1157 0.0992 0.0146 0.0297
0 0.0796 0.1453 0.0107 0.0219
0 0.0459 0.1164 0.0176 0.0391
0 0.041 0.1313 0.0117 0.0375
0 0.0181 0.1461 0.0244 0.0422
0 0.5352 0.1148 0.0176 0.0328
