0 0.0645 0.3529 0.0195 0.041
0 0.0898 0.3265 0.0195 0.0264
0 0.103 0.4612 0.0303 0.0469
0 0.354 0.3821 0.0166 0.041
0 0.3472 0.317 0.0146 0.0278
0 0.2485 0.2745 0.0166 0.0249
0 0.2285 0.8953 0.0469 0.1274
0 0.4961 0.5688 0.0215 0.0512
0 0.5845 0.4597 0.0205 0.0381
0 0.4985 0.3609 0.0205 0.0395
0 0.541 0.3529 0.0195 0.0322
0 0.6055 0.3199 0.0176 0.0337
0 0.6714 0.4202 0.0244 0.0322
0 0.415 0.8719 0.0586 0.1332
0 0.6353 0.9524 0.0381 0.0922
0 0.812 0.4012 0.0225 0.041
0 0.23 0.4824 0.0264 0.0571
0 0.1519 0.5996 0.0479 0.0864
0 0.0186 0.3272 0.0234 0.0454
