0 0.0947 0.9034 0.084 0.1816
0 0.3428 0.9312 0.0879 0.1347
0 0.3247 0.6859 0.042 0.1098
0 0.2505 0.6325 0.04 0.0644
0 0.4062 0.549 0.0332 0.0527
0 0.5454 0.5695 0.04 0.082
0 0.5244 0.5417 0.0312 0.0703
0 0.5918 0.4693 0.0254 0.0483
0 0.6309 0.511 0.0195 0.041
0 0.666 0.5871 0.0352 0.0556
0 0.6904 0.675 0.043 0.0644
0 0.6899 0.7833 0.0439 0.0908
0 0.6313 0.8324 0.0518 0.1245
0 0.7925 0.9048 0.0635 0.1201
0 0.7847 0.5637 0.0342 0.0527
0 0.7363 0.5381 0.0215 0.0571
0 0.3164 0.5498 0.0254 0.0571
0 0.1499 0.5322 0.0322 0.0512
0 0.209 0.3968 0.0156 0.0293
0 0.2319 0.3463 0.0146 0.0278
0 0.3242 0.3821 0.0195 0.0293
0 0.3608 0.4195 0.0225 0.0395
0 0.458 0.4114 0.0137 0.0234
0 0.5098 0.3785 0.0176 0.0337
0 0.2769 0.4788 0.0244 0.0322
0 0.4277 0.3492 0.0156 0.0249
0 0.499 0.3514 0.0117 0.0205
0 0.4756 0.6742 0.0469 0.0922
0 0.415 0.6362 0.0391 0.0717
0 0.875 0.6596 0.0547 0.1069
0 0.9331 0.5666 0.0439 0.0761
0 0.8179 0.437 0.0244 0.0425
0 0.8516 0.4122 0.0254 0.0395
0 0.876 0.396 0.0215 0.0337
0 0.9292 0.3829 0.0225 0.0337
0 0.9248 0.4312 0.0254 0.0454
0 0.8086 0.388 0.0195 0.0351
0 0.7861 0.377 0.0176 0.0307
0 0.834 0.328 0.0098 0.0176
0 0.8506 0.3411 0.0137 0.0234
0 0.9565 0.3375 0.0146 0.019
0 0.9863 0.3375 0.0156 0.0249
0 0.7778 0.3192 0.0127 0.0205
0 0.6675 0.4209 0.0205 0.0337
0 0.7271 0.4195 0.0146 0.0249
0 0.7246 0.3514 0.0117 0.0234
0 0.7627 0.4165 0.0195 0.0307
0 0.7437 0.4568 0.0205 0.0293
0 0.7217 0.3199 0.0117 0.0161
0 0.6587 0.3492 0.0166 0.0278
0 0.6411 0.3375 0.0127 0.019
0 0.5806 0.396 0.0186 0.0278
0 0.5713 0.3873 0.0176 0.0395
0 0.5996 0.3375 0.0137 0.0278
0 0.6187 0.3236 0.0088 0.0146
0 0.9297 0.3433 0.0117 0.019
0 0.3062 0.3675 0.0127 0.0205
0 0.5068 0.4231 0.0156 0.0322
0 0.479 0.4107 0.0127 0.0249
0 0.1553 0.4224 0.0156 0.0278
0 0.1416 0.3477 0.0137 0.019
0 0.1665 0.3631 0.0127 0.0264
