0 0.7979 0.5449 0.0352 0.0696
0 0.9058 0.4928 0.0342 0.0696
0 0.8975 0.387 0.0293 0.0638
0 0.7192 0.3986 0.0264 0.0522
0 0.6948 0.3848 0.0225 0.0478
0 0.603 0.5109 0.0303 0.0565
0 0.604 0.4051 0.0205 0.042
0 0.5884 0.4123 0.0244 0.0507
0 0.5356 0.3978 0.0283 0.0536
0 0.5767 0.3203 0.0264 0.0464
0 0.4717 0.542 0.0371 0.058
0 0.377 0.5159 0.0293 0.0464
0 0.3901 0.3478 0.0283 0.0522
0 0.249 0.3181 0.0273 0.0449
0 0.209 0.3957 0.0176 0.0435
0 0.1846 0.4507 0.0293 0.0696
0 0.106 0.4754 0.0264 0.0435
0 0.043 0.3775 0.0352 0.0536
0 0.1626 0.3775 0.0244 0.0362
