0 0.0405 0.7716 0.0127 0.0382
0 0.0469 0.7243 0.0176 0.0443
0 0.1064 0.5262 0.0156 0.0382
0 0.0811 0.502 0.0098 0.0382
0 0.0513 0.4759 0.0146 0.0382
0 0.1343 0.7596 0.0107 0.0342
0 0.2427 0.7364 0.0127 0.0322
0 0.2778 0.7757 0.0146 0.0382
0 0.3345 0.7505 0.0127 0.0322
0 0.1611 0.5332 0.0117 0.0443
0 0.1953 0.5272 0.0137 0.0362
0 0.124 0.4769 0.0137 0.0322
0 0.103 0.4718 0.0146 0.0342
0 0.1387 0.4718 0.0117 0.0382
0 0.1582 0.494 0.0137 0.0342
0 0.1792 0.505 0.0127 0.0322
0 0.21 0.4698 0.0137 0.0302
0 0.2275 0.497 0.0137 0.0282
0 0.2168 0.5282 0.0156 0.0423
0 0.248 0.5332 0.0137 0.0443
0 0.2695 0.5362 0.0156 0.0382
0 0.2896 0.5221 0.0146 0.0262
0 0.2612 0.498 0.0127 0.0342
0 0.2788 0.4849 0.0146 0.0362
0 0.3037 0.4869 0.0137 0.0322
0 0.3232 0.503 0.0156 0.0362
0 0.3403 0.5412 0.0107 0.0282
0 0.3276 0.5584 0.0127 0.0342
0 0.3022 0.6006 0.0127 0.0342
0 0.3623 0.5241 0.0137 0.0382
0 0.3809 0.5241 0.0137 0.0342
0 0.3975 0.5322 0.0117 0.0382
0 0.3755 0.7676 0.0127 0.0302
0 0.3936 0.6871 0.0117 0.0342
0 0.4038 0.7354 0.0127 0.0302
0 0.3755 0.496 0.0088 0.0221
0 0.3877 0.503 0.0117 0.0282
0 0.4106 0.508 0.0127 0.0302
0 0.4438 0.673 0.0127 0.0382
0 0.4897 0.7113 0.0146 0.0382
0 0.4897 0.668 0.0127 0.0282
0 0.5083 0.6187 0.0146 0.0342
0 0.4595 0.6087 0.0107 0.0302
0 0.4814 0.502 0.0137 0.0342
0 0.4624 0.5312 0.0127 0.0322
0 0.4521 0.4849 0.0137 0.0282
0 0.4307 0.5141 0.0117 0.0262
0 0.4771 0.4215 0.0127 0.0302
0 0.5327 0.5171 0.0146 0.0402
0 0.5503 0.4668 0.0127 0.0322
0 0.564 0.5131 0.0146 0.0322
0 0.585 0.498 0.0137 0.0302
0 0.5669 0.4819 0.0127 0.0342
0 0.6118 0.4537 0.0127 0.0382
0 0.647 0.4588 0.0146 0.0362
0 0.6333 0.4859 0.0166 0.0382
0 0.6167 0.5282 0.0146 0.0342
0 0.627 0.5362 0.0137 0.0342
0 0.5557 0.6449 0.0137 0.0342
0 0.5273 0.7173 0.0156 0.0423
0 0.5654 0.7113 0.0156 0.0382
0 0.5898 0.7374 0.0137 0.0382
0 0.6138 0.7223 0.0107 0.0241
0 0.6587 0.6952 0.0107 0.0302
0 0.6885 0.664 0.0137 0.0322
0 0.6768 0.7485 0.0098 0.0322
0 0.6606 0.505 0.0127 0.0362
0 0.6724 0.5382 0.0166 0.0423
0 0.687 0.4527 0.0127 0.0362
0 0.709 0.4638 0.0137 0.0302
0 0.7114 0.501 0.0146 0.0322
0 0.7183 0.5372 0.0166 0.0402
0 0.7344 0.4557 0.0137 0.0262
0 0.7412 0.496 0.0137 0.0302
0 0.7559 0.4889 0.0137 0.0322
0 0.7251 0.7565 0.0146 0.0322
0 0.7466 0.7535 0.0107 0.0342
0 0.7676 0.5191 0.0137 0.0362
0 0.7661 0.4668 0.0127 0.0322
0 0.7886 0.494 0.0127 0.0423
0 0.7954 0.5131 0.0068 0.0161
0 0.811 0.499 0.0146 0.0362
0 0.8184 0.5372 0.0137 0.0402
0 0.812 0.4567 0.0127 0.0322
0 0.8481 0.4547 0.0146 0.0241
0 0.8506 0.493 0.0156 0.0362
0 0.8701 0.4889 0.0137 0.0362
0 0.8833 0.505 0.0127 0.0322
0 0.9292 0.4286 0.0127 0.0201
0 0.9463 0.4598 0.0156 0.0503
0 0.9302 0.5161 0.0127 0.0342
0 0.8696 0.6368 0.0186 0.0423
0 0.8408 0.6489 0.0176 0.0382
0 0.7739 0.7696 0.0088 0.0302
0 0.1133 0.4346 0.0117 0.0322
0 0.5894 0.4648 0.0146 0.0362
