0 0.71 0.2904 0.0098 0.0231
0 0.7393 0.286 0.0098 0.0249
0 0.8145 0.2647 0.0117 0.0249
0 0.8574 0.2362 0.0137 0.0284
0 0.9155 0.3925 0.0225 0.0497
0 0.7603 0.3854 0.0107 0.032
0 0.2246 0.6234 0.0273 0.0675
0 0.4253 0.5933 0.0303 0.0782
0 0.585 0.4485 0.0215 0.0373
0 0.8013 0.3952 0.0146 0.0373
0 0.1421 0.7522 0.0264 0.0835
0 0.0273 0.4636 0.0078 0.0178
0 0.0703 0.3757 0.0078 0.016
0 0.0483 0.3854 0.0049 0.0107
0 0.3018 0.4512 0.0078 0.0213
0 0.376 0.4183 0.0117 0.0302
0 0.4863 0.2682 0.0098 0.0249
0 0.3369 0.3606 0.0098 0.0178
0 0.3149 0.3641 0.0088 0.0178
0 0.2793 0.3046 0.0098 0.0195
0 0.3301 0.3899 0.0078 0.016
0 0.2231 0.3961 0.0049 0.0142
0 0.082 0.3881 0.0059 0.0124
0 0.3198 0.5284 0.0088 0.016
0 0.2773 0.5595 0.0098 0.0213
0 0.2388 0.8703 0.0205 0.0746
0 0.5405 0.3517 0.0088 0.0213
0 0.5835 0.3295 0.0068 0.0124
0 0.5645 0.2842 0.0078 0.0213
0 0.6597 0.246 0.0127 0.0337
0 0.6538 0.3819 0.0088 0.0178
0 0.1826 0.2824 0.0039 0.0071
0 0.1978 0.4067 0.0088 0.0142
