0 0.4155 0.5007 0.0068 0.0132
0 0.3857 0.5037 0.0078 0.0161
0 0.3818 0.5249 0.0098 0.0146
0 0.3379 0.5146 0.0078 0.0146
0 0.3135 0.4927 0.0078 0.0205
0 0.4453 0.451 0.0078 0.019
0 0.4922 0.6323 0.0176 0.0365
0 0.125 0.557 0.0137 0.0292
0 0.2354 0.5088 0.0078 0.0175
0 0.043 0.5724 0.0137 0.0278
0 0.0317 0.6996 0.0342 0.0746
0 0.5503 0.4788 0.0068 0.0102
0 0.5425 0.5329 0.0186 0.0395
0 0.5767 0.5278 0.0107 0.0205
0 0.5854 0.5921 0.0205 0.0409
0 0.7207 0.5249 0.0117 0.0205
0 0.7827 0.5833 0.0107 0.0263
0 0.8247 0.5102 0.0088 0.0175
0 0.915 0.5534 0.0117 0.0249
0 0.9727 0.5373 0.0137 0.0278
0 0.9854 0.5497 0.0137 0.0263
