0 0.1099 0.1146 0.0322 0.0556
0 0.2261 0.237 0.0596 0.1337
0 0.0918 0.3012 0.0781 0.1753
0 0.1392 0.809 0.1025 0.1979
0 0.6885 0.1285 0.0488 0.0938
0 0.7231 0.3377 0.0596 0.1927
0 0.8276 0.3438 0.0342 0.1319
0 0.6792 0.2951 0.0459 0.1424
0 0.5898 0.1571 0.0332 0.0885
0 0.0869 0.5859 0.0508 0.1858
0 0.1455 0.092 0.0273 0.059
0 0.5337 0.4835 0.0791 0.1476
0 0.8062 0.2144 0.0381 0.099
0 0.9385 0.178 0.0254 0.0747
0 0.3457 0.0642 0.0195 0.0382
0 0.2183 0.0608 0.0166 0.0347
0 0.1821 0.6172 0.0732 0.1163
0 0.8501 0.3863 0.0322 0.1128
0 0.2437 0.0911 0.0186 0.0573
0 0.5508 0.2804 0.0488 0.1476
