0 0.1196 0.1771 0.0127 0.0208
0 0.2061 0.1973 0.0176 0.0299
0 0.2002 0.2298 0.0234 0.0404
0 0.1558 0.1979 0.04 0.0677
0 0.2725 0.2513 0.0156 0.0547
0 0.3418 0.2116 0.0234 0.0456
0 0.4561 0.2344 0.0234 0.0417
0 0.5708 0.1784 0.0205 0.0339
0 0.6704 0.2767 0.0225 0.0456
0 0.7329 0.2598 0.0225 0.0534
0 0.7583 0.3255 0.0205 0.0469
0 0.7695 0.3125 0.0234 0.0521
0 0.8213 0.2943 0.0293 0.0964
0 0.9238 0.3066 0.0293 0.0638
0 0.7617 0.6634 0.1191 0.2018
0 0.8325 0.5137 0.04 0.1133
0 0.9653 0.5215 0.0674 0.1602
