0 0.1885 0.3645 0.0137 0.0345
0 0.3555 0.3245 0.0156 0.0418
0 0.4521 0.3636 0.0195 0.0473
0 0.4922 0.42 0.0254 0.0618
0 0.4585 0.4809 0.0283 0.0745
0 0.373 0.5109 0.0293 0.0691
0 0.3228 0.4455 0.0225 0.0582
0 0.3062 0.3582 0.0146 0.0364
0 0.3799 0.37 0.0137 0.0418
0 0.5864 0.3864 0.0205 0.0491
0 0.8516 0.3027 0.0117 0.0345
0 0.021 0.3364 0.0127 0.0364
0 0.0737 0.3727 0.0146 0.0436
0 0.8726 0.7518 0.0752 0.1945
0 0.2563 0.5909 0.0439 0.0945
0 0.2856 0.5409 0.0342 0.0891
0 0.2686 0.48 0.0254 0.0691
0 0.29 0.4682 0.0234 0.0564
0 0.1689 0.4891 0.0234 0.0582
0 0.6475 0.3264 0.0078 0.0236
0 0.6934 0.3027 0.0078 0.0236
0 0.021 0.3009 0.0127 0.0309
0 0.1665 0.5391 0.0283 0.0745
0 0.1367 0.4527 0.0195 0.0618
0 0.1953 0.4655 0.0234 0.0545
0 0.2446 0.6873 0.0537 0.1418
0 0.3271 0.6582 0.041 0.1127
0 0.082 0.6345 0.0449 0.1236
0 0.0371 0.6636 0.0664 0.2036
0 0.0303 0.46 0.0215 0.0655
0 0.4937 0.5518 0.04 0.0855
0 0.5532 0.3655 0.0146 0.04
0 0.5093 0.42 0.0166 0.0509
0 0.4985 0.3645 0.0166 0.0382
0 0.5635 0.4164 0.0215 0.0582
0 0.6094 0.3536 0.0215 0.0491
0 0.665 0.3991 0.0195 0.0491
0 0.6084 0.4727 0.0273 0.0655
0 0.6318 0.4518 0.0273 0.0636
0 0.6943 0.5509 0.0508 0.1455
0 0.7329 0.5791 0.0342 0.1
0 0.8286 0.4582 0.0557 0.12
0 0.7554 0.3264 0.0127 0.0309
0 0.7866 0.3055 0.0146 0.04
0 0.7109 0.3182 0.0137 0.0327
0 0.5796 0.6136 0.0439 0.1109
0 0.8643 0.3191 0.0176 0.0527
0 0.9043 0.3055 0.0137 0.0327
0 0.9438 0.3255 0.0166 0.0436
0 0.4434 0.7745 0.0703 0.1527
0 0.8071 0.2882 0.0088 0.0236
0 0.7729 0.2936 0.0127 0.0273
0 0.7793 0.2682 0.0098 0.0273
0 0.9634 0.87 0.0713 0.2309
0 0.1538 0.3682 0.0186 0.0418
