0 0.0352 0.7892 0.0352 0.0739
0 0.0586 0.9092 0.0645 0.1193
0 0.2046 0.7743 0.0127 0.0389
0 0.2212 0.7776 0.0146 0.0324
0 0.2676 0.7763 0.0137 0.0402
0 0.0908 0.7698 0.0098 0.0143
0 0.0669 0.7711 0.0068 0.0117
0 0.375 0.7795 0.0117 0.0285
0 0.4536 0.797 0.0107 0.0195
0 0.5181 0.7698 0.0107 0.0246
0 0.5415 0.7672 0.0127 0.0246
0 0.5986 0.8009 0.0117 0.035
0 0.6465 0.7957 0.0156 0.0324
0 0.6211 0.7944 0.0137 0.022
0 0.7817 0.8658 0.0498 0.0817
0 0.6865 0.8035 0.0176 0.0298
0 0.7197 0.8184 0.0137 0.0311
0 0.8232 0.7879 0.0137 0.0376
0 0.8066 0.797 0.0195 0.0324
0 0.9346 0.7717 0.0176 0.0337
0 0.9731 0.7516 0.0146 0.035
0 0.3359 0.7562 0.0078 0.013
0 0.3491 0.7536 0.0088 0.0182
0 0.4028 0.7951 0.0127 0.0493
0 0.5024 0.762 0.0107 0.0195
