0 0.8862 0.2252 0.0225 0.0579
0 0.8145 0.2103 0.0273 0.0542
0 0.7866 0.1869 0.0283 0.0598
0 0.7734 0.1477 0.0215 0.0486
0 0.7065 0.2121 0.0303 0.0729
0 0.5659 0.2607 0.042 0.0841
0 0.2715 0.2112 0.0352 0.0636
0 0.3677 0.2579 0.0381 0.071
0 0.1479 0.1813 0.0303 0.0561
0 0.0679 0.1794 0.0342 0.071
0 0.0146 0.0486 0.0098 0.0224
0 0.0156 0.0252 0.0098 0.0206
0 0.0283 0.015 0.0098 0.0224
0 0.0566 0.0103 0.0098 0.0206
0 0.0757 0.0047 0.0088 0.0131
0 0.0889 0.0187 0.0098 0.0224
0 0.1147 0.0187 0.0088 0.0224
0 0.1309 0.0084 0.0098 0.0206
0 0.1709 0.0374 0.0078 0.0187
0 0.1958 0.0327 0.0068 0.0168
0 0.2046 0.0346 0.0049 0.0168
0 0.2417 0.029 0.0068 0.0131
0 0.2432 0.0093 0.0059 0.015
0 0.2817 0.0206 0.0088 0.015
0 0.3027 0.0121 0.0078 0.0206
0 0.1587 0.0178 0.0088 0.0168
0 0.625 0.057 0.0098 0.028
0 0.6621 0.0215 0.0078 0.0206
