0 0.0107 0.4184 0.0215 0.0838
0 0.313 0.3824 0.0361 0.0706
0 0.3394 0.3581 0.0146 0.0368
0 0.396 0.4147 0.0244 0.0529
0 0.3838 0.3529 0.0078 0.0206
0 0.395 0.3382 0.0186 0.0324
0 0.4165 0.3088 0.0244 0.0471
0 0.4585 0.3632 0.0264 0.0441
0 0.4458 0.2603 0.0205 0.0382
0 0.5156 0.3279 0.0098 0.0206
0 0.543 0.3301 0.0137 0.025
0 0.5762 0.2559 0.0273 0.0529
0 0.708 0.2463 0.0352 0.0691
0 0.7603 0.2985 0.0049 0.0118
0 0.7808 0.2721 0.0068 0.0147
0 0.8086 0.2846 0.0059 0.0103
0 0.8213 0.2713 0.0078 0.0191
0 0.791 0.3301 0.0195 0.0309
0 0.8716 0.1963 0.04 0.0721
0 0.9756 0.3191 0.0098 0.0176
