0 0.7451 0.2113 0.0137 0.0124
0 0.8672 0.1468 0.0098 0.0085
0 0.7427 0.1771 0.0107 0.0078
0 0.8164 0.1839 0.0098 0.0085
0 0.8716 0.1761 0.0088 0.0085
0 0.5752 0.2012 0.0137 0.0117
0 0.6196 0.2015 0.0107 0.0098
0 0.7012 0.2171 0.0117 0.0124
0 0.7642 0.2204 0.0107 0.0124
0 0.8281 0.2572 0.0195 0.0195
0 0.8403 0.2897 0.0205 0.0208
0 0.5674 0.235 0.0195 0.0169
0 0.7451 0.2998 0.0215 0.0189
0 0.3672 0.2695 0.0195 0.0182
0 0.5605 0.3434 0.041 0.0293
0 0.228 0.307 0.0791 0.0605
0 0.8857 0.2223 0.0117 0.0137
