0 0.417 0.2878 0.0137 0.0287
0 0.4238 0.3127 0.0117 0.0242
0 0.4438 0.2863 0.0127 0.0317
0 0.4561 0.2953 0.0117 0.0317
0 0.4668 0.2938 0.0137 0.0317
0 0.4873 0.2931 0.0137 0.0332
0 0.5063 0.2968 0.0146 0.0347
0 0.5293 0.2779 0.0176 0.0363
0 0.5464 0.29 0.0146 0.0363
0 0.5586 0.2885 0.0156 0.0363
0 0.5796 0.3006 0.0186 0.0423
0 0.5952 0.2855 0.0166 0.0423
0 0.6123 0.3218 0.0137 0.0332
0 0.6382 0.3044 0.0186 0.0378
0 0.6724 0.2885 0.0186 0.0423
0 0.6899 0.3202 0.0166 0.0363
0 0.7153 0.318 0.0225 0.0438
0 0.7495 0.3006 0.0186 0.0423
0 0.772 0.2885 0.0244 0.0483
0 0.792 0.3248 0.0215 0.0453
0 0.8164 0.3006 0.0234 0.0514
0 0.8535 0.2938 0.0234 0.0529
0 0.896 0.3036 0.0205 0.0544
0 0.9194 0.3293 0.0166 0.0483
0 0.939 0.324 0.0283 0.0529
0 0.9722 0.3097 0.0225 0.0544
0 0.9922 0.3285 0.0137 0.0559
0 0.1021 0.2742 0.0361 0.0891
0 0.1235 0.2998 0.0361 0.0801
0 0.1406 0.3331 0.041 0.0801
0 0.3818 0.2983 0.041 0.0831
