0 0.3101 0.3647 0.0049 0.018
0 0.2778 0.4987 0.0107 0.0284
0 0.3589 0.3879 0.0068 0.0232
0 0.3394 0.3918 0.0049 0.0206
0 0.3892 0.3879 0.0049 0.0232
0 0.4141 0.3686 0.0059 0.0206
0 0.5991 0.6031 0.0146 0.0515
0 0.7188 0.4845 0.0059 0.0206
0 0.7373 0.5863 0.0137 0.0438
0 0.459 0.6211 0.0156 0.0412
0 0.4819 0.3827 0.0068 0.0232
0 0.3101 0.567 0.0107 0.0361
0 0.3374 0.5361 0.0088 0.0309
0 0.5088 0.5657 0.0098 0.0438
0 0.4712 0.5245 0.0088 0.0438
0 0.4336 0.5232 0.0117 0.0361
0 0.062 0.6057 0.0186 0.0464
0 0.1279 0.6405 0.0176 0.049
0 0.1499 0.607 0.0146 0.0387
0 0.2339 0.6095 0.0166 0.049
0 0.2485 0.5412 0.0146 0.0515
0 0.2646 0.3595 0.0078 0.0438
0 0.5518 0.3466 0.0176 0.0593
0 0.623 0.3763 0.0117 0.0412
0 0.4136 0.6082 0.0146 0.0412
0 0.2827 0.5593 0.0127 0.0464
0 0.6865 0.549 0.0117 0.0361
0 0.8281 0.5129 0.0137 0.0412
0 0.7534 0.4871 0.0127 0.0361
0 0.9297 0.5593 0.0137 0.0361
0 0.8735 0.5606 0.0127 0.0335
0 0.1133 0.3982 0.0078 0.0284
0 0.1973 0.3866 0.0059 0.0258
0 0.2183 0.3943 0.0049 0.0155
0 0.5171 0.3879 0.0068 0.0232
