0 0.1016 0.4399 0.0176 0.029
0 0.1177 0.4323 0.0146 0.0304
0 0.1348 0.424 0.0215 0.0359
0 0.1582 0.4123 0.0234 0.0373
0 0.1895 0.3964 0.0273 0.047
0 0.2227 0.3771 0.0293 0.047
0 0.2676 0.3612 0.0312 0.0511
0 0.313 0.3287 0.0361 0.058
0 0.3804 0.366 0.0303 0.0497
0 0.5264 0.1948 0.0586 0.0829
0 0.855 0.2362 0.0498 0.0829
0 0.9956 0.5442 0.0068 0.011
0 0.7754 0.5601 0.0078 0.0152
0 0.0674 0.4703 0.0176 0.0262
0 0.0596 0.4765 0.0117 0.0193
0 0.0459 0.4855 0.0078 0.0152
0 0.0415 0.4896 0.0088 0.0152
