0 0.0254 0.5029 0.0098 0.019
0 0.0591 0.4963 0.0088 0.0146
0 0.0454 0.4407 0.0107 0.0176
0 0.0903 0.4473 0.0088 0.0161
0 0.1138 0.4495 0.0088 0.0176
0 0.0986 0.549 0.0098 0.0176
0 0.1523 0.552 0.0078 0.0176
0 0.2251 0.5176 0.0088 0.019
0 0.3682 0.5886 0.0137 0.0322
0 0.4204 0.5534 0.0088 0.0176
0 0.375 0.4561 0.0078 0.0161
0 0.6826 0.5739 0.0215 0.041
0 0.7271 0.5688 0.0068 0.0132
0 0.6709 0.5439 0.0078 0.0161
0 0.6909 0.5381 0.0088 0.019
0 0.5659 0.489 0.0049 0.0117
0 0.6235 0.4978 0.0068 0.0146
0 0.6396 0.4905 0.0078 0.0146
0 0.6509 0.541 0.0068 0.0132
0 0.6323 0.5388 0.0068 0.0088
0 0.8115 0.5168 0.0059 0.0117
0 0.8296 0.5205 0.0068 0.0132
0 0.8491 0.5615 0.0088 0.0132
0 0.8145 0.5608 0.0059 0.0117
0 0.0142 0.5564 0.0088 0.0176
0 0.0698 0.5652 0.0068 0.0146
0 0.3784 0.5044 0.0088 0.0161
0 0.4434 0.5695 0.0078 0.0146
0 0.3857 0.5615 0.0098 0.0161
0 0.4248 0.522 0.0078 0.0161
0 0.4072 0.5059 0.0078 0.0161
0 0.8794 0.5586 0.0049 0.0102
0 0.917 0.5857 0.0039 0.0117
0 0.9429 0.5915 0.0049 0.0117
0 0.4468 0.4751 0.0068 0.019
0 0.6016 0.5102 0.0078 0.0161
0 0.3208 0.4641 0.0049 0.0146
0 0.3457 0.4905 0.0059 0.0146
0 0.7617 0.511 0.0039 0.0088
0 0.7715 0.5059 0.002 0.0073
0 0.7856 0.604 0.0049 0.0102
