0 0.2192 0.5658 0.0283 0.0614
0 0.1226 0.6966 0.0088 0.0219
0 0.4116 0.6243 0.0088 0.0146
0 0.4565 0.6323 0.0068 0.0161
0 0.4951 0.6148 0.0078 0.019
0 0.5029 0.682 0.0078 0.0161
0 0.5322 0.6879 0.0098 0.019
0 0.4473 0.6944 0.0078 0.0175
0 0.5854 0.606 0.0186 0.0395
0 0.6553 0.6308 0.0156 0.0307
0 0.6973 0.6528 0.0156 0.0307
0 0.7256 0.6053 0.0195 0.038
0 0.7749 0.6199 0.0166 0.0351
0 0.814 0.6265 0.0166 0.0278
0 0.8843 0.7025 0.0127 0.0249
0 0.9531 0.7434 0.0098 0.019
0 0.0762 0.693 0.0117 0.0205
0 0.021 0.6725 0.0049 0.0088
0 0.4819 0.6082 0.0068 0.0117
0 0.4512 0.6784 0.0059 0.0117
0 0.4575 0.6703 0.0068 0.0132
0 0.9224 0.7251 0.0088 0.0205
0 0.8989 0.7149 0.0068 0.0146
0 0.9082 0.7127 0.0059 0.0132
