0 0.228 0.5072 0.0088 0.0304
0 0.3198 0.466 0.0088 0.0268
0 0.3525 0.4705 0.0098 0.0286
0 0.3926 0.3801 0.0098 0.0233
0 0.4902 0.5859 0.0117 0.0268
0 0.5439 0.6592 0.0137 0.0376
0 0.5664 0.7388 0.0156 0.0358
0 0.4751 0.5608 0.0107 0.0304
0 0.5132 0.534 0.0127 0.0233
0 0.5352 0.5125 0.0098 0.0268
0 0.6323 0.5242 0.0107 0.0215
0 0.6787 0.7352 0.0176 0.0465
0 0.7808 0.7737 0.0166 0.0376
0 0.9282 0.5796 0.0146 0.0322
0 0.8984 0.2987 0.0098 0.0215
0 0.811 0.3506 0.0088 0.0215
0 0.9619 0.3193 0.0078 0.0233
0 0.8579 0.7451 0.0166 0.0411
0 0.7681 0.4776 0.0127 0.0322
0 0.7583 0.2361 0.0088 0.0179
0 0.8511 0.3479 0.0088 0.0233
0 0.729 0.3801 0.0107 0.0197
0 0.6963 0.3784 0.0098 0.0233
0 0.7456 0.3837 0.0068 0.0197
0 0.6895 0.4159 0.0098 0.0197
0 0.7017 0.2826 0.0088 0.0215
0 0.6025 0.5081 0.0078 0.0286
0 0.6191 0.5 0.0078 0.0233
0 0.6304 0.4803 0.0088 0.0233
0 0.6953 0.5608 0.0117 0.0268
0 0.7241 0.5635 0.0088 0.025
