0 0.1509 0.2417 0.0225 0.0506
0 0.1172 0.1785 0.0137 0.0316
0 0.2671 0.218 0.0127 0.0284
0 0.2964 0.2425 0.0146 0.0332
0 0.3018 0.3049 0.0156 0.0348
0 0.3481 0.316 0.0166 0.0379
0 0.3491 0.2457 0.0127 0.0205
0 0.3789 0.3444 0.0215 0.0379
0 0.4043 0.3886 0.0176 0.0411
0 0.4668 0.2915 0.0117 0.03
0 0.5098 0.3136 0.0117 0.0269
0 0.4829 0.3428 0.0127 0.0316
0 0.4512 0.3957 0.0215 0.049
0 0.5117 0.3768 0.0195 0.0332
0 0.5259 0.3483 0.0146 0.0269
0 0.5752 0.357 0.0156 0.0316
0 0.4771 0.4637 0.0205 0.0458
0 0.5747 0.425 0.0244 0.0348
0 0.5811 0.5166 0.0312 0.0632
0 0.6216 0.4747 0.0225 0.0269
0 0.6675 0.3981 0.0166 0.0379
0 0.7222 0.4526 0.0166 0.0427
0 0.853 0.3436 0.0127 0.0363
0 0.8276 0.4968 0.0225 0.0395
0 0.6787 0.6398 0.0332 0.0664
0 0.8931 0.5553 0.0225 0.0458
0 0.9312 0.59 0.0166 0.049
0 0.292 0.4795 0.0254 0.0585
0 0.3179 0.2709 0.0166 0.0205
0 0.355 0.2583 0.0127 0.0237
