0 0.0229 0.1662 0.0146 0.0278
0 0.2524 0.1252 0.0186 0.0307
0 0.2412 0.1779 0.0137 0.0249
0 0.3472 0.1325 0.0166 0.0307
0 0.3955 0.0908 0.0176 0.0381
0 0.5312 0.1354 0.0156 0.0307
0 0.3047 0.298 0.0254 0.0454
0 0.3345 0.3111 0.0303 0.0454
0 0.4067 0.3236 0.0342 0.0556
0 0.4673 0.3199 0.0303 0.0512
0 0.5391 0.3148 0.0293 0.0527
0 0.606 0.3089 0.0264 0.0527
0 0.7065 0.1654 0.0166 0.0351
0 0.8047 0.3023 0.0156 0.0278
0 0.8447 0.2767 0.0137 0.0351
0 0.8657 0.1764 0.0244 0.0366
0 0.9727 0.2731 0.0176 0.0366
0 0.6313 0.1881 0.0146 0.0278
