0 0.0356 0.6363 0.0088 0.016
0 0.0825 0.6458 0.0088 0.0175
0 0.2588 0.621 0.0078 0.0146
0 0.2944 0.5897 0.0068 0.016
0 0.3706 0.6181 0.0068 0.0146
0 0.6597 0.8411 0.0166 0.035
0 0.541 0.7245 0.0117 0.0204
0 0.6113 0.6764 0.0078 0.0204
0 0.6313 0.6829 0.0127 0.0219
0 0.5234 0.68 0.0098 0.019
0 0.4287 0.6866 0.0098 0.0175
0 0.5073 0.6341 0.0088 0.0146
0 0.6665 0.6064 0.0068 0.0117
0 0.6445 0.5984 0.0059 0.0102
0 0.5566 0.5955 0.0059 0.0102
0 0.6484 0.6385 0.0078 0.0117
0 0.6958 0.6414 0.0068 0.0146
0 0.7363 0.6363 0.0078 0.0102
0 0.522 0.508 0.0029 0.0073
0 0.458 0.6786 0.0078 0.019
0 0.2949 0.7085 0.0059 0.0175
0 0.7773 0.6509 0.0059 0.0131
0 0.5513 0.6276 0.0068 0.0131
0 0.7163 0.5204 0.0049 0.0087
0 0.2573 0.6618 0.0088 0.0175
0 0.2847 0.6356 0.0068 0.0117
0 0.2979 0.6399 0.0078 0.0146
0 0.3242 0.68 0.0078 0.016
0 0.396 0.6115 0.0068 0.0131
0 0.4697 0.6348 0.0059 0.0131
0 0.4858 0.5904 0.0068 0.0146
0 0.1133 0.6101 0.0078 0.0131
0 0.978 0.7413 0.0146 0.0248
