0 0.4873 0.3848 0.1289 0.3594
0 0.7456 0.6084 0.0479 0.1152
0 0.7974 0.8193 0.0557 0.1035
0 0.8916 0.8506 0.0566 0.1191
0 0.8135 0.1455 0.0859 0.2324
0 0.0991 0.9111 0.0537 0.123
0 0.2275 0.8242 0.0547 0.1172
0 0.2578 0.6729 0.0527 0.127
0 0.2505 0.5654 0.0498 0.1191
0 0.0859 0.7021 0.0527 0.1074
0 0.1313 0.6992 0.0439 0.1172
0 0.0913 0.8223 0.0498 0.1055
0 0.0146 0.6758 0.0293 0.0977
0 0.2549 0.1328 0.0371 0.0859
0 0.6523 0.6035 0.0332 0.082
0 0.5894 0.3408 0.0264 0.0723
0 0.687 0.3291 0.0146 0.0332
0 0.8799 0.7217 0.043 0.0918
0 0.8579 0.6699 0.0322 0.0781
0 0.8359 0.7129 0.0312 0.0781
0 0.644 0.3555 0.0186 0.0469
0 0.0171 0.5586 0.0205 0.0703
0 0.0264 0.4141 0.0293 0.1094
0 0.104 0.5889 0.0342 0.0645
0 0.0464 0.6465 0.0264 0.0703
0 0.6748 0.582 0.0273 0.0742
0 0.6484 0.4111 0.0254 0.0566
0 0.9902 0.4678 0.0176 0.0645
0 0.9902 0.3848 0.0176 0.0586
0 0.9653 0.6094 0.0186 0.0547
