0 0.7114 0.1581 0.0752 0.063
0 0.8076 0.0205 0.0117 0.0117
0 0.9062 0.1186 0.0469 0.0498
0 0.8447 0.0505 0.0117 0.0088
0 0.8706 0.0736 0.0127 0.011
0 0.917 0.0604 0.0117 0.011
0 0.9253 0.0787 0.0127 0.011
0 0.8091 0.1417 0.0244 0.0212
0 0.855 0.1303 0.0127 0.0132
0 0.9595 0.0933 0.0264 0.0242
0 0.9585 0.0714 0.0088 0.0095
0 0.8369 0.1285 0.0137 0.0124
0 0.3887 0.3785 0.0469 0.0454
0 0.5278 0.3851 0.0479 0.0498
0 0.5498 0.4316 0.084 0.0681
0 0.019 0.407 0.04 0.0469
0 0.1909 0.5018 0.167 0.0886
0 0.8281 0.6083 0.1426 0.1449
0 0.7729 0.1589 0.0186 0.0161
0 0.1201 0.4133 0.0547 0.0549
0 0.5835 0.1651 0.0205 0.0183
0 0.0063 0.2753 0.0146 0.0161
0 0.019 0.2196 0.0166 0.0132
0 0.0693 0.257 0.0195 0.022
0 0.1016 0.2196 0.0195 0.0146
0 0.1118 0.2438 0.0205 0.019
0 0.1396 0.235 0.0215 0.0234
0 0.1743 0.2365 0.0205 0.0205
0 0.1582 0.2266 0.0078 0.0095
0 0.1777 0.2555 0.0234 0.0264
0 0.2256 0.2613 0.0234 0.0234
0 0.1992 0.228 0.0215 0.0198
0 0.2832 0.22 0.0195 0.0198
0 0.2988 0.2138 0.0215 0.022
0 0.2441 0.2145 0.0098 0.0088
0 0.3379 0.2046 0.0137 0.0168
0 0.353 0.2072 0.0244 0.022
0 0.4072 0.1999 0.0176 0.0176
0 0.4531 0.2163 0.0293 0.03
0 0.4736 0.2072 0.0117 0.0161
0 0.4624 0.1944 0.0146 0.0183
0 0.5044 0.2116 0.0264 0.0264
0 0.5166 0.1841 0.0195 0.0198
0 0.5293 0.1464 0.0215 0.0307
0 0.6548 0.1775 0.0205 0.0242
0 0.6758 0.1585 0.0195 0.0212
