0 0.1108 0.2376 0.1045 0.2096
0 0.4326 0.2012 0.123 0.1758
0 0.6572 0.1855 0.1094 0.2201
0 0.9204 0.3704 0.0986 0.181
0 0.2251 0.8236 0.0479 0.069
0 0.1904 0.7298 0.0293 0.0586
0 0.2104 0.6693 0.0322 0.0599
0 0.3101 0.4837 0.0264 0.0508
0 0.2725 0.2507 0.0234 0.043
0 0.3335 0.3008 0.0225 0.0443
0 0.2437 0.2956 0.0225 0.0391
0 0.1846 0.2539 0.0234 0.0391
0 0.2349 0.2057 0.0225 0.0391
0 0.2583 0.1289 0.0264 0.0443
0 0.3042 0.224 0.0205 0.0443
0 0.3149 0.1276 0.0225 0.0417
0 0.5054 0.1901 0.0244 0.0469
0 0.5439 0.1289 0.0215 0.0417
0 0.2832 0.1595 0.0215 0.043
0 0.1719 0.1335 0.0215 0.0326
0 0.1558 0.0397 0.0205 0.0378
0 0.1187 0.1113 0.0283 0.0482
0 0.0781 0.0339 0.0215 0.0312
0 0.2661 0.0658 0.0186 0.0352
0 0.1982 0.0462 0.0234 0.0378
0 0.1445 0.0853 0.0234 0.0404
0 0.0078 0.0645 0.0176 0.0482
0 0.0679 0.0885 0.0303 0.0521
0 0.0161 0.2637 0.0303 0.0508
0 0.1035 0.0729 0.0254 0.0469
0 0.2363 0.0807 0.0234 0.0469
0 0.2144 0.457 0.0361 0.0599
0 0.9185 0.8346 0.0518 0.0859
0 0.8564 0.8047 0.041 0.0703
0 0.8765 0.7025 0.0342 0.069
0 0.9487 0.7018 0.0342 0.0729
0 0.9785 0.8125 0.0371 0.0677
0 0.9902 0.6471 0.0176 0.0573
0 0.9819 0.5085 0.0264 0.0508
0 0.9185 0.2383 0.0322 0.0625
0 0.8823 0.2663 0.0303 0.0664
0 0.8359 0.2201 0.0254 0.0495
0 0.8809 0.2116 0.0312 0.0508
0 0.8184 0.3353 0.0312 0.069
0 0.9883 0.2708 0.0215 0.0495
0 0.8774 0.1257 0.0244 0.043
0 0.9199 0.0918 0.0195 0.0378
0 0.939 0.1289 0.0225 0.0391
0 0.9248 0.1908 0.0195 0.0326
0 0.8125 0.0612 0.0215 0.0339
0 0.7891 0.1094 0.0195 0.0312
0 0.8105 0.1699 0.0195 0.0299
0 0.7192 0.041 0.0166 0.0299
0 0.7593 0.0215 0.0186 0.0299
0 0.5615 0.0202 0.0254 0.043
0 0.5063 0.028 0.0264 0.0404
0 0.5845 0.0592 0.0244 0.043
0 0.7495 0.1602 0.0225 0.0417
0 0.7729 0.0658 0.0264 0.0404
0 0.9077 0.0332 0.0186 0.0378
0 0.8809 0.0977 0.0234 0.0365
0 0.8613 0.0091 0.0176 0.0208
0 0.9663 0.0241 0.0186 0.0273
0 0.9458 0.0729 0.0186 0.0312
0 0.959 0.0482 0.0156 0.0312
0 0.2104 0.6172 0.0322 0.0599
0 0.0283 0.013 0.0312 0.0286
0 0.7402 0.0755 0.0215 0.0365
0 0.7129 0.1204 0.0234 0.0508
0 0.8193 0.1224 0.0234 0.0391
