0 0.0244 0.2754 0.0156 0.0273
0 0.0747 0.2962 0.0322 0.0456
0 0.1187 0.3099 0.0166 0.026
0 0.1616 0.2533 0.0186 0.0247
0 0.1831 0.2819 0.0146 0.0273
0 0.2739 0.2715 0.0127 0.0247
0 0.3618 0.2858 0.0244 0.0404
0 0.3301 0.3796 0.0176 0.0352
0 0.3867 0.2734 0.0137 0.0234
0 0.1421 0.2474 0.0146 0.0182
0 0.4404 0.377 0.0234 0.0378
0 0.5425 0.319 0.0381 0.0781
0 0.5273 0.3379 0.0195 0.0378
0 0.4922 0.2715 0.0098 0.0169
0 0.6494 0.3268 0.0098 0.0182
0 0.9043 0.3418 0.0273 0.0404
0 0.96 0.2982 0.0195 0.0286
0 0.7456 0.2884 0.0068 0.0169
0 0.6899 0.3346 0.0186 0.0286
0 0.7251 0.3398 0.0107 0.0182
0 0.7725 0.3118 0.0176 0.0247
0 0.8174 0.3711 0.0273 0.0339
0 0.6929 0.2793 0.0146 0.0221
0 0.6421 0.2786 0.0049 0.0104
0 0.8618 0.332 0.0205 0.0312
0 0.9204 0.2871 0.0049 0.0091
