0 0.6548 0.6287 0.0303 0.0702
0 0.79 0.4181 0.0371 0.0906
0 0.8936 0.2332 0.0332 0.0892
0 0.7437 0.22 0.0264 0.0746
0 0.6489 0.2851 0.0244 0.0556
0 0.8662 0.2478 0.0195 0.0395
0 0.9048 0.1462 0.0205 0.0351
0 0.9565 0.1221 0.0225 0.0424
0 0.5776 0.1893 0.0264 0.0541
0 0.5171 0.2251 0.0264 0.0439
0 0.6753 0.1769 0.0166 0.0322
0 0.8027 0.0673 0.0195 0.0351
0 0.7646 0.1016 0.0156 0.0278
0 0.7817 0.0687 0.0127 0.0263
0 0.6289 0.1952 0.0156 0.0336
0 0.4526 0.1265 0.0127 0.0249
0 0.5366 0.1265 0.0127 0.019
0 0.5767 0.0987 0.0127 0.0219
0 0.4736 0.2135 0.0137 0.0263
0 0.2183 0.4123 0.0342 0.0585
0 0.3608 0.3553 0.0322 0.0526
0 0.2822 0.3231 0.0234 0.0351
0 0.1909 0.3501 0.0205 0.0336
0 0.4175 0.3012 0.0127 0.0263
0 0.0161 0.5468 0.0205 0.0556
0 0.0684 0.4547 0.0195 0.0322
0 0.0806 0.3977 0.0146 0.0263
0 0.1519 0.3816 0.0166 0.0351
0 0.4146 0.2456 0.0107 0.0205
0 0.4077 0.22 0.0107 0.0219
0 0.3535 0.261 0.0195 0.0307
0 0.3672 0.1681 0.0117 0.0234
0 0.3228 0.1937 0.0127 0.019
0 0.2935 0.261 0.0127 0.0219
0 0.2588 0.2083 0.0117 0.019
0 0.2397 0.2836 0.0186 0.0322
0 0.2393 0.2463 0.0137 0.019
0 0.2397 0.2105 0.0088 0.0175
0 0.1958 0.242 0.0107 0.019
0 0.2041 0.3026 0.0117 0.0205
0 0.168 0.3509 0.0156 0.0234
0 0.1597 0.277 0.0088 0.0161
0 0.2212 0.1908 0.0107 0.0161
0 0.208 0.1974 0.0078 0.0175
0 0.1753 0.2164 0.0088 0.0146
0 0.1567 0.2398 0.0107 0.0234
0 0.1401 0.2405 0.0107 0.0249
0 0.1206 0.3523 0.0146 0.0263
0 0.0747 0.2705 0.0088 0.0175
0 0.0601 0.2712 0.0088 0.019
0 0.0317 0.3553 0.0127 0.0234
0 0.0591 0.3187 0.0186 0.0322
0 0.0166 0.2982 0.0137 0.0175
0 0.0322 0.4086 0.0156 0.0278
0 0.0083 0.3626 0.0127 0.0234
0 0.6914 0.2668 0.0332 0.0629
0 0.4873 0.3085 0.0254 0.0497
0 0.4595 0.2895 0.0225 0.0322
0 0.124 0.2961 0.0156 0.0278
0 0.0996 0.3034 0.0156 0.0336
0 0.1294 0.4086 0.0244 0.0336
0 0.0464 0.5548 0.0303 0.0658
