0 0.9551 0.2456 0.0566 0.0534
0 0.8252 0.2559 0.0684 0.0476
0 0.6138 0.5227 0.1436 0.1054
0 0.4209 0.4817 0.0996 0.104
0 0.3091 0.4202 0.0986 0.0571
0 0.1807 0.3993 0.0664 0.0534
0 0.3467 0.2859 0.041 0.0315
0 0.4814 0.2936 0.0469 0.0381
0 0.0967 0.2881 0.0508 0.052
0 0.1387 0.2441 0.0273 0.0256
0 0.1719 0.2138 0.0215 0.0161
0 0.7603 0.261 0.0225 0.0198
0 0.874 0.2548 0.0254 0.0249
0 0.5859 0.25 0.0156 0.0198
0 0.7554 0.198 0.0107 0.011
0 0.6851 0.1581 0.0088 0.0073
0 0.7275 0.1449 0.0117 0.0088
0 0.6978 0.142 0.0107 0.0088
0 0.6289 0.157 0.0098 0.0066
0 0.6025 0.1999 0.0137 0.0117
0 0.5522 0.2573 0.0127 0.0124
0 0.5234 0.2317 0.0156 0.0154
0 0.3369 0.2277 0.0176 0.0176
0 0.4136 0.1958 0.0088 0.0095
0 0.4175 0.1713 0.0107 0.0102
0 0.3926 0.1717 0.0078 0.0081
0 0.4624 0.1779 0.0107 0.0102
0 0.4644 0.2489 0.0146 0.0117
0 0.5005 0.2485 0.0127 0.011
0 0.4932 0.231 0.0117 0.011
0 0.4463 0.231 0.0098 0.011
0 0.439 0.2284 0.0088 0.0117
0 0.4048 0.2266 0.0107 0.011
0 0.4551 0.1984 0.0117 0.0117
0 0.3857 0.1966 0.0098 0.011
0 0.3516 0.1991 0.0098 0.0102
0 0.4658 0.2233 0.0098 0.0073
0 0.4785 0.1453 0.0098 0.0095
0 0.2104 0.1479 0.0107 0.0102
0 0.2183 0.1266 0.0127 0.0088
0 0.312 0.1182 0.0107 0.0095
0 0.3545 0.1135 0.0098 0.0088
0 0.2524 0.101 0.0088 0.0059
0 0.2783 0.0977 0.0117 0.0081
0 0.2397 0.0919 0.0107 0.0095
0 0.1553 0.0919 0.0117 0.0081
0 0.1943 0.1859 0.0137 0.0117
0 0.1753 0.149 0.0107 0.0081
0 0.5771 0.2383 0.0098 0.011
0 0.561 0.2295 0.0088 0.0081
0 0.4917 0.1845 0.0088 0.0088
0 0.5703 0.198 0.0078 0.0081
0 0.5044 0.1464 0.0068 0.0059
0 0.5137 0.131 0.0078 0.0073
0 0.4697 0.164 0.0059 0.0059
0 0.5098 0.1665 0.0059 0.0066
0 0.5376 0.1665 0.0049 0.0066
0 0.6045 0.1402 0.0078 0.0066
0 0.6265 0.1398 0.0088 0.0073
0 0.6655 0.1428 0.0088 0.0073
0 0.7158 0.1687 0.0117 0.0066
0 0.7905 0.1973 0.0107 0.0081
0 0.7017 0.2152 0.0088 0.0073
0 0.6196 0.2273 0.0088 0.0066
0 0.4111 0.1449 0.0098 0.0073
0 0.3354 0.1742 0.0107 0.0088
0 0.3604 0.1548 0.0078 0.0081
0 0.3975 0.1299 0.0078 0.0081
0 0.3984 0.1409 0.0078 0.0066
0 0.4067 0.1245 0.0049 0.0059
0 0.3853 0.1058 0.0088 0.0095
0 0.3521 0.1032 0.0088 0.0059
0 0.3276 0.1014 0.0088 0.0066
0 0.3955 0.0937 0.0078 0.0073
0 0.4282 0.1058 0.0088 0.0081
0 0.3662 0.1384 0.0078 0.0088
0 0.3145 0.257 0.0293 0.022
0 0.4219 0.2562 0.0215 0.019
0 0.3994 0.2471 0.0195 0.0227
0 0.9858 0.3858 0.0264 0.0717
0 0.6455 0.325 0.0391 0.0381
0 0.687 0.2822 0.0166 0.0154
0 0.6851 0.2452 0.0107 0.0132
0 0.6182 0.2449 0.0156 0.0124
0 0.7173 0.1944 0.0107 0.0081
0 0.686 0.1929 0.0088 0.0095
0 0.6357 0.2266 0.0117 0.0095
0 0.8843 0.2225 0.0107 0.0102
0 0.3491 0.1245 0.0088 0.0073
0 0.4785 0.1131 0.0059 0.0066
0 0.4712 0.1281 0.0088 0.0073
0 0.4429 0.1332 0.0068 0.0059
0 0.3325 0.1567 0.0107 0.0102
0 0.2764 0.1351 0.0098 0.0095
0 0.2832 0.1153 0.0078 0.0081
0 0.2402 0.1201 0.0098 0.0073
0 0.2529 0.1186 0.0098 0.0073
0 0.3003 0.1903 0.0127 0.0117
0 0.313 0.2233 0.0127 0.0102
0 0.3945 0.2225 0.0098 0.0132
0 0.4121 0.2061 0.0098 0.0081
0 0.3955 0.104 0.0059 0.0073
0 0.4175 0.1318 0.0088 0.0102
0 0.4429 0.1574 0.0107 0.0088
0 0.439 0.1878 0.0088 0.0095
0 0.4902 0.1643 0.0078 0.0081
0 0.2769 0.1673 0.0361 0.0329
0 0.2085 0.1175 0.0068 0.0095
0 0.2451 0.1409 0.0137 0.011
0 0.1875 0.1303 0.0117 0.0088
0 0.187 0.1153 0.0107 0.0081
0 0.2539 0.082 0.0078 0.0088
0 0.3076 0.0835 0.0078 0.0088
0 0.3291 0.0864 0.0117 0.0088
0 0.3496 0.0761 0.0117 0.0073
0 0.3711 0.0937 0.0078 0.0088
0 0.4185 0.0952 0.0088 0.0088
0 0.2002 0.0776 0.0098 0.0073
0 0.1758 0.0798 0.0117 0.0132
0 0.019 0.2273 0.0166 0.0139
0 0.0376 0.22 0.0127 0.0139
0 0.0562 0.2416 0.0244 0.0176
0 0.1055 0.213 0.0137 0.0132
0 0.1602 0.2233 0.0156 0.0146
0 0.1929 0.261 0.0205 0.0256
0 0.0835 0.1903 0.0127 0.0117
0 0.0601 0.1903 0.0127 0.0117
0 0.0767 0.164 0.0127 0.0117
0 0.043 0.1622 0.0117 0.0124
0 0.0137 0.1479 0.0117 0.0117
0 0.1118 0.1439 0.0127 0.0095
0 0.1455 0.1299 0.0098 0.0095
0 0.0786 0.1157 0.0088 0.0102
0 0.0566 0.0886 0.0098 0.0102
0 0.1025 0.0922 0.0098 0.0088
0 0.1289 0.0747 0.0117 0.0102
0 0.0371 0.1131 0.0098 0.0081
0 0.0938 0.243 0.0117 0.0146
0 0.103 0.0666 0.0088 0.0073
0 0.0801 0.052 0.0078 0.0059
0 0.1133 0.0571 0.0098 0.0059
0 0.1733 0.0447 0.0049 0.0059
0 0.1914 0.0425 0.0078 0.0059
0 0.0264 0.0673 0.0098 0.0073
0 0.0205 0.049 0.0117 0.0102
0 0.0435 0.0494 0.0088 0.0081
0 0.0332 0.0443 0.0078 0.0081
0 0.0552 0.0432 0.0088 0.0073
0 0.0894 0.0454 0.0088 0.0073
0 0.1396 0.1029 0.0078 0.011
0 0.1191 0.1094 0.0098 0.011
0 0.2207 0.0952 0.0078 0.0088
0 0.23 0.078 0.0088 0.0124
0 0.2227 0.0681 0.0098 0.0088
0 0.2534 0.0498 0.0107 0.0102
0 0.2329 0.037 0.0146 0.0139
0 0.2896 0.0509 0.0068 0.0051
0 0.3115 0.0567 0.0078 0.0066
0 0.4521 0.0959 0.0059 0.0059
0 0.3999 0.0633 0.0068 0.0066
0 0.4277 0.078 0.0078 0.0066
0 0.377 0.0736 0.0059 0.0066
0 0.4131 0.0824 0.0059 0.0081
0 0.3862 0.0677 0.0068 0.0081
0 0.333 0.0706 0.0098 0.0081
0 0.6104 0.1212 0.0098 0.0066
0 0.6919 0.1065 0.0088 0.0066
0 0.5903 0.1237 0.0049 0.0059
0 0.6533 0.1153 0.0078 0.0066
0 0.5864 0.0974 0.0068 0.0059
0 0.6226 0.0966 0.0068 0.0059
0 0.6455 0.0871 0.0098 0.0073
0 0.6611 0.0813 0.0078 0.0073
0 0.5269 0.0846 0.0068 0.0066
0 0.519 0.0783 0.0068 0.0059
0 0.9346 0.1658 0.0078 0.0066
0 0.9614 0.146 0.0068 0.0051
0 0.9746 0.1318 0.0059 0.0059
0 0.9766 0.1779 0.0078 0.0073
0 0.917 0.127 0.0059 0.0051
0 0.9395 0.1288 0.0078 0.0059
0 0.9683 0.1138 0.0088 0.0066
0 0.9878 0.1519 0.0068 0.0066
0 0.9888 0.1281 0.0088 0.0073
0 0.9268 0.1428 0.0098 0.0073
0 0.9067 0.119 0.0107 0.0081
0 0.9326 0.1226 0.0117 0.0081
0 0.9438 0.1157 0.0107 0.0088
0 0.9785 0.1135 0.0078 0.0102
0 0.9922 0.0981 0.0098 0.0073
0 0.9932 0.0703 0.0078 0.0073
0 0.9165 0.0754 0.0107 0.0073
0 0.9736 0.067 0.0098 0.0066
0 0.9512 0.0809 0.0078 0.0081
0 0.8867 0.0838 0.0078 0.0066
0 0.877 0.0717 0.0078 0.0088
0 0.8892 0.0663 0.0088 0.0095
0 0.9028 0.0644 0.0088 0.0059
0 0.9414 0.0849 0.0098 0.0088
0 0.9092 0.0893 0.0098 0.0102
0 0.9312 0.1054 0.0088 0.0073
0 0.9209 0.0637 0.0078 0.0088
0 0.8467 0.0472 0.0117 0.0095
0 0.876 0.0307 0.0098 0.0088
0 0.8667 0.049 0.0107 0.0073
0 0.8569 0.0593 0.0107 0.0088
0 0.9268 0.0392 0.0117 0.0081
0 0.9727 0.0512 0.0098 0.0088
0 0.9517 0.0165 0.0068 0.0081
0 0.9429 0.0106 0.0088 0.0095
0 0.9307 0.022 0.0117 0.0088
0 0.9136 0.0304 0.0088 0.0081
0 0.8486 0.03 0.0098 0.0059
0 0.8706 0.0081 0.0068 0.0059
0 0.8506 0.0062 0.0078 0.0051
0 0.8374 0.0088 0.0068 0.0059
0 0.8311 0.0161 0.0078 0.0059
0 0.833 0.0242 0.0098 0.0073
0 0.8096 0.0143 0.0078 0.0051
0 0.8159 0.004 0.0088 0.0051
0 0.7979 0.0048 0.0078 0.0066
0 0.9492 0.0567 0.0098 0.0095
0 0.8843 0.0351 0.0088 0.0102
0 0.9678 0.037 0.0078 0.0066
0 0.9443 0.0282 0.0098 0.0095
0 0.9644 0.0146 0.0088 0.0117
0 0.9883 0.0362 0.0078 0.0066
0 0.9766 0.0143 0.0117 0.011
0 0.8999 0.0157 0.0107 0.011
0 0.8687 0.0205 0.0127 0.0073
0 0.8491 0.0165 0.0107 0.0081
0 0.897 0.0399 0.0107 0.0081
0 0.9097 0.0432 0.0088 0.0088
0 0.9102 0.0238 0.0098 0.011
0 0.7539 0.0611 0.0098 0.0081
0 0.7012 0.0611 0.0098 0.0081
0 0.7134 0.0392 0.0127 0.011
0 0.7305 0.0417 0.0098 0.0102
0 0.7368 0.022 0.0107 0.0117
0 0.6738 0.0121 0.0078 0.0051
0 0.6367 0.0245 0.0098 0.0066
0 0.6802 0.0461 0.0088 0.0073
0 0.6558 0.0384 0.0088 0.0081
0 0.6748 0.037 0.0098 0.0081
0 0.6353 0.0604 0.0088 0.011
0 0.6011 0.0619 0.0127 0.011
0 0.6226 0.0556 0.0107 0.0073
0 0.6152 0.0403 0.0098 0.0073
0 0.6064 0.0264 0.0078 0.0073
0 0.6055 0.0176 0.0078 0.0059
0 0.6196 0.0242 0.0068 0.0073
0 0.6299 0.0132 0.0078 0.0073
0 0.7642 0.0571 0.0088 0.0088
0 0.7744 0.063 0.0098 0.0088
0 0.666 0.06 0.0078 0.0073
0 0.6582 0.0703 0.0078 0.0073
0 0.6812 0.0608 0.0088 0.0102
0 0.6987 0.0139 0.0107 0.0102
0 0.686 0.0278 0.0088 0.0059
0 0.6924 0.0362 0.0098 0.0066
0 0.7119 0.0198 0.0078 0.0088
0 0.6519 0.0044 0.0107 0.0073
0 0.4307 0.0176 0.0078 0.0059
0 0.4458 0.015 0.0107 0.0066
0 0.4834 0.03 0.0098 0.0059
0 0.4995 0.0333 0.0088 0.0066
0 0.5337 0.0553 0.0088 0.0081
0 0.5239 0.0421 0.0088 0.0066
0 0.5356 0.0703 0.0127 0.0088
0 0.5728 0.0695 0.0107 0.0102
0 0.5488 0.0878 0.0098 0.0117
0 0.5796 0.0487 0.0107 0.011
0 0.5493 0.0447 0.0107 0.0102
0 0.5864 0.0355 0.0107 0.0095
0 0.5791 0.0172 0.0098 0.0066
0 0.5615 0.0165 0.0098 0.011
0 0.54 0.0143 0.0098 0.0066
0 0.4756 0.0461 0.0117 0.0088
0 0.4487 0.0304 0.0088 0.0066
0 0.4907 0.0066 0.0088 0.0088
0 0.4741 0.0092 0.0107 0.0066
0 0.4258 0.0051 0.0059 0.0044
0 0.4907 0.0168 0.0088 0.0073
0 0.5 0.0161 0.0078 0.0073
0 0.4736 0.0168 0.0098 0.0073
0 0.4141 0.007 0.0098 0.0081
0 0.4033 0.048 0.0078 0.0066
0 0.3721 0.0498 0.0098 0.0073
0 0.377 0.0271 0.0078 0.0059
0 0.3604 0.0231 0.0078 0.0066
0 0.3521 0.0333 0.0088 0.0066
0 0.3228 0.0234 0.0088 0.0088
0 0.3398 0.0238 0.0078 0.0081
0 0.3472 0.015 0.0107 0.0081
0 0.3184 0.004 0.0059 0.0066
0 0.3364 0.0366 0.0088 0.0059
0 0.3213 0.0395 0.0098 0.0073
0 0.2676 0.0307 0.0098 0.0088
0 0.2227 0.0227 0.0156 0.0088
0 0.2051 0.0351 0.0117 0.0102
0 0.2471 0.0102 0.0117 0.0088
0 0.2979 0.0113 0.0098 0.0081
0 0.2656 0.0176 0.0117 0.0088
0 0.3096 0.0414 0.0098 0.0081
0 0.2188 0.0443 0.0098 0.0081
0 0.2349 0.0128 0.0088 0.0081
0 0.2612 0.0081 0.0088 0.0073
0 0.269 0.0081 0.0107 0.0088
0 0.2827 0.0095 0.0088 0.0088
0 0.1904 0.026 0.0098 0.0066
0 0.1445 0.022 0.0098 0.0073
0 0.1606 0.0128 0.0088 0.0095
0 0.1167 0.0384 0.0107 0.0095
0 0.1064 0.0278 0.0117 0.0088
0 0.0811 0.0194 0.0098 0.0095
0 0.0083 0.0143 0.0107 0.0081
0 0.0537 0.0157 0.0078 0.0066
0 0.0132 0.0275 0.0107 0.0095
0 0.0137 0.071 0.0098 0.0102
0 0.0342 0.0842 0.0156 0.0102
0 0.165 0.0293 0.0117 0.0102
0 0.0024 0.0706 0.0068 0.0095
0 0.0513 0.0307 0.0127 0.0073
0 0.0684 0.0392 0.0098 0.0081
0 0.1216 0.0102 0.0088 0.0073
0 0.1045 0.0044 0.0117 0.0102
0 0.1401 0.1622 0.0127 0.0124
0 0.6616 0.2639 0.0244 0.0242
