0 0.1958 0.3709 0.04 0.0779
0 0.6748 0.6564 0.0273 0.0369
0 0.7817 0.6311 0.0303 0.0519
0 0.8779 0.6305 0.0254 0.0587
0 0.8867 0.6346 0.0195 0.0615
0 0.9404 0.6209 0.0273 0.0505
0 0.9883 0.6359 0.0195 0.056
0 0.9824 0.5075 0.0195 0.0423
0 0.6343 0.6298 0.0225 0.0437
0 0.6675 0.5287 0.0166 0.0355
0 0.7358 0.4945 0.0205 0.0383
0 0.6953 0.4679 0.0195 0.0423
0 0.7705 0.4768 0.0215 0.0383
0 0.8154 0.4372 0.0215 0.041
0 0.251 0.6503 0.0137 0.0301
0 0.2827 0.5198 0.0186 0.0342
0 0.27 0.6551 0.0166 0.0287
0 0.2988 0.6646 0.0156 0.0314
0 0.3169 0.6523 0.0166 0.0287
0 0.355 0.6551 0.0146 0.0287
0 0.3711 0.6373 0.0176 0.0396
0 0.4048 0.6503 0.0146 0.0301
0 0.4644 0.5184 0.0146 0.026
0 0.4731 0.638 0.0146 0.0273
0 0.498 0.6462 0.0195 0.0437
0 0.5332 0.6366 0.0176 0.0301
0 0.5552 0.6373 0.0166 0.0369
0 0.6113 0.5048 0.0234 0.0369
0 0.5791 0.4508 0.0176 0.0301
0 0.8525 0.3402 0.0195 0.0328
0 0.9512 0.2787 0.0156 0.0273
0 0.9771 0.2425 0.0146 0.0342
0 0.8081 0.2316 0.0166 0.026
0 0.8921 0.4508 0.0225 0.0437
0 0.6567 0.4167 0.0205 0.0437
0 0.9863 0.401 0.0117 0.0232
0 0.6694 0.3818 0.0225 0.0369
0 0.0972 0.6551 0.0146 0.0314
0 0.0718 0.6626 0.0146 0.0328
0 0.1855 0.8176 0.0234 0.0314
0 0.1108 0.6284 0.0146 0.0328
0 0.126 0.6134 0.0098 0.0219
