0 0.0854 0.308 0.0342 0.0911
0 0.0913 0.6714 0.0576 0.1286
0 0.3345 0.8634 0.0791 0.1196
0 0.457 0.583 0.0488 0.1161
0 0.6948 0.6232 0.0537 0.1286
0 0.8184 0.4464 0.0371 0.0929
0 0.4272 0.3071 0.0381 0.0714
0 0.5215 0.3661 0.0352 0.0679
0 0.5811 0.325 0.0293 0.0643
0 0.5825 0.4679 0.0361 0.1
0 0.6743 0.4188 0.0342 0.1018
0 0.2178 0.5 0.0449 0.1214
0 0.2705 0.3857 0.0391 0.0929
0 0.2256 0.2875 0.0273 0.0571
0 0.2686 0.2455 0.0273 0.0732
0 0.3286 0.2562 0.0225 0.0554
0 0.8511 0.2714 0.0303 0.0679
0 0.7832 0.3223 0.0352 0.0911
0 0.6934 0.1938 0.0234 0.0482
0 0.0625 0.1982 0.0254 0.05
0 0.1309 0.208 0.0195 0.0518
0 0.1582 0.1455 0.0176 0.0446
0 0.1743 0.1304 0.0146 0.0429
0 0.1274 0.1116 0.0205 0.0411
0 0.0801 0.1071 0.0156 0.0429
0 0.208 0.2223 0.0215 0.0518
0 0.2866 0.2116 0.0225 0.0482
0 0.3125 0.1545 0.0215 0.0589
0 0.3374 0.1786 0.0186 0.05
0 0.3325 0.0875 0.0146 0.0429
0 0.3789 0.0982 0.0156 0.0393
0 0.3931 0.1536 0.0186 0.0429
0 0.4253 0.1652 0.0205 0.0482
0 0.4424 0.1107 0.0137 0.0464
0 0.4888 0.0982 0.0127 0.0321
0 0.4922 0.1893 0.0156 0.0429
0 0.5112 0.1714 0.0166 0.0393
0 0.5303 0.1384 0.0176 0.0339
0 0.5503 0.1741 0.0186 0.0411
0 0.5845 0.1741 0.0205 0.0446
0 0.5752 0.2545 0.0254 0.0554
0 0.5117 0.2321 0.0254 0.0571
0 0.5649 0.125 0.0127 0.0357
0 0.6274 0.1241 0.0166 0.0446
0 0.6504 0.1027 0.0176 0.0375
0 0.6958 0.1313 0.0186 0.0375
0 0.7256 0.0973 0.0156 0.0375
0 0.7598 0.0804 0.0137 0.0357
0 0.7773 0.083 0.0156 0.0375
0 0.7778 0.1661 0.0244 0.05
0 0.7749 0.2536 0.0244 0.0607
0 0.9287 0.142 0.0176 0.0482
0 0.856 0.1464 0.0186 0.05
0 0.8242 0.1223 0.0137 0.0339
0 0.9487 0.3295 0.0322 0.0696
0 0.6709 0.208 0.0195 0.0411
0 0.229 0.4357 0.042 0.0714
