0 0.0723 0.3824 0.0508 0.0928
0 0.1274 0.464 0.0361 0.08
0 0.1626 0.4528 0.0303 0.0672
0 0.2051 0.4976 0.0332 0.08
0 0.252 0.5064 0.0371 0.0752
0 0.3286 0.4944 0.0342 0.0672
0 0.2842 0.4816 0.0332 0.0672
0 0.1357 0.7184 0.0469 0.0896
0 0.2046 0.6552 0.0439 0.088
0 0.415 0.4936 0.0391 0.0752
0 0.3672 0.4528 0.0332 0.0704
0 0.4482 0.4392 0.0371 0.072
0 0.5015 0.4704 0.0381 0.0832
0 0.5122 0.3936 0.0342 0.064
0 0.5581 0.4568 0.0322 0.0784
0 0.5913 0.4968 0.0342 0.0688
0 0.6582 0.5056 0.0371 0.0704
0 0.6118 0.4264 0.0303 0.0624
0 0.688 0.444 0.0283 0.072
0 0.7993 0.4472 0.0361 0.0912
0 0.8828 0.484 0.0391 0.0848
0 0.9502 0.4168 0.041 0.0944
0 0.8584 0.624 0.0469 0.112
0 0.793 0.7056 0.0449 0.1056
0 0.7441 0.492 0.0273 0.0592
0 0.7539 0.6448 0.0352 0.096
0 0.853 0.4776 0.0303 0.0912
0 0.4194 0.424 0.0264 0.0544
