0 0.4243 0.49 0.0459 0.098
0 0.9082 0.4483 0.0352 0.0907
0 0.7861 0.7178 0.0605 0.1434
0 0.9126 0.206 0.0342 0.0708
0 0.9619 0.4628 0.041 0.0944
0 0.8271 0.3829 0.0371 0.0907
0 0.7847 0.324 0.0342 0.078
0 0.0459 0.3022 0.0469 0.0998
0 0.0557 0.1452 0.0371 0.098
0 0.2363 0.5445 0.0586 0.1162
0 0.0479 0.8866 0.0762 0.2087
0 0.2051 0.853 0.0645 0.1561
0 0.4775 0.5944 0.0742 0.147
0 0.5942 0.5989 0.0674 0.1307
0 0.6577 0.8385 0.0869 0.1597
0 0.7271 0.7677 0.0713 0.167
0 0.1709 0.2142 0.041 0.0581
0 0.6626 0.5608 0.0557 0.1307
0 0.7168 0.461 0.0527 0.1307
0 0.7861 0.7096 0.0605 0.1379
0 0.6382 0.4773 0.0557 0.098
0 0.5518 0.3911 0.0449 0.1071
0 0.5366 0.461 0.0479 0.1089
0 0.7056 0.2486 0.0361 0.0762
0 0.3389 0.3893 0.0449 0.0853
0 0.3569 0.294 0.042 0.0907
0 0.9209 0.3684 0.043 0.1053
