0 0.0723 0.2088 0.0137 0.0265
0 0.1855 0.1059 0.0098 0.0176
0 0.1265 0.1779 0.0088 0.0147
0 0.1338 0.2176 0.0117 0.0235
0 0.2148 0.2316 0.0117 0.0221
0 0.2603 0.1824 0.0088 0.0176
0 0.2974 0.2757 0.0205 0.0397
0 0.3828 0.3169 0.0273 0.0515
0 0.3965 0.1956 0.0117 0.0235
0 0.4385 0.2096 0.0117 0.0309
0 0.4448 0.3662 0.0264 0.0588
0 0.3145 0.2191 0.0195 0.0353
0 0.5884 0.2537 0.0166 0.0309
0 0.5864 0.1809 0.0146 0.0353
0 0.6606 0.2147 0.0186 0.0353
0 0.7866 0.3596 0.0791 0.1485
0 0.8643 0.314 0.0332 0.0721
0 0.8135 0.2206 0.0254 0.05
0 0.7319 0.3007 0.0283 0.0544
0 0.583 0.4515 0.041 0.0676
0 0.7544 0.2184 0.0166 0.0368
0 0.4888 0.2699 0.0146 0.0338
