0 0.5791 0.2226 0.0547 0.1053
0 0.6748 0.1684 0.0312 0.0511
0 0.644 0.1797 0.0264 0.0466
0 0.5532 0.1752 0.0381 0.0647
0 0.937 0.1722 0.0498 0.0917
0 0.9805 0.1684 0.0352 0.0722
0 0.1494 0.1444 0.0234 0.0421
0 0.4912 0.1105 0.0234 0.0406
0 0.3657 0.2489 0.0518 0.1008
0 0.2803 0.2451 0.0547 0.1023
0 0.231 0.209 0.0498 0.0842
0 0.0708 0.2316 0.0479 0.0812
0 0.126 0.1955 0.0352 0.0602
0 0.0479 0.1917 0.0391 0.0767
0 0.2686 0.1594 0.041 0.0782
0 0.3843 0.1323 0.0283 0.0451
0 0.4253 0.2008 0.0342 0.0677
0 0.4414 0.1436 0.0312 0.0586
0 0.4897 0.2286 0.0459 0.0842
0 0.8682 0.1759 0.0273 0.0602
0 0.9028 0.1293 0.0225 0.0451
0 0.6294 0.1376 0.0264 0.0406
0 0.5981 0.1308 0.0225 0.0451
0 0.6572 0.1293 0.0176 0.0391
0 0.0132 0.194 0.0283 0.0602
0 0.1978 0.2038 0.0361 0.0827
0 0.3169 0.1752 0.0381 0.0827
0 0.7153 0.1504 0.04 0.0752
