0 0.3286 0.2548 0.0166 0.0308
0 0.1714 0.2122 0.0205 0.0426
0 0.0684 0.0756 0.0117 0.025
0 0.1177 0.1241 0.0186 0.0308
0 0.1597 0.1256 0.0166 0.0279
0 0.1079 0.2372 0.0303 0.0455
0 0.0464 0.199 0.0361 0.0602
0 0.041 0.2783 0.0469 0.0808
0 0.1675 0.2665 0.0342 0.0661
0 0.2124 0.3355 0.042 0.0661
0 0.271 0.268 0.0283 0.0485
0 0.3018 0.2342 0.0215 0.0426
0 0.2163 0.163 0.0107 0.0323
0 0.2256 0.1623 0.0156 0.0338
0 0.1011 0.1145 0.0127 0.0294
0 0.0444 0.1006 0.0127 0.0279
0 0.0127 0.0888 0.0117 0.0279
0 0.2886 0.1843 0.0146 0.022
0 0.2349 0.3091 0.0283 0.0543
0 0.2573 0.1711 0.0107 0.0191
0 0.4751 0.1755 0.0166 0.0308
0 0.5176 0.1975 0.0234 0.0485
0 0.4702 0.2342 0.0186 0.0308
0 0.4224 0.301 0.0244 0.0441
0 0.4463 0.3568 0.0332 0.0558
0 0.4131 0.3443 0.0176 0.0396
0 0.5225 0.3612 0.0273 0.0441
0 0.376 0.1182 0.0156 0.025
0 0.5708 0.3884 0.0225 0.0338
0 0.6113 0.3979 0.0234 0.0441
0 0.6406 0.3708 0.0195 0.0279
0 0.6636 0.4185 0.0205 0.0352
0 0.7354 0.4185 0.0215 0.0382
0 0.5864 0.4897 0.0361 0.0631
0 0.9204 0.4391 0.0225 0.0441
0 0.8022 0.2952 0.0205 0.0352
0 0.9624 0.6278 0.04 0.0602
0 0.9067 0.6373 0.0381 0.0617
0 0.8535 0.6182 0.0391 0.0587
0 0.8135 0.5477 0.0312 0.0529
0 0.7456 0.5374 0.0264 0.0411
0 0.7593 0.5213 0.0205 0.0587
0 0.7812 0.6395 0.041 0.0778
0 0.7095 0.6072 0.0361 0.0749
0 0.6382 0.6057 0.0518 0.1072
0 0.5762 0.5786 0.0566 0.0852
0 0.5469 0.478 0.0312 0.0573
0 0.3232 0.2849 0.0195 0.0411
0 0.4575 0.6189 0.0654 0.1248
0 0.2822 0.3737 0.0625 0.1043
0 0.8774 0.5103 0.0225 0.0485
0 0.4966 0.5749 0.0576 0.1219
0 0.1416 0.4442 0.0645 0.0837
0 0.1846 0.2526 0.0195 0.0411
