0 0.873 0.8134 0.0312 0.0677
0 0.9141 0.7587 0.0254 0.0556
0 0.9868 0.8203 0.0244 0.0608
0 0.9565 0.9618 0.0244 0.0729
0 0.8579 0.9531 0.04 0.0764
0 0.665 0.967 0.0312 0.0625
0 0.7441 0.783 0.0234 0.0486
0 0.7812 0.7335 0.0234 0.0503
0 0.813 0.7135 0.0264 0.0521
0 0.7139 0.7153 0.0273 0.0521
0 0.7202 0.651 0.0264 0.0486
0 0.7642 0.638 0.0225 0.0434
0 0.793 0.6476 0.0215 0.0382
0 0.8833 0.6684 0.0264 0.0486
0 0.9502 0.6701 0.0293 0.0521
0 0.9219 0.6259 0.0254 0.0434
0 0.875 0.5859 0.0195 0.0295
0 0.8477 0.572 0.0195 0.0365
0 0.7656 0.5625 0.0215 0.0382
0 0.73 0.5694 0.0225 0.0417
0 0.6611 0.6415 0.0215 0.0538
0 0.5845 0.763 0.0205 0.0469
0 0.6396 0.7726 0.0293 0.0556
0 0.835 0.6589 0.0234 0.0365
0 0.8228 0.5408 0.0127 0.026
0 0.8491 0.5226 0.0127 0.0243
0 0.7974 0.4661 0.0127 0.0226
0 0.9492 0.4644 0.0137 0.0295
0 0.9814 0.4948 0.0176 0.0243
0 0.9863 0.5295 0.0176 0.0243
0 0.9531 0.5495 0.0156 0.0365
0 0.9692 0.5946 0.0166 0.0295
0 0.709 0.5425 0.0176 0.0365
0 0.6855 0.6059 0.0195 0.0312
0 0.6636 0.592 0.0166 0.0278
0 0.6489 0.5764 0.0146 0.0278
0 0.6196 0.5877 0.0205 0.0365
0 0.603 0.6241 0.0166 0.0399
0 0.6318 0.6658 0.0176 0.0469
0 0.6787 0.8932 0.0312 0.0399
0 0.7378 0.9002 0.0166 0.0469
0 0.7334 0.5339 0.0137 0.0226
0 0.6729 0.546 0.0156 0.0295
0 0.6353 0.4861 0.0127 0.0243
0 0.6006 0.4714 0.0137 0.026
0 0.5825 0.4696 0.0127 0.0295
0 0.6318 0.4627 0.0137 0.0226
0 0.6826 0.4557 0.0117 0.0156
0 0.6533 0.5174 0.0117 0.0208
0 0.6235 0.5503 0.0205 0.0243
0 0.5796 0.6736 0.0225 0.0451
0 0.585 0.8828 0.0215 0.0538
0 0.8931 0.4783 0.0146 0.033
0 0.9038 0.4826 0.0107 0.0243
0 0.8618 0.6285 0.0146 0.0382
0 0.689 0.6632 0.0244 0.0486
0 0.668 0.75 0.0176 0.0451
0 0.9414 0.5035 0.0098 0.0243
0 0.978 0.7691 0.0205 0.0382
0 0.4497 0.7969 0.0342 0.0799
0 0.4209 0.947 0.0273 0.0608
0 0.3076 0.8342 0.0352 0.0781
0 0.3091 0.7795 0.0264 0.0625
0 0.3799 0.7092 0.0234 0.0434
0 0.3911 0.7639 0.0264 0.059
0 0.4111 0.8125 0.0273 0.059
0 0.5391 0.9219 0.0352 0.0729
0 0.5293 0.7786 0.0234 0.0503
0 0.543 0.6684 0.0273 0.0486
0 0.5098 0.6398 0.0215 0.033
0 0.5127 0.5972 0.0195 0.0417
0 0.4355 0.6953 0.0254 0.0434
0 0.4409 0.7274 0.0264 0.0451
0 0.4663 0.6649 0.0225 0.0486
0 0.4233 0.6554 0.0186 0.0365
0 0.4424 0.645 0.0195 0.0295
0 0.4272 0.5755 0.0225 0.0434
0 0.4663 0.5686 0.0186 0.0365
0 0.3286 0.6345 0.0244 0.0399
0 0.5391 0.5929 0.0176 0.0469
0 0.561 0.566 0.0166 0.0312
0 0.3354 0.7865 0.0303 0.0556
0 0.2866 0.6181 0.0244 0.0521
0 0.4668 0.5295 0.0176 0.0347
0 0.3882 0.5174 0.0205 0.0312
0 0.3359 0.5469 0.0215 0.0382
0 0.3716 0.612 0.0186 0.0503
0 0.2822 0.5451 0.0234 0.0417
0 0.3237 0.5243 0.0186 0.0347
0 0.3052 0.5382 0.0127 0.0278
0 0.2969 0.5069 0.0176 0.0347
0 0.2666 0.5122 0.0176 0.0347
0 0.2559 0.4601 0.0156 0.0347
0 0.2837 0.4505 0.0146 0.026
0 0.3188 0.4627 0.0127 0.0295
0 0.3652 0.4609 0.0117 0.0295
0 0.3862 0.4523 0.0127 0.0295
0 0.4199 0.4844 0.0156 0.0278
0 0.4512 0.4922 0.0117 0.0295
0 0.4634 0.4635 0.0127 0.0243
0 0.3418 0.4375 0.0098 0.0208
0 0.6353 0.428 0.0088 0.0226
0 0.6484 0.4253 0.0098 0.0208
0 0.6099 0.441 0.0127 0.0243
0 0.4761 0.441 0.0127 0.0208
0 0.5034 0.4462 0.0088 0.0243
0 0.5161 0.4609 0.0107 0.0226
0 0.5542 0.4106 0.0107 0.026
0 0.605 0.4036 0.0107 0.026
0 0.2827 0.4141 0.0088 0.0156
0 0.3081 0.4436 0.0088 0.0191
0 0.4111 0.3984 0.0098 0.0191
0 0.4102 0.4479 0.0098 0.0208
0 0.4434 0.4288 0.0098 0.0243
0 0.542 0.5174 0.0117 0.0312
0 0.2998 0.7214 0.0254 0.0469
0 0.3398 0.8741 0.0273 0.0538
0 0.2739 0.8924 0.0225 0.059
0 0.1611 0.7639 0.0273 0.059
0 0.1514 0.8811 0.0273 0.0608
0 0.2271 0.8689 0.042 0.0851
0 0.042 0.8498 0.0273 0.0677
0 0.0283 0.8498 0.0215 0.0642
0 0.0225 0.7405 0.0293 0.0469
0 0.0596 0.73 0.0195 0.0434
0 0.1426 0.7005 0.0293 0.0503
0 0.1768 0.6372 0.0234 0.0451
0 0.1958 0.7092 0.0166 0.0434
0 0.2373 0.6892 0.0195 0.0417
0 0.2271 0.658 0.0205 0.0521
0 0.2104 0.5538 0.0205 0.0417
0 0.1982 0.5312 0.0176 0.0312
0 0.165 0.5503 0.0195 0.0382
0 0.1064 0.572 0.0254 0.0365
0 0.063 0.6146 0.0225 0.0486
0 0.0562 0.5642 0.0225 0.0382
0 0.0371 0.5165 0.0215 0.0365
0 0.0098 0.5894 0.0195 0.0434
0 0.0347 0.6128 0.0186 0.0347
0 0.0479 0.6962 0.0156 0.0382
0 0.0825 0.6589 0.0205 0.0469
0 0.1338 0.6337 0.0176 0.0417
0 0.146 0.651 0.0244 0.0417
0 0.106 0.5095 0.0205 0.0365
0 0.0898 0.4948 0.0156 0.0278
0 0.0791 0.4444 0.0117 0.0278
0 0.0181 0.454 0.0146 0.026
0 0.1431 0.533 0.0166 0.0278
0 0.1377 0.4896 0.0176 0.0312
0 0.0977 0.7977 0.0293 0.0573
0 0.0791 0.8828 0.0371 0.0677
0 0.1992 0.4948 0.0156 0.0312
0 0.2075 0.4332 0.0107 0.026
0 0.1851 0.4314 0.0107 0.0226
0 0.1953 0.4201 0.0117 0.0278
0 0.0337 0.4358 0.0127 0.0243
0 0.2441 0.572 0.0195 0.033
0 0.2417 0.6155 0.0186 0.033
0 0.2329 0.77 0.0283 0.0365
0 0.0576 0.5269 0.0195 0.0365
0 0.0049 0.4861 0.0117 0.0347
0 0.4849 0.5295 0.0186 0.0382
0 0.4961 0.7092 0.0293 0.0573
0 0.9019 0.4054 0.0127 0.026
0 0.9058 0.3516 0.0088 0.0226
0 0.9248 0.3134 0.0059 0.0156
0 0.9604 0.4036 0.0107 0.0226
0 0.9683 0.4427 0.0107 0.0208
0 0.9526 0.342 0.0088 0.0174
0 0.9893 0.3281 0.0078 0.0139
0 0.9712 0.3108 0.0068 0.0174
0 0.9951 0.2986 0.0059 0.0174
0 0.9585 0.283 0.0049 0.0104
0 0.9302 0.283 0.0068 0.0139
0 0.896 0.3151 0.0068 0.0122
0 0.7612 0.329 0.0068 0.0156
0 0.7505 0.3576 0.0068 0.0139
0 0.6895 0.4245 0.0098 0.0226
0 0.751 0.2804 0.0059 0.0156
0 0.7393 0.3307 0.0078 0.0156
0 0.7842 0.2908 0.0059 0.0122
0 0.689 0.3003 0.0068 0.0139
0 0.6973 0.5174 0.0117 0.0278
0 0.0879 0.276 0.0098 0.0174
0 0.0332 0.316 0.0098 0.0208
0 0.0752 0.3602 0.0117 0.026
0 0.0713 0.3238 0.0098 0.0191
0 0.0791 0.4219 0.0137 0.0243
0 0.0425 0.421 0.0127 0.0226
0 0.1948 0.3863 0.0088 0.0191
0 0.2852 0.3689 0.0078 0.0191
0 0.2446 0.3854 0.0088 0.0174
0 0.2148 0.388 0.0098 0.0191
0 0.2163 0.4132 0.0088 0.0208
0 0.3467 0.3655 0.0098 0.0191
0 0.3281 0.408 0.0098 0.0174
0 0.2402 0.349 0.0078 0.0174
0 0.2988 0.3429 0.0078 0.0191
0 0.3398 0.4766 0.0156 0.0295
0 0.2734 0.4384 0.0078 0.0191
0 0.3745 0.4436 0.0107 0.026
0 0.459 0.3915 0.0117 0.0191
0 0.438 0.3594 0.0107 0.0243
0 0.4219 0.3602 0.0078 0.0156
0 0.5083 0.3967 0.0107 0.0156
0 0.5181 0.4236 0.0107 0.0208
0 0.5259 0.3976 0.0088 0.0208
0 0.4849 0.454 0.0107 0.0191
0 0.6436 0.3733 0.0078 0.0174
0 0.6719 0.4392 0.0117 0.0243
0 0.6865 0.3229 0.0098 0.0174
0 0.7183 0.3438 0.0107 0.0174
0 0.7407 0.2969 0.0088 0.0139
0 0.7739 0.3325 0.0088 0.0156
0 0.2236 0.447 0.0117 0.026
0 0.1753 0.8394 0.0322 0.0608
0 0.2456 0.4618 0.0127 0.0312
