0 0.9546 0.3542 0.0361 0.0495
0 0.813 0.4219 0.0361 0.0547
0 0.7344 0.3646 0.0215 0.0365
0 0.6836 0.3822 0.0352 0.0586
0 0.6812 0.2767 0.0303 0.0482
0 0.6348 0.3431 0.0352 0.0508
0 0.5581 0.3594 0.0303 0.0495
0 0.8481 0.2005 0.0361 0.0573
0 0.4658 0.3984 0.0391 0.0573
0 0.3115 0.3737 0.0371 0.0521
0 0.2256 0.3672 0.0098 0.0208
0 0.2319 0.3418 0.0303 0.0508
0 0.0879 0.3483 0.0273 0.0456
0 0.0298 0.401 0.0303 0.0443
0 0.9922 0.5091 0.0137 0.0286
0 0.9482 0.5228 0.0215 0.0326
0 0.9175 0.5449 0.0225 0.0378
0 0.8896 0.5208 0.0176 0.0286
0 0.8569 0.528 0.0225 0.0299
0 0.8086 0.5267 0.0234 0.0352
0 0.772 0.5423 0.0186 0.0273
0 0.7871 0.5208 0.0098 0.0156
0 0.7402 0.5007 0.0156 0.0221
0 0.917 0.5215 0.0176 0.0247
0 0.9668 0.5247 0.0098 0.0156
0 0.9917 0.5521 0.0146 0.0286
0 0.7085 0.5384 0.0205 0.0326
0 0.6968 0.5156 0.0166 0.0312
0 0.6592 0.5065 0.0176 0.026
0 0.6738 0.5404 0.0176 0.026
0 0.6426 0.5566 0.0176 0.0299
0 0.624 0.5293 0.0195 0.0247
0 0.625 0.5078 0.0156 0.026
0 0.5952 0.5221 0.0127 0.026
0 0.5767 0.5156 0.0186 0.0286
0 0.5679 0.554 0.0186 0.0273
0 0.5518 0.5117 0.0176 0.0286
0 0.5151 0.5306 0.0186 0.0299
0 0.501 0.5632 0.0176 0.0273
0 0.4932 0.5286 0.0137 0.0286
0 0.4814 0.5156 0.0137 0.0234
0 0.6577 0.4577 0.0088 0.0143
0 0.4443 0.5254 0.0215 0.0299
0 0.3916 0.5111 0.0195 0.0299
0 0.3726 0.5514 0.0166 0.0273
0 0.3467 0.5612 0.0117 0.0208
0 0.314 0.5599 0.0166 0.0286
0 0.3091 0.5182 0.0186 0.0312
0 0.2759 0.5026 0.0244 0.0339
0 0.2583 0.513 0.0186 0.0312
0 0.2368 0.5286 0.0186 0.0234
0 0.1963 0.5241 0.0234 0.0326
0 0.1182 0.502 0.0234 0.0326
0 0.063 0.5267 0.0205 0.0299
0 0.165 0.5046 0.0117 0.0221
0 0.2256 0.5072 0.0078 0.0169
0 0.2129 0.5085 0.0078 0.0143
0 0.0737 0.4941 0.0088 0.0143
0 0.0503 0.4922 0.0107 0.0182
0 0.0244 0.5417 0.0156 0.0286
0 0.0078 0.5312 0.0176 0.0339
0 0.0146 0.5137 0.0137 0.0247
0 0.8633 0.5046 0.0098 0.0169
0 0.082 0.4792 0.0059 0.0104
0 0.0972 0.4818 0.0068 0.0104
0 0.1895 0.4928 0.0078 0.0117
0 0.1797 0.4824 0.0059 0.0091
0 0.2476 0.4909 0.0049 0.0104
