0 0.2456 0.3956 0.0322 0.0496
0 0.2026 0.3905 0.0205 0.0423
0 0.1172 0.3927 0.0234 0.0467
0 0.1147 0.346 0.0205 0.0438
0 0.1558 0.3547 0.0166 0.0321
0 0.1934 0.3467 0.0176 0.0277
0 0.1714 0.3299 0.0166 0.0292
0 0.1831 0.3058 0.0127 0.019
0 0.0566 0.3482 0.0156 0.0336
0 0.5059 0.4496 0.0293 0.0555
0 0.6602 0.4139 0.0215 0.054
0 0.5552 0.3467 0.0146 0.0307
0 0.5073 0.365 0.0264 0.0642
0 0.7251 0.3146 0.0225 0.0394
0 0.4229 0.3263 0.0195 0.0307
0 0.9668 0.3591 0.0254 0.0409
0 0.5601 0.3044 0.0146 0.0277
0 0.7402 0.335 0.0098 0.0219
0 0.6543 0.3409 0.0117 0.0219
0 0.7568 0.3431 0.0098 0.0234
0 0.8105 0.3161 0.0117 0.0219
0 0.8237 0.3234 0.0146 0.0277
0 0.7925 0.3672 0.0166 0.0307
0 0.8501 0.3569 0.0088 0.019
0 0.8848 0.3869 0.0195 0.0292
0 0.9097 0.365 0.0166 0.0292
0 0.7158 0.4314 0.0195 0.0453
0 0.0508 0.3153 0.0156 0.0321
0 0.1523 0.3212 0.0156 0.0321
