0 0.937 0.3483 0.0361 0.0601
0 0.9087 0.2845 0.0166 0.0285
0 0.8472 0.4489 0.0439 0.0721
0 0.917 0.268 0.0098 0.0225
0 0.8145 0.7447 0.0664 0.2763
0 0.9937 0.2492 0.0088 0.03
0 0.959 0.2673 0.0117 0.018
0 0.8428 0.2665 0.0117 0.0225
0 0.8745 0.256 0.0107 0.0225
0 0.8359 0.2725 0.0098 0.0195
0 0.8262 0.2605 0.0059 0.0165
0 0.9131 0.2402 0.0039 0.006
0 0.8149 0.3393 0.0244 0.045
0 0.8169 0.2875 0.0127 0.0165
0 0.8242 0.2763 0.0098 0.018
0 0.7476 0.4399 0.0264 0.0571
0 0.6655 0.3709 0.0322 0.0661
0 0.6816 0.3589 0.0117 0.045
0 0.6113 0.3491 0.0176 0.0465
0 0.6973 0.5008 0.0371 0.0736
0 0.5913 0.4707 0.0342 0.0646
0 0.499 0.5586 0.0723 0.1201
0 0.2876 0.5203 0.04 0.0706
0 0.1392 0.482 0.0459 0.0811
0 0.2241 0.7778 0.0576 0.3273
0 0.0518 0.5713 0.0508 0.0856
0 0.749 0.2763 0.0098 0.027
0 0.7188 0.265 0.0078 0.0135
0 0.6987 0.2342 0.0068 0.012
0 0.687 0.244 0.0068 0.0135
0 0.7383 0.2508 0.0059 0.012
0 0.7588 0.2395 0.0039 0.0075
0 0.7617 0.2755 0.0059 0.0165
0 0.7388 0.2267 0.0068 0.012
0 0.6392 0.271 0.0127 0.0225
0 0.6504 0.271 0.0098 0.0195
0 0.6543 0.289 0.0078 0.0135
0 0.666 0.241 0.0059 0.0105
0 0.6592 0.2628 0.0078 0.012
0 0.6304 0.2342 0.0088 0.015
0 0.6138 0.2395 0.0068 0.0135
0 0.6201 0.2755 0.0078 0.0135
0 0.6523 0.2335 0.0078 0.0135
0 0.6064 0.2455 0.0078 0.0135
0 0.5942 0.2312 0.0068 0.012
0 0.6069 0.2297 0.0049 0.009
0 0.627 0.2207 0.0059 0.009
0 0.5786 0.2823 0.0088 0.021
0 0.5889 0.2477 0.0059 0.012
0 0.5674 0.2357 0.0059 0.012
0 0.543 0.2695 0.0098 0.0225
0 0.5386 0.238 0.0088 0.0165
0 0.5562 0.2462 0.0068 0.012
0 0.543 0.223 0.0059 0.0105
0 0.5503 0.2297 0.0049 0.009
0 0.5737 0.232 0.0068 0.0105
0 0.4976 0.25 0.0068 0.0135
0 0.4858 0.2838 0.0127 0.021
0 0.4722 0.2838 0.0088 0.018
0 0.4751 0.2492 0.0049 0.015
0 0.4731 0.2395 0.0068 0.0135
0 0.4849 0.2387 0.0049 0.009
0 0.4932 0.2327 0.0059 0.012
0 0.4985 0.235 0.0049 0.0105
0 0.46 0.2312 0.0059 0.012
0 0.4585 0.2935 0.0107 0.0225
0 0.4482 0.2673 0.0098 0.021
0 0.4541 0.2432 0.0059 0.012
0 0.4448 0.2455 0.0049 0.0105
0 0.4346 0.2417 0.0078 0.015
0 0.4468 0.229 0.0068 0.0135
0 0.4023 0.2778 0.0117 0.021
0 0.4102 0.2365 0.0059 0.0105
0 0.4214 0.229 0.0049 0.0105
0 0.3989 0.2477 0.0068 0.012
0 0.3848 0.2312 0.0059 0.012
0 0.3809 0.2695 0.0078 0.0165
0 0.3765 0.268 0.0068 0.0135
0 0.3657 0.295 0.0088 0.0195
0 0.3696 0.2387 0.0068 0.012
0 0.332 0.277 0.0098 0.0225
0 0.3159 0.2485 0.0068 0.0135
0 0.333 0.2553 0.0059 0.012
0 0.2969 0.3033 0.0078 0.018
0 0.2915 0.277 0.0068 0.0165
0 0.2949 0.2538 0.0059 0.012
0 0.2998 0.2417 0.0078 0.012
0 0.3125 0.2793 0.0078 0.018
0 0.2603 0.2425 0.0068 0.0135
0 0.2749 0.2575 0.0068 0.0135
0 0.2891 0.2515 0.0059 0.0135
0 0.2373 0.2778 0.0059 0.015
0 0.2305 0.2598 0.0078 0.015
0 0.1934 0.2598 0.0059 0.012
0 0.2114 0.262 0.0088 0.0135
0 0.1636 0.2545 0.0068 0.0135
0 0.1523 0.295 0.0117 0.0225
0 0.2056 0.3026 0.0107 0.0165
0 0.1782 0.2785 0.0068 0.0105
0 0.1313 0.2583 0.0068 0.012
0 0.1113 0.2605 0.0078 0.0135
0 0.0933 0.2748 0.0088 0.015
0 0.0923 0.2553 0.0068 0.012
0 0.0981 0.3041 0.0107 0.0195
0 0.6689 0.2282 0.0039 0.009
0 0.6772 0.2372 0.0049 0.009
0 0.6826 0.2305 0.0059 0.0075
0 0.6865 0.2275 0.0059 0.0105
0 0.708 0.2327 0.0059 0.012
0 0.7148 0.2365 0.0059 0.0135
0 0.6978 0.265 0.0068 0.0195
0 0.8052 0.2477 0.0068 0.012
0 0.7944 0.2455 0.0068 0.0105
0 0.8179 0.2312 0.0029 0.006
0 0.7852 0.235 0.0059 0.0105
0 0.8613 0.2387 0.0059 0.009
0 0.8354 0.2282 0.0049 0.009
0 0.8398 0.223 0.0039 0.0075
