0 0.3525 0.385 0.0156 0.0296
0 0.3228 0.374 0.0127 0.0206
0 0.3911 0.3683 0.0205 0.0347
0 0.3853 0.4197 0.0166 0.0373
0 0.396 0.4177 0.0205 0.036
0 0.4321 0.403 0.0166 0.0347
0 0.4224 0.4338 0.0264 0.0373
0 0.4668 0.3798 0.0176 0.0296
0 0.4351 0.4884 0.0264 0.0514
0 0.3398 0.4537 0.0215 0.0514
0 0.3247 0.4531 0.0166 0.0424
0 0.5908 0.4486 0.0332 0.0514
0 0.9053 0.367 0.0117 0.0193
0 0.7983 0.3978 0.0127 0.0219
0 0.9268 0.3959 0.0137 0.0231
0 0.9678 0.3882 0.0215 0.0386
0 0.9834 0.3593 0.0098 0.0167
0 0.9409 0.4582 0.0244 0.0373
0 0.7959 0.4351 0.0234 0.0424
0 0.2715 0.437 0.0352 0.0566
0 0.251 0.455 0.0254 0.0437
0 0.2002 0.4653 0.0352 0.0591
0 0.0859 0.4589 0.0273 0.0463
0 0.0669 0.4743 0.0303 0.0617
0 0.1724 0.6549 0.0283 0.0476
