0 0.103 0.7019 0.0244 0.023
0 0.1182 0.781 0.0449 0.0363
0 0.1035 0.834 0.0566 0.046
0 0.5586 0.7029 0.0312 0.0265
0 0.1641 0.7399 0.0215 0.0209
0 0.1904 0.7273 0.0176 0.0181
0 0.4365 0.6091 0.1309 0.0997
0 0.5825 0.675 0.0107 0.0139
0 0.6216 0.6799 0.0146 0.0153
0 0.605 0.7221 0.0225 0.0132
0 0.6143 0.6123 0.0156 0.0126
0 0.7041 0.6325 0.0078 0.0167
0 0.6948 0.7308 0.1006 0.0907
0 0.9468 0.7005 0.0146 0.016
0 0.9731 0.6984 0.0127 0.0091
0 0.9834 0.6342 0.0117 0.0077
0 0.9595 0.6468 0.0107 0.0105
