0 0.0068 0.6452 0.0078 0.0143
0 0.0366 0.6953 0.0088 0.0182
0 0.0796 0.6855 0.0088 0.0195
0 0.0605 0.7435 0.0098 0.0234
0 0.0898 0.7656 0.0176 0.0286
0 0.1118 0.6751 0.0068 0.0169
0 0.1475 0.707 0.0098 0.0182
0 0.166 0.6829 0.0098 0.0143
0 0.1123 0.6491 0.0078 0.0091
0 0.1255 0.6367 0.0068 0.0104
0 0.1543 0.6406 0.0078 0.0104
0 0.0601 0.6302 0.0068 0.0104
0 0.0864 0.6107 0.0049 0.0078
0 0.0522 0.5645 0.0029 0.0065
0 0.0303 0.5736 0.0059 0.0117
0 0.0244 0.5716 0.0039 0.0104
0 0.0234 0.5859 0.0059 0.0104
0 0.0132 0.5905 0.0068 0.0117
0 0.0146 0.5768 0.0059 0.0078
0 0.0361 0.5684 0.0059 0.0091
0 0.0039 0.5625 0.0039 0.0078
0 0.0757 0.6484 0.0068 0.0104
0 0.0601 0.6888 0.0068 0.0104
0 0.0928 0.5716 0.0039 0.0052
0 0.1206 0.929 0.0225 0.0482
0 0.2197 0.5898 0.0059 0.0104
0 0.2603 0.5964 0.0068 0.0104
0 0.2505 0.5918 0.0068 0.0117
0 0.2549 0.6217 0.0078 0.0117
0 0.2715 0.6328 0.0059 0.0104
0 0.2812 0.6465 0.0059 0.0143
0 0.2681 0.5938 0.0068 0.0104
0 0.2617 0.6243 0.0059 0.0091
0 0.228 0.6211 0.0068 0.0104
0 0.1797 0.7201 0.0137 0.0234
0 0.1997 0.6452 0.0088 0.0143
0 0.2666 0.7155 0.0156 0.0247
0 0.1655 0.7083 0.0088 0.0104
0 0.3496 0.7643 0.0098 0.026
0 0.3716 0.7344 0.0088 0.0208
0 0.3057 0.6211 0.0059 0.013
0 0.3018 0.625 0.0078 0.013
0 0.3408 0.7103 0.0098 0.0169
0 0.1821 0.6589 0.0068 0.0104
0 0.1943 0.6257 0.0098 0.0169
0 0.2388 0.5931 0.0068 0.0091
0 0.3013 0.5885 0.0049 0.0078
0 0.3979 0.7741 0.0127 0.0195
0 0.397 0.7363 0.0107 0.0247
0 0.4219 0.7077 0.0117 0.0195
0 0.4507 0.6953 0.0088 0.0182
0 0.4219 0.6823 0.0059 0.0156
0 0.4194 0.7318 0.0068 0.0156
0 0.333 0.5977 0.0059 0.0104
0 0.3496 0.6068 0.0039 0.0078
0 0.3525 0.6257 0.0059 0.0091
0 0.5127 0.625 0.0059 0.0104
0 0.5132 0.6087 0.0068 0.0091
0 0.5586 0.6191 0.0039 0.0091
0 0.5815 0.6263 0.0049 0.0104
0 0.5674 0.6061 0.0059 0.0091
0 0.5371 0.6172 0.0059 0.0104
0 0.6113 0.7181 0.0098 0.0169
0 0.6455 0.7311 0.0098 0.0195
0 0.6479 0.6673 0.0068 0.0143
0 0.6357 0.6699 0.0039 0.0091
0 0.6724 0.7155 0.0068 0.0143
0 0.624 0.8203 0.0117 0.0286
0 0.6782 0.7474 0.0068 0.0182
0 0.6162 0.8555 0.0156 0.0286
0 0.5527 0.9128 0.0137 0.0417
0 0.4287 0.8691 0.0156 0.0352
0 0.4644 0.9759 0.0322 0.043
0 0.6729 0.6634 0.0059 0.0117
0 0.6851 0.6608 0.0049 0.0143
0 0.688 0.6777 0.0049 0.0117
0 0.7656 0.6732 0.0059 0.013
0 0.7095 0.7389 0.0068 0.0169
0 0.7095 0.6536 0.0049 0.0104
0 0.4077 0.6992 0.0068 0.013
0 0.4751 0.6198 0.0049 0.0104
0 0.4326 0.6204 0.0059 0.0091
0 0.3818 0.6087 0.0059 0.0091
0 0.7354 0.8457 0.0156 0.0326
0 0.6616 0.8685 0.0146 0.0234
0 0.6548 0.9049 0.0127 0.0286
0 0.6768 0.9818 0.0332 0.0339
0 0.8047 0.821 0.0137 0.0299
0 0.8374 0.8822 0.0225 0.043
0 0.9033 0.8151 0.0137 0.0312
0 0.9429 0.8281 0.0127 0.0234
0 0.7842 0.862 0.0137 0.026
0 0.8486 0.8444 0.0098 0.0247
0 0.4102 0.7337 0.0098 0.0169
0 0.5859 0.7389 0.0098 0.0143
0 0.5273 0.6914 0.0078 0.0182
0 0.709 0.6719 0.0059 0.013
0 0.2002 0.6816 0.0059 0.0143
0 0.2344 0.5768 0.0078 0.013
0 0.2251 0.5723 0.0068 0.0117
0 0.8247 0.6361 0.0049 0.0117
0 0.8135 0.6237 0.0059 0.0078
0 0.8545 0.625 0.0039 0.0078
0 0.9058 0.6882 0.0088 0.0143
