0 0.6812 0.6975 0.1201 0.2175
0 0.7588 0.4172 0.1094 0.2071
0 0.896 0.4837 0.0283 0.0562
0 0.9341 0.4845 0.0186 0.0399
0 0.8867 0.4364 0.0156 0.0325
0 0.9751 0.4852 0.0146 0.0266
0 0.4639 0.2825 0.0508 0.1243
0 0.4434 0.2522 0.0293 0.0607
0 0.4312 0.2175 0.0244 0.0533
0 0.6099 0.3291 0.0264 0.0636
0 0.623 0.2714 0.0156 0.0311
0 0.5947 0.2626 0.0117 0.0251
0 0.5786 0.2611 0.0127 0.0281
0 0.3701 0.1494 0.0215 0.0414
0 0.3413 0.1139 0.0264 0.0592
0 0.2598 0.1568 0.0723 0.1095
0 0.2607 0.0784 0.0352 0.0562
0 0.2344 0.4334 0.082 0.1598
0 0.1455 0.0828 0.0391 0.071
0 0.2119 0.0429 0.0195 0.0473
0 0.2378 0.0266 0.0186 0.0355
0 0.2373 0.0562 0.0215 0.0503
