0 0.0483 0.9062 0.0322 0.066
0 0.2178 0.9705 0.0449 0.0556
0 0.2651 0.9722 0.0342 0.0486
0 0.2935 0.901 0.0205 0.0486
0 0.2266 0.8689 0.0215 0.0503
0 0.2461 0.7847 0.0254 0.0521
0 0.1689 0.5712 0.0215 0.0451
0 0.3911 0.7465 0.0264 0.066
0 0.3916 0.5859 0.0195 0.0434
0 0.269 0.553 0.0166 0.0469
0 0.0845 0.6823 0.0205 0.0451
0 0.106 0.7578 0.0205 0.0538
0 0.0576 0.7431 0.0332 0.0729
0 0.0239 0.4601 0.0264 0.0556
0 0.1187 0.4427 0.0186 0.0382
0 0.2188 0.4071 0.0176 0.0365
0 0.2451 0.4271 0.0176 0.0382
0 0.231 0.3681 0.0107 0.0208
0 0.2456 0.3681 0.0088 0.0243
0 0.2539 0.3064 0.0098 0.026
0 0.2573 0.3394 0.0088 0.0226
0 0.2368 0.2986 0.0127 0.0312
0 0.25 0.2708 0.0117 0.0243
0 0.2007 0.3411 0.0166 0.0295
0 0.125 0.3741 0.0098 0.0295
0 0.1587 0.3194 0.0107 0.0174
0 0.1846 0.2925 0.0137 0.026
0 0.1084 0.3411 0.0117 0.0226
0 0.0327 0.3767 0.0186 0.0312
0 0.0166 0.3542 0.0117 0.0278
0 0.0874 0.263 0.0107 0.0226
0 0.0483 0.2656 0.0127 0.0278
0 0.0308 0.2361 0.0107 0.0243
0 0.02 0.2396 0.0107 0.0208
0 0.0889 0.3377 0.0117 0.026
0 0.1064 0.3142 0.0078 0.0174
0 0.1343 0.3281 0.0127 0.0243
0 0.1357 0.309 0.0098 0.0174
0 0.1348 0.2873 0.0078 0.0156
0 0.146 0.2891 0.0107 0.0191
0 0.187 0.2352 0.0068 0.0191
0 0.1699 0.2457 0.0098 0.0226
0 0.2227 0.2135 0.0098 0.0243
0 0.2393 0.2231 0.0117 0.026
0 0.2622 0.1788 0.0088 0.0208
0 0.2651 0.2161 0.0088 0.026
0 0.1987 0.2465 0.0107 0.0174
0 0.1997 0.2075 0.0088 0.0122
0 0.2104 0.2092 0.0068 0.0156
0 0.1255 0.2396 0.0107 0.0243
0 0.1094 0.2604 0.0078 0.0174
0 0.1167 0.25 0.0088 0.0174
0 0.0771 0.2387 0.0078 0.0191
0 0.1021 0.2153 0.0068 0.0208
0 0.0977 0.2274 0.0078 0.0174
0 0.061 0.1858 0.0107 0.0208
0 0.0337 0.1823 0.0088 0.0208
0 0.0376 0.1962 0.0107 0.0174
0 0.0103 0.158 0.0068 0.0174
0 0.0283 0.1493 0.0078 0.0174
0 0.0752 0.1832 0.0059 0.0122
0 0.083 0.1997 0.0078 0.0139
0 0.0942 0.1944 0.0088 0.0243
0 0.1069 0.2196 0.0068 0.0191
0 0.147 0.1953 0.0068 0.0122
0 0.1343 0.2153 0.0068 0.0104
0 0.1484 0.1641 0.0078 0.0156
0 0.1021 0.1814 0.0068 0.0156
0 0.0581 0.1736 0.0088 0.0139
0 0.0527 0.1944 0.0078 0.0208
0 0.1606 0.1997 0.0049 0.0139
0 0.1729 0.171 0.0078 0.0191
0 0.1826 0.1788 0.0078 0.0208
0 0.1997 0.1684 0.0068 0.0208
0 0.0933 0.171 0.0088 0.0156
0 0.1348 0.0859 0.0059 0.0122
0 0.0923 0.0686 0.0068 0.0122
0 0.1123 0.0677 0.0039 0.0104
0 0.2363 0.1016 0.0059 0.0156
0 0.1943 0.1649 0.0059 0.0139
0 0.2129 0.1753 0.0078 0.0139
0 0.1592 0.099 0.0039 0.0139
0 0.1841 0.1024 0.0049 0.0139
0 0.0234 0.1102 0.0039 0.0122
0 0.02 0.0851 0.0049 0.0104
0 0.0342 0.0738 0.0059 0.0122
0 0.0259 0.0495 0.0049 0.0087
0 0.0083 0.0547 0.0049 0.0122
0 0.0107 0.0582 0.0039 0.0122
0 0.0679 0.066 0.0049 0.0104
0 0.0776 0.079 0.0049 0.0122
0 0.0957 0.0929 0.0059 0.0156
0 0.8101 0.941 0.0439 0.0868
0 0.7451 0.9731 0.0312 0.0434
0 0.6533 0.9688 0.0293 0.0556
0 0.584 0.9757 0.041 0.0451
0 0.5137 0.9514 0.0371 0.0486
0 0.4395 0.7344 0.0215 0.059
0 0.3916 0.6276 0.0215 0.0365
0 0.4556 0.6806 0.0225 0.0451
0 0.4956 0.6901 0.0205 0.0295
0 0.5005 0.7986 0.0244 0.0486
0 0.5039 0.8238 0.0137 0.0469
0 0.5684 0.862 0.0254 0.0538
0 0.5435 0.7457 0.0186 0.0399
0 0.6245 0.8038 0.0283 0.0625
0 0.6953 0.8047 0.0332 0.0677
0 0.7881 0.8793 0.0273 0.0503
0 0.8809 0.7665 0.0254 0.0677
0 0.9561 0.7856 0.0352 0.0747
0 0.7886 0.6076 0.0264 0.0486
0 0.8999 0.6207 0.0205 0.0503
0 0.8877 0.5139 0.0234 0.0521
0 0.9409 0.5503 0.0225 0.0451
0 0.9663 0.5929 0.0107 0.033
0 0.9683 0.6528 0.0127 0.0347
0 0.916 0.7656 0.0215 0.0486
0 0.854 0.6745 0.0205 0.026
0 0.5142 0.6528 0.0107 0.0278
0 0.8535 0.4722 0.0117 0.0347
0 0.8086 0.4531 0.0156 0.0347
0 0.8403 0.4783 0.0088 0.0191
0 0.9038 0.3585 0.0146 0.0295
0 0.8364 0.4149 0.0127 0.0278
0 0.8071 0.3707 0.0107 0.0295
0 0.8442 0.3715 0.0127 0.0312
0 0.8228 0.3342 0.0068 0.0191
0 0.626 0.2734 0.0098 0.0226
0 0.6069 0.2509 0.0088 0.0156
0 0.5962 0.3299 0.0107 0.0208
0 0.6265 0.329 0.0107 0.026
0 0.6079 0.3464 0.0088 0.0156
0 0.5933 0.3637 0.0107 0.0156
0 0.646 0.2387 0.0068 0.0156
0 0.6689 0.2665 0.0059 0.0191
0 0.6758 0.2405 0.0078 0.0156
0 0.6919 0.2387 0.0068 0.0156
0 0.5015 0.1458 0.0068 0.0174
0 0.4775 0.178 0.0078 0.0122
0 0.3545 0.151 0.0078 0.0139
0 0.2993 0.1059 0.0068 0.0174
0 0.4189 0.1224 0.0059 0.0122
0 0.4082 0.1719 0.0059 0.0139
0 0.5034 0.1806 0.0088 0.0174
0 0.5273 0.138 0.0078 0.026
0 0.7949 0.3281 0.0059 0.0208
0 0.8013 0.3099 0.0068 0.0156
0 0.7905 0.2951 0.0068 0.0174
0 0.8496 0.3307 0.0059 0.0191
0 0.8818 0.2917 0.0078 0.0174
0 0.8682 0.2622 0.0078 0.0174
0 0.8257 0.2491 0.0107 0.0191
0 0.7739 0.2517 0.0068 0.0139
0 0.7388 0.25 0.0088 0.0139
0 0.7622 0.2509 0.0068 0.0156
0 0.9014 0.2457 0.0078 0.0191
0 0.9028 0.3064 0.0068 0.0156
0 0.876 0.3082 0.0078 0.0156
0 0.8374 0.2717 0.0068 0.0156
0 0.833 0.2457 0.0059 0.0156
0 0.8604 0.2309 0.0059 0.0139
0 0.9155 0.2891 0.0088 0.026
0 0.9131 0.3116 0.0078 0.0191
0 0.9541 0.3759 0.0078 0.026
0 0.96 0.2639 0.0098 0.0208
0 0.9429 0.2222 0.0068 0.0174
0 0.9395 0.2977 0.0078 0.0226
0 0.9702 0.1849 0.0068 0.0191
0 0.9087 0.1823 0.0068 0.0139
0 0.8945 0.1901 0.0059 0.0122
0 0.8628 0.2083 0.0088 0.0208
0 0.7632 0.2161 0.0088 0.0122
0 0.7451 0.2083 0.0059 0.0104
0 0.7949 0.1944 0.0059 0.0104
0 0.8008 0.2161 0.0059 0.0087
0 0.8213 0.1988 0.0078 0.0156
0 0.8735 0.1562 0.0068 0.0174
0 0.9053 0.1632 0.0059 0.0104
0 0.9375 0.171 0.0059 0.0122
0 0.9375 0.197 0.0059 0.0122
0 0.9463 0.1476 0.0039 0.0104
0 0.9736 0.1597 0.0059 0.0139
0 0.9893 0.1467 0.0059 0.0156
0 0.9678 0.1441 0.0059 0.0139
0 0.8447 0.1866 0.0059 0.0122
0 0.8599 0.1866 0.0068 0.0122
0 0.8442 0.2005 0.0068 0.0122
0 0.8306 0.2231 0.0068 0.0191
0 0.8262 0.2023 0.0039 0.0087
0 0.833 0.1927 0.0039 0.0104
0 0.8228 0.1667 0.0049 0.0139
0 0.8247 0.145 0.0049 0.0087
0 0.812 0.1372 0.0049 0.0139
0 0.8501 0.1372 0.0049 0.0104
0 0.6411 0.1918 0.0049 0.0156
0 0.644 0.2231 0.0049 0.0087
0 0.6738 0.197 0.0078 0.0156
0 0.7051 0.1866 0.0059 0.0156
0 0.6606 0.151 0.0068 0.0174
0 0.6753 0.1545 0.0049 0.0104
0 0.6743 0.1788 0.0088 0.0139
0 0.6865 0.151 0.0059 0.0104
0 0.6323 0.1458 0.0068 0.0174
0 0.5488 0.1745 0.0059 0.0122
0 0.6694 0.1285 0.0049 0.0104
0 0.6821 0.1172 0.0049 0.0122
0 0.7095 0.1233 0.0068 0.0139
0 0.7319 0.1458 0.0049 0.0139
0 0.6045 0.112 0.0059 0.0122
0 0.5684 0.1415 0.0059 0.0122
0 0.5532 0.1484 0.0068 0.0156
0 0.562 0.0972 0.0049 0.0104
0 0.5825 0.1033 0.0049 0.0122
0 0.7646 0.1328 0.0039 0.0122
0 0.791 0.1788 0.0059 0.0139
0 0.7764 0.1684 0.0059 0.0139
0 0.7432 0.1259 0.0059 0.0122
0 0.7544 0.1762 0.0049 0.0122
0 0.7969 0.1415 0.0059 0.0087
0 0.7871 0.1424 0.0059 0.0139
