0 0.0229 0.4025 0.0166 0.0279
0 0.0459 0.4069 0.0117 0.022
0 0.1152 0.39 0.0547 0.0821
0 0.1001 0.4589 0.0479 0.0821
0 0.1782 0.4399 0.0186 0.0323
0 0.1895 0.4465 0.0098 0.0161
0 0.2637 0.4443 0.0176 0.0323
0 0.29 0.4589 0.0156 0.0264
0 0.3535 0.4927 0.0176 0.0293
0 0.3418 0.4787 0.0098 0.022
0 0.3799 0.4589 0.0078 0.0117
0 0.3906 0.4633 0.0039 0.0088
0 0.4062 0.4692 0.0078 0.0205
0 0.4438 0.478 0.0068 0.0117
0 0.4873 0.4846 0.0098 0.0161
0 0.4951 0.4941 0.0117 0.0205
0 0.5142 0.4802 0.0029 0.0073
0 0.5283 0.4912 0.0137 0.0235
0 0.5762 0.5066 0.0059 0.0132
0 0.5278 0.6826 0.0166 0.0367
0 0.6196 0.489 0.0127 0.0249
0 0.6543 0.5073 0.0078 0.0147
0 0.6914 0.5037 0.0137 0.0249
0 0.772 0.5257 0.0127 0.0191
0 0.7925 0.5543 0.0166 0.0323
0 0.7998 0.5242 0.0117 0.022
0 0.8149 0.6525 0.0264 0.0411
0 0.8423 0.5374 0.0088 0.0161
0 0.8623 0.5462 0.0137 0.0191
0 0.9058 0.5572 0.0166 0.0293
0 0.939 0.5499 0.0186 0.0293
0 0.9814 0.5469 0.0117 0.0176
