0 0.0229 0.4701 0.0088 0.0156
0 0.0688 0.4805 0.0088 0.013
0 0.0928 0.4733 0.0098 0.0143
0 0.208 0.4648 0.0098 0.0156
0 0.2334 0.4889 0.0137 0.0221
0 0.3765 0.5104 0.0088 0.013
0 0.3906 0.5026 0.0059 0.0104
0 0.4502 0.4661 0.0078 0.0104
0 0.3516 0.4609 0.0059 0.0078
0 0.355 0.4544 0.0049 0.0078
0 0.3872 0.4727 0.0068 0.0078
0 0.4058 0.4733 0.0068 0.0143
0 0.5708 0.472 0.0088 0.0117
0 0.564 0.4616 0.0068 0.0091
0 0.5991 0.5443 0.0127 0.0182
0 0.6558 0.4792 0.0146 0.0234
0 0.687 0.5065 0.0127 0.0208
0 0.7085 0.4779 0.0088 0.0156
0 0.7183 0.4766 0.0068 0.0104
0 0.7129 0.4616 0.0059 0.0091
0 0.7324 0.4525 0.0059 0.0091
0 0.7466 0.4896 0.0107 0.0156
0 0.7661 0.4551 0.0068 0.0117
0 0.7842 0.4661 0.0078 0.013
0 0.6904 0.4759 0.0117 0.0169
0 0.7407 0.4661 0.0088 0.013
0 0.7739 0.4701 0.0068 0.0104
0 0.8228 0.4616 0.0068 0.0091
0 0.8452 0.4616 0.0068 0.0091
0 0.8589 0.4583 0.0068 0.0104
