0 0.8633 0.6367 0.0781 0.136
0 0.8179 0.4934 0.0479 0.0892
0 0.6606 0.5592 0.0518 0.095
0 0.062 0.6016 0.0576 0.1009
0 0.3105 0.5168 0.0527 0.0746
0 0.8413 0.3787 0.0439 0.076
0 0.8989 0.356 0.0322 0.0658
0 0.9429 0.3224 0.0225 0.0512
0 0.9043 0.28 0.0195 0.0424
0 0.9561 0.2537 0.0117 0.0249
0 0.916 0.2485 0.0137 0.0263
0 0.8877 0.2244 0.0117 0.019
0 0.853 0.25 0.0166 0.0322
0 0.8257 0.2069 0.0107 0.019
0 0.7959 0.2427 0.0195 0.0351
0 0.8354 0.193 0.0068 0.0117
0 0.79 0.3472 0.0332 0.0541
0 0.7305 0.3297 0.043 0.0716
0 0.1309 0.443 0.0781 0.0789
0 0.0708 0.356 0.042 0.0541
0 0.21 0.3151 0.0293 0.0541
0 0.1621 0.2566 0.0312 0.0482
0 0.1426 0.2339 0.0176 0.0351
0 0.0713 0.231 0.0215 0.038
0 0.0288 0.2624 0.0244 0.0453
0 0.0337 0.2025 0.0166 0.0278
0 0.123 0.2135 0.0137 0.0234
0 0.0962 0.2961 0.0264 0.0278
0 0.3306 0.3165 0.0322 0.057
0 0.2773 0.2895 0.0215 0.0439
0 0.3516 0.2654 0.0254 0.0482
0 0.2412 0.2405 0.0176 0.0365
0 0.0947 0.2018 0.0098 0.0205
0 0.1548 0.1886 0.0088 0.0205
0 0.4243 0.2741 0.0264 0.0541
0 0.5288 0.2507 0.0205 0.0395
0 0.5059 0.3465 0.0332 0.0643
0 0.4502 0.2675 0.0156 0.0322
0 0.4092 0.2346 0.0137 0.0278
0 0.666 0.3129 0.0234 0.0439
0 0.644 0.261 0.0225 0.0453
0 0.7275 0.231 0.0117 0.0205
0 0.6772 0.2354 0.0127 0.0263
0 0.5728 0.2727 0.0205 0.0365
0 0.5996 0.2471 0.0117 0.0263
0 0.6079 0.2281 0.0107 0.0205
0 0.4717 0.2814 0.0137 0.0307
0 0.3057 0.2471 0.0137 0.0263
0 0.1895 0.2025 0.0137 0.0249
0 0.0854 0.1594 0.0068 0.0146
0 0.019 0.1871 0.0107 0.0205
0 0.7896 0.2054 0.0127 0.0249
0 0.8101 0.2442 0.0107 0.0234
0 0.7715 0.2149 0.0078 0.0146
0 0.7617 0.2039 0.0078 0.0161
0 0.1211 0.1615 0.0039 0.0073
0 0.2773 0.2054 0.0078 0.0219
0 0.2881 0.2208 0.0078 0.0146
0 0.3125 0.2083 0.0078 0.0219
0 0.2959 0.2076 0.0117 0.0234
0 0.3315 0.2208 0.0107 0.0234
0 0.4136 0.2039 0.0107 0.0219
0 0.3936 0.2018 0.0078 0.0146
0 0.3457 0.1791 0.0098 0.019
0 0.3789 0.2412 0.0137 0.0292
0 0.2812 0.163 0.0078 0.0132
0 0.4341 0.1981 0.0107 0.0219
0 0.4595 0.1842 0.0107 0.0205
0 0.4922 0.2054 0.0098 0.019
0 0.3765 0.2018 0.0088 0.0175
0 0.9678 0.201 0.0059 0.0102
0 0.9893 0.2076 0.0059 0.0117
0 0.9565 0.2047 0.0068 0.0117
0 0.9199 0.2113 0.0078 0.0132
0 0.7295 0.1901 0.0039 0.0117
0 0.7461 0.1835 0.0059 0.0102
0 0.8643 0.2105 0.0059 0.0117
0 0.8584 0.2047 0.0059 0.0088
0 0.687 0.1871 0.0068 0.0146
0 0.6519 0.1901 0.0068 0.0146
0 0.666 0.1864 0.0039 0.0102
0 0.6191 0.1915 0.0078 0.0175
0 0.6333 0.1798 0.0049 0.0117
0 0.6299 0.1952 0.0078 0.0161
0 0.6943 0.2222 0.0078 0.0175
0 0.5874 0.1908 0.0068 0.0132
0 0.5967 0.1981 0.0078 0.0161
0 0.5981 0.1827 0.0068 0.0117
0 0.5728 0.1791 0.0068 0.0132
0 0.5493 0.1827 0.0088 0.0175
0 0.5234 0.1842 0.0059 0.0146
0 0.5107 0.2098 0.0078 0.019
0 0.3545 0.2178 0.0098 0.0234
0 0.7324 0.258 0.0117 0.0219
0 0.689 0.2449 0.0088 0.0161
0 0.4805 0.2135 0.0098 0.0234
0 0.748 0.2434 0.0117 0.0219
0 0.5112 0.1718 0.0068 0.0132
0 0.3608 0.1806 0.0068 0.019
0 0.144 0.1776 0.0088 0.0219
0 0.1758 0.1696 0.0059 0.0117
0 0.3076 0.174 0.0098 0.0146
0 0.2642 0.2339 0.0127 0.0263
0 0.9863 0.5358 0.0254 0.0804
0 0.8281 0.3114 0.0293 0.0351
0 0.8779 0.22 0.0117 0.0219
0 0.0034 0.2098 0.0088 0.0336
0 0.0107 0.2537 0.0176 0.0336
