0 0.1753 0.3192 0.0713 0.1757
0 0.2358 0.3375 0.0283 0.0542
0 0.2832 0.4063 0.0547 0.101
0 0.3208 0.3411 0.0283 0.0556
0 0.3833 0.3536 0.04 0.0747
0 0.3774 0.4253 0.0596 0.0893
0 0.4209 0.3668 0.0176 0.0337
0 0.4429 0.3763 0.0127 0.0176
0 0.4604 0.3485 0.0303 0.0498
0 0.5161 0.3704 0.0381 0.0703
0 0.5728 0.3616 0.0244 0.0556
0 0.6191 0.3411 0.0332 0.0586
0 0.5005 0.1567 0.0068 0.0146
0 0.522 0.1603 0.0088 0.0161
0 0.561 0.1559 0.0049 0.0161
0 0.5845 0.0937 0.0068 0.0176
0 0.6318 0.0944 0.0078 0.0161
0 0.6489 0.1735 0.0068 0.0132
0 0.5386 0.1962 0.0068 0.0146
0 0.7544 0.2628 0.0674 0.1215
0 0.9404 0.358 0.1094 0.1772
