0 0.9404 0.2624 0.0176 0.0355
0 0.9253 0.2562 0.0127 0.023
0 0.8799 0.2863 0.0156 0.0337
0 0.8481 0.1454 0.0107 0.0284
0 0.8682 0.4131 0.0352 0.0638
0 0.7031 0.1117 0.0156 0.0319
0 0.6353 0.086 0.0146 0.0301
0 0.5781 0.1223 0.0156 0.0319
0 0.7197 0.4796 0.1172 0.3067
0 0.6123 0.4371 0.0508 0.1046
0 0.5371 0.3883 0.0137 0.039
0 0.4946 0.4371 0.0225 0.0656
0 0.3701 0.32 0.0762 0.1684
0 0.3267 0.3936 0.0322 0.0603
0 0.2793 0.4388 0.0371 0.094
0 0.1182 0.3901 0.0605 0.117
0 0.5259 0.1436 0.0146 0.0248
