0 0.854 0.7593 0.0127 0.021
0 0.8638 0.7265 0.0088 0.0198
0 0.8721 0.6757 0.0078 0.0173
0 0.6855 0.7896 0.0137 0.0248
0 0.1265 0.8255 0.0146 0.0248
0 0.061 0.7661 0.0146 0.0198
0 0.4175 0.7457 0.0127 0.021
0 0.4004 0.7358 0.0137 0.0186
0 0.3721 0.7556 0.0117 0.0186
0 0.4478 0.7438 0.0088 0.0124
0 0.5215 0.7351 0.0098 0.0124
0 0.9688 0.7067 0.0098 0.0173
0 0.9287 0.698 0.0098 0.0173
0 0.8105 0.6374 0.0098 0.0149
0 0.8071 0.7203 0.0107 0.0223
0 0.897 0.7123 0.0088 0.0161
0 0.8467 0.7141 0.0078 0.0173
0 0.7539 0.7438 0.0117 0.0198
0 0.5454 0.7605 0.0127 0.021
0 0.6221 0.7618 0.0117 0.021
0 0.6128 0.6807 0.0127 0.0223
0 0.5913 0.6572 0.0107 0.0198
0 0.5713 0.6473 0.0117 0.0198
0 0.6284 0.6535 0.0107 0.0149
0 0.5928 0.6361 0.0117 0.0173
0 0.6221 0.6702 0.0098 0.0136
0 0.6855 0.6479 0.0137 0.021
0 0.7085 0.6139 0.0107 0.0173
0 0.7109 0.6553 0.0098 0.0136
0 0.6772 0.6058 0.0127 0.0161
0 0.6523 0.638 0.0098 0.0136
0 0.6602 0.638 0.0078 0.0161
0 0.6377 0.6064 0.0117 0.0173
0 0.6494 0.5953 0.0098 0.0173
0 0.6313 0.5563 0.0068 0.0136
0 0.7153 0.565 0.0107 0.0136
0 0.5962 0.6101 0.0107 0.0173
0 0.5757 0.6083 0.0107 0.0161
0 0.541 0.5984 0.0117 0.021
0 0.5264 0.5978 0.0098 0.0173
0 0.5415 0.5606 0.0088 0.0124
0 0.478 0.5743 0.0107 0.0198
0 0.4546 0.6256 0.0088 0.0161
0 0.4209 0.5897 0.0098 0.0161
0 0.4087 0.5712 0.0088 0.0136
0 0.4336 0.5464 0.0098 0.0161
0 0.4839 0.6077 0.0107 0.0173
0 0.5073 0.6312 0.0088 0.0173
0 0.4131 0.6219 0.0078 0.0161
0 0.3945 0.5575 0.0098 0.0161
0 0.4038 0.5947 0.0068 0.0161
0 0.4409 0.6448 0.0088 0.0223
0 0.418 0.6559 0.0098 0.0173
0 0.5039 0.664 0.0098 0.0186
0 0.3403 0.6658 0.0127 0.0223
0 0.3237 0.6627 0.0107 0.0186
0 0.3252 0.5934 0.0098 0.0161
0 0.3506 0.6071 0.0078 0.0136
0 0.373 0.7104 0.0098 0.0198
0 0.189 0.651 0.0107 0.0198
0 0.1436 0.6293 0.0098 0.0186
0 0.2563 0.6609 0.0107 0.0149
0 0.2729 0.6238 0.0068 0.0149
0 0.252 0.6287 0.0078 0.0149
0 0.1655 0.6708 0.0088 0.0149
0 0.291 0.6002 0.0078 0.0173
0 0.0962 0.6665 0.0127 0.0235
0 0.0337 0.672 0.0107 0.0173
0 0.0405 0.586 0.0088 0.0161
0 0.0273 0.5996 0.0078 0.0161
0 0.0439 0.56 0.0098 0.0161
0 0.1138 0.5761 0.0127 0.0186
0 0.1851 0.578 0.0127 0.0223
0 0.1934 0.5149 0.0117 0.0173
0 0.2524 0.5 0.0107 0.0173
0 0.2788 0.5377 0.0088 0.0161
0 0.1812 0.5297 0.0107 0.0173
0 0.1655 0.552 0.0088 0.0149
0 0.0879 0.5829 0.0098 0.0173
0 0.0522 0.5297 0.0088 0.0149
0 0.0981 0.5105 0.0068 0.0136
0 0.0664 0.4975 0.0078 0.0124
0 0.0713 0.5402 0.0098 0.0136
0 0.0151 0.5712 0.0205 0.026
0 0.1055 0.6182 0.0078 0.0186
0 0.0581 0.6795 0.0088 0.0124
0 0.127 0.4152 0.0078 0.0136
0 0.1128 0.4672 0.0088 0.0161
0 0.126 0.4604 0.0078 0.0149
0 0.1323 0.4573 0.0068 0.0111
0 0.146 0.453 0.0068 0.0124
0 0.1587 0.4233 0.0068 0.0099
0 0.2119 0.5118 0.0078 0.0136
0 0.1807 0.3849 0.0078 0.0124
0 0.1851 0.3682 0.0068 0.0111
0 0.1963 0.367 0.0059 0.0111
0 0.25 0.3793 0.0078 0.0136
0 0.2144 0.367 0.0049 0.0087
0 0.2773 0.4121 0.0078 0.0124
0 0.3506 0.4257 0.0078 0.0124
0 0.3994 0.4196 0.0078 0.0124
0 0.3789 0.4907 0.0078 0.0136
0 0.3979 0.479 0.0068 0.0124
0 0.2764 0.3911 0.0059 0.0099
0 0.4155 0.3892 0.0068 0.0111
0 0.3784 0.4301 0.0068 0.0111
0 0.3135 0.4752 0.0059 0.0124
0 0.248 0.453 0.0059 0.0124
0 0.3389 0.3793 0.0059 0.0111
0 0.5205 0.5105 0.0098 0.0161
0 0.439 0.4913 0.0088 0.0149
0 0.6616 0.5099 0.0088 0.0149
0 0.626 0.5155 0.0078 0.0161
0 0.5327 0.5136 0.0088 0.0149
0 0.6602 0.5718 0.0078 0.0173
0 0.8613 0.5854 0.0098 0.0173
0 0.8115 0.5842 0.0098 0.0198
0 0.7715 0.5538 0.0078 0.0161
0 0.7993 0.5353 0.0088 0.0186
0 0.8325 0.5155 0.0088 0.0136
0 0.8618 0.539 0.0088 0.0136
0 0.8618 0.5551 0.0088 0.0161
0 0.7612 0.6287 0.0068 0.0124
0 0.7422 0.5173 0.0078 0.0124
0 0.8281 0.5062 0.0098 0.0173
0 0.8838 0.5161 0.0059 0.0124
0 0.9639 0.5835 0.0098 0.0161
0 0.9482 0.5798 0.0078 0.0186
0 0.8809 0.7011 0.0078 0.0161
0 0.9414 0.69 0.0078 0.0161
0 0.7598 0.4771 0.0078 0.0136
0 0.7549 0.4616 0.0078 0.0149
0 0.6587 0.4678 0.0088 0.0149
0 0.667 0.4406 0.0098 0.0149
0 0.71 0.4468 0.0059 0.0099
0 0.7256 0.4585 0.0059 0.0111
0 0.7363 0.4536 0.0078 0.0111
0 0.8076 0.4561 0.0078 0.0111
0 0.7842 0.4146 0.0078 0.0124
0 0.8394 0.4276 0.0088 0.0161
0 0.8789 0.448 0.0098 0.0149
0 0.8867 0.4264 0.0078 0.0136
0 0.7563 0.3713 0.0068 0.0099
0 0.6694 0.4097 0.0068 0.0124
0 0.7979 0.3657 0.0059 0.0111
0 0.7358 0.3342 0.0068 0.0099
0 0.5811 0.4165 0.0078 0.0111
0 0.5015 0.4394 0.0088 0.0124
0 0.5005 0.4152 0.0049 0.0111
0 0.4551 0.2271 0.0039 0.0062
0 0.4287 0.2376 0.0039 0.0074
0 0.4087 0.2587 0.0049 0.0074
0 0.4233 0.2512 0.0049 0.0074
0 0.4336 0.2574 0.0039 0.0074
0 0.394 0.245 0.0049 0.0074
0 0.395 0.2735 0.0049 0.0074
0 0.2573 0.3113 0.0068 0.0111
0 0.8296 0.5476 0.0068 0.0136
0 0.9917 0.5767 0.0107 0.0198
0 0.9062 0.8793 0.0137 0.0235
0 0.7783 0.8379 0.0098 0.0198
0 0.6528 0.8274 0.0127 0.021
0 0.5742 0.2673 0.0039 0.0074
0 0.6367 0.2964 0.0039 0.0087
0 0.6284 0.3007 0.0049 0.0074
0 0.2603 0.185 0.0107 0.0136
0 0.1152 0.6442 0.0137 0.0186
0 0.8125 0.4759 0.0098 0.0186
0 0.7598 0.3923 0.0078 0.0198
0 0.9512 0.7649 0.0137 0.0223
0 0.8853 0.5941 0.0127 0.0223
0 0.0225 0.4722 0.0098 0.0136
0 0.3345 0.5631 0.0107 0.0198
0 0.3496 0.5328 0.0117 0.0161
0 0.3701 0.5229 0.0098 0.0161
0 0.356 0.5743 0.0107 0.0173
0 0.1523 0.448 0.0098 0.0173
0 0.3564 0.6238 0.0137 0.0198
0 0.4292 0.6665 0.0107 0.021
0 0.5552 0.6974 0.0107 0.021
0 0.0825 0.7073 0.0107 0.0186
0 0.2612 0.6739 0.0088 0.0161
0 0.0205 0.3354 0.0078 0.0124
0 0.0776 0.3861 0.0107 0.0149
