0 0.1069 0.4776 0.04 0.0509
0 0.1377 0.4113 0.0254 0.0417
0 0.1812 0.4452 0.0303 0.0694
0 0.2129 0.3835 0.0176 0.0355
0 0.0098 0.3904 0.0215 0.0432
0 0.0449 0.4452 0.0332 0.0756
0 0.0166 0.3472 0.0078 0.0123
0 0.0337 0.3457 0.0068 0.0123
0 0.0591 0.3318 0.0068 0.0123
0 0.0801 0.3781 0.0078 0.0123
0 0.0801 0.3326 0.0059 0.0108
0 0.0864 0.331 0.0068 0.0108
0 0.1006 0.3356 0.0059 0.0108
0 0.1094 0.3526 0.0059 0.0108
0 0.0977 0.3603 0.0059 0.0108
0 0.104 0.3704 0.0049 0.0093
0 0.1133 0.3642 0.0059 0.0093
0 0.0742 0.348 0.0059 0.0108
0 0.0542 0.2824 0.0068 0.0123
0 0.0703 0.287 0.0059 0.0093
0 0.0874 0.2886 0.0068 0.0123
0 0.0435 0.3904 0.0146 0.0247
0 0.1831 0.304 0.0049 0.0093
0 0.229 0.321 0.0049 0.0093
0 0.2485 0.3164 0.0049 0.0093
0 0.2632 0.4082 0.0342 0.0694
0 0.3438 0.3997 0.0273 0.0586
0 0.3721 0.4105 0.0254 0.0494
0 0.3833 0.3248 0.04 0.091
0 0.4575 0.3796 0.0361 0.0586
0 0.4976 0.3989 0.04 0.1003
0 0.4487 0.314 0.0049 0.0108
0 0.5459 0.311 0.0078 0.0139
0 0.5605 0.3225 0.0039 0.0062
0 0.5698 0.3079 0.0049 0.0077
0 0.5801 0.3025 0.0059 0.0093
0 0.5815 0.314 0.0049 0.0077
0 0.5913 0.3056 0.0049 0.0093
0 0.605 0.3079 0.0049 0.0077
0 0.6226 0.3079 0.0049 0.0077
0 0.6338 0.3086 0.0039 0.0093
0 0.6182 0.3356 0.0059 0.0108
0 0.5972 0.341 0.0049 0.0093
0 0.5791 0.3387 0.0059 0.0077
0 0.5732 0.3364 0.0059 0.0093
0 0.6216 0.3611 0.0068 0.0123
0 0.6338 0.3426 0.0059 0.0093
0 0.6519 0.3403 0.0049 0.0077
0 0.6504 0.3117 0.0039 0.0093
0 0.665 0.3009 0.0039 0.0062
0 0.6724 0.3032 0.0049 0.0077
0 0.7124 0.3032 0.0049 0.0077
0 0.7061 0.3079 0.0039 0.0077
0 0.7236 0.3071 0.0059 0.0093
0 0.7349 0.3086 0.0049 0.0093
0 0.7446 0.3048 0.0049 0.0108
0 0.8008 0.2909 0.0059 0.0108
0 0.8218 0.2878 0.0049 0.0108
0 0.8472 0.2917 0.0049 0.0093
0 0.8379 0.2901 0.0059 0.0123
0 0.7832 0.3472 0.0332 0.0648
0 0.7295 0.3943 0.0332 0.0725
0 0.5674 0.3596 0.0117 0.0216
0 0.5591 0.4082 0.0322 0.0725
0 0.6045 0.436 0.043 0.0818
0 0.665 0.4529 0.043 0.0849
0 0.645 0.4252 0.0264 0.0602
0 0.8408 0.463 0.0605 0.1111
0 0.9482 0.3966 0.0488 0.0833
0 0.9819 0.4884 0.0342 0.0849
0 0.9199 0.2847 0.0059 0.0108
0 0.9888 0.3349 0.0068 0.0123
0 0.9966 0.3326 0.0049 0.0139
0 0.9902 0.3603 0.0098 0.0231
