0 0.0063 0.2354 0.0107 0.0172
0 0.0117 0.315 0.0176 0.0279
0 0.0449 0.3137 0.0176 0.0279
0 0.0322 0.313 0.0078 0.0159
0 0.1333 0.3084 0.0186 0.0225
0 0.1577 0.2818 0.0127 0.0119
0 0.1909 0.2606 0.0107 0.0146
0 0.2041 0.2599 0.0059 0.0133
0 0.2202 0.2513 0.0127 0.0172
0 0.2373 0.2381 0.0098 0.0119
0 0.2607 0.2341 0.0117 0.0146
0 0.2998 0.2208 0.0117 0.0146
0 0.3027 0.2546 0.0117 0.0159
0 0.2759 0.2599 0.0088 0.0106
0 0.2607 0.2805 0.0137 0.0172
0 0.2432 0.2606 0.0117 0.0172
0 0.2305 0.2805 0.0137 0.0172
0 0.2114 0.3024 0.0146 0.0186
0 0.1929 0.3103 0.0068 0.0212
0 0.1846 0.3123 0.0098 0.0199
0 0.2319 0.3322 0.0127 0.0225
0 0.2651 0.3077 0.0107 0.0186
0 0.291 0.2958 0.0078 0.0159
0 0.2969 0.313 0.0098 0.0239
0 0.3052 0.2885 0.0049 0.0119
0 0.3198 0.2255 0.0088 0.0133
0 0.248 0.368 0.0176 0.0225
0 0.291 0.3534 0.0137 0.0172
0 0.2681 0.3906 0.0264 0.0385
0 0.2241 0.4231 0.0283 0.0424
0 0.2031 0.4058 0.0156 0.0292
0 0.0386 0.4775 0.0537 0.0928
0 0.0298 0.6041 0.0576 0.1074
0 0.2021 0.5902 0.0664 0.1114
0 0.2769 0.6406 0.0752 0.122
0 0.3506 0.6446 0.0801 0.1326
0 0.0469 0.7805 0.0547 0.187
0 0.2593 0.4841 0.0479 0.1034
0 0.3257 0.3873 0.0186 0.0318
0 0.377 0.4257 0.0352 0.061
0 0.5322 0.6061 0.0488 0.1141
0 0.4883 0.563 0.043 0.1048
0 0.4678 0.5351 0.0371 0.0836
0 0.4956 0.4403 0.0518 0.0875
0 0.353 0.2195 0.0127 0.0225
0 0.3501 0.246 0.0146 0.0199
0 0.4004 0.2374 0.0117 0.0239
0 0.4053 0.3369 0.0176 0.0292
0 0.3623 0.2825 0.0117 0.0212
0 0.4253 0.2805 0.0127 0.0172
0 0.4038 0.2102 0.0107 0.0146
0 0.3906 0.1857 0.0117 0.0106
0 0.4111 0.1824 0.0137 0.0146
0 0.4346 0.2427 0.0117 0.0159
0 0.4419 0.1936 0.0068 0.0133
0 0.4551 0.2646 0.0078 0.0146
0 0.4478 0.2759 0.0068 0.008
0 0.4824 0.2553 0.0117 0.0199
0 0.4653 0.3103 0.0186 0.0265
0 0.418 0.3216 0.0156 0.0252
0 0.436 0.3316 0.0166 0.0239
0 0.4722 0.1897 0.0088 0.0159
0 0.4365 0.1731 0.0098 0.0119
0 0.458 0.1684 0.0078 0.0106
0 0.4648 0.2281 0.0098 0.0159
0 0.5264 0.2268 0.0117 0.0212
0 0.5107 0.2248 0.0117 0.0146
0 0.5205 0.2719 0.0117 0.0186
0 0.4946 0.2971 0.0107 0.0212
0 0.5327 0.3674 0.0186 0.0186
0 0.4014 0.3024 0.0098 0.0106
0 0.3662 0.25 0.0098 0.0119
0 0.3911 0.2281 0.0107 0.0159
0 0.4209 0.1658 0.0078 0.0053
0 0.481 0.3203 0.0127 0.0199
0 0.5005 0.2593 0.0068 0.0093
0 0.6621 0.5975 0.0605 0.1313
0 0.6313 0.5418 0.0088 0.0172
0 0.9116 0.5186 0.0459 0.1008
0 0.9307 0.821 0.0859 0.1088
0 0.5239 0.1472 0.0088 0.0133
0 0.457 0.2255 0.0059 0.0133
0 0.4487 0.1485 0.0068 0.0159
0 0.4619 0.1857 0.0059 0.008
0 0.4531 0.179 0.0039 0.0053
0 0.4946 0.1598 0.0068 0.0093
0 0.5542 0.1684 0.0068 0.0106
0 0.6113 0.1737 0.0078 0.0133
0 0.6367 0.1664 0.0059 0.0066
0 0.6426 0.1684 0.0098 0.008
0 0.6265 0.1386 0.0049 0.0066
0 0.5679 0.1658 0.0107 0.0133
0 0.5737 0.2129 0.0088 0.0146
0 0.5439 0.2215 0.0059 0.0053
0 0.5571 0.2447 0.0127 0.0172
0 0.5879 0.2328 0.0117 0.0172
0 0.5781 0.2401 0.0059 0.0053
0 0.5742 0.248 0.0078 0.0106
0 0.5967 0.187 0.0078 0.0053
0 0.603 0.1731 0.0068 0.0066
0 0.626 0.2089 0.0117 0.0172
0 0.6323 0.185 0.0088 0.0146
0 0.6504 0.1731 0.0059 0.0066
0 0.5669 0.3017 0.0166 0.0279
0 0.542 0.3117 0.0117 0.0133
0 0.5537 0.309 0.0078 0.008
0 0.5747 0.2818 0.0107 0.0093
0 0.6187 0.2679 0.0186 0.0292
0 0.6304 0.4045 0.0283 0.0504
0 0.5264 0.3143 0.0078 0.008
0 0.5596 0.2745 0.0078 0.0133
0 0.7578 0.2513 0.0098 0.0172
0 0.7217 0.2268 0.0059 0.008
0 0.6924 0.4005 0.0273 0.0292
0 0.7964 0.4178 0.0166 0.0398
0 0.6753 0.5206 0.0479 0.0915
0 0.7539 0.4609 0.0254 0.0385
0 0.5239 0.3588 0.0127 0.0146
0 0.811 0.4038 0.0205 0.0252
0 0.8848 0.4887 0.0391 0.0862
0 0.9102 0.4218 0.041 0.0822
0 0.957 0.3966 0.0156 0.0318
0 0.8315 0.3176 0.0186 0.0279
0 0.9048 0.3044 0.0205 0.0279
0 0.7217 0.2029 0.0117 0.0212
0 0.6992 0.1804 0.0117 0.0133
0 0.7388 0.1618 0.0107 0.0186
0 0.729 0.1645 0.0049 0.008
0 0.7539 0.1936 0.0117 0.0186
0 0.7749 0.2089 0.0107 0.0146
0 0.7729 0.1797 0.0107 0.0146
0 0.7544 0.1393 0.0049 0.008
0 0.7725 0.1373 0.0098 0.0146
0 0.7744 0.1552 0.0059 0.008
0 0.7515 0.1678 0.0049 0.0119
0 0.7373 0.0995 0.0078 0.0133
0 0.7119 0.1021 0.0078 0.0106
0 0.7773 0.1147 0.0039 0.004
0 0.8481 0.1366 0.0107 0.0106
0 0.8408 0.1777 0.0098 0.0159
0 0.8506 0.1771 0.0117 0.0146
0 0.8638 0.195 0.0107 0.0159
0 0.8774 0.1976 0.0127 0.0212
0 0.8105 0.2321 0.0117 0.0159
0 0.7861 0.1751 0.0098 0.0159
0 0.7993 0.126 0.0088 0.0106
0 0.793 0.1101 0.0078 0.0106
0 0.8022 0.2135 0.0107 0.0186
0 0.8354 0.2042 0.0107 0.0133
0 0.8799 0.1147 0.0098 0.0146
0 0.8516 0.2971 0.0195 0.0292
0 0.875 0.1313 0.0078 0.0106
0 0.8838 0.1552 0.0059 0.0053
0 0.8203 0.124 0.0078 0.0146
0 0.8223 0.1784 0.0098 0.0146
0 0.8677 0.1678 0.0049 0.0119
0 0.8071 0.2646 0.0049 0.0093
0 0.8457 0.2427 0.0059 0.0133
0 0.9082 0.1333 0.0059 0.0093
0 0.9141 0.2036 0.0098 0.0172
0 0.9082 0.2036 0.0039 0.0093
0 0.9238 0.2023 0.0117 0.0146
0 0.937 0.1711 0.0088 0.0106
0 0.9282 0.1658 0.0088 0.0133
0 0.8311 0.0895 0.0078 0.0119
0 0.9268 0.1167 0.0059 0.008
0 0.9224 0.1034 0.0088 0.0133
0 0.9229 0.1393 0.0039 0.0053
0 0.9155 0.1724 0.0049 0.008
0 0.9097 0.1724 0.0049 0.0106
0 0.9614 0.0988 0.0088 0.0146
0 0.9697 0.1658 0.0117 0.0159
0 0.9219 0.246 0.0137 0.0225
0 0.9478 0.2779 0.0166 0.0279
0 0.9629 0.2248 0.0137 0.0199
0 0.9893 0.2997 0.0137 0.0265
0 0.9683 0.2858 0.0107 0.0199
0 0.9639 0.1857 0.0117 0.0159
0 0.9927 0.1572 0.0107 0.0199
0 0.9531 0.1001 0.0059 0.0093
0 0.9575 0.1645 0.0068 0.0159
0 0.9839 0.1625 0.0088 0.0146
0 0.9775 0.2354 0.0117 0.0199
0 0.9961 0.2149 0.0059 0.0133
0 0.9487 0.1505 0.0049 0.0066
0 0.9473 0.1737 0.0059 0.0106
0 0.9805 0.0988 0.0078 0.0119
0 0.9897 0.7023 0.0186 0.1127
0 0.8955 0.6094 0.041 0.065
0 0.3848 0.3733 0.0117 0.0225
0 0.1733 0.2898 0.0068 0.0146
0 0.4199 0.244 0.0078 0.0133
0 0.4453 0.244 0.0078 0.0186
0 0.4351 0.195 0.0068 0.0133
0 0.4121 0.1267 0.0059 0.0119
0 0.4658 0.1379 0.0078 0.0106
0 0.5317 0.13 0.0068 0.0106
0 0.5415 0.1452 0.0088 0.0119
0 0.5513 0.1432 0.0107 0.0159
0 0.5005 0.2228 0.0088 0.0159
0 0.4951 0.2341 0.0117 0.0119
0 0.4521 0.2387 0.0078 0.0106
0 0.3784 0.1804 0.0088 0.0133
0 0.3604 0.1512 0.0098 0.0133
0 0.3599 0.1724 0.0068 0.0106
0 0.4761 0.1466 0.0068 0.0119
0 0.4873 0.1578 0.0078 0.0133
0 0.4697 0.13 0.0059 0.008
0 0.4277 0.1439 0.0078 0.0093
0 0.5083 0.1525 0.0049 0.008
0 0.5166 0.1671 0.0078 0.0133
0 0.5811 0.1174 0.0059 0.0119
0 0.6465 0.183 0.0117 0.0133
0 0.6426 0.1253 0.0059 0.0093
0 0.5884 0.1207 0.0068 0.0106
0 0.7329 0.1141 0.0068 0.0133
0 0.8115 0.1141 0.0078 0.0106
0 0.8125 0.1684 0.0156 0.0371
0 0.8105 0.2029 0.0137 0.0212
0 0.8271 0.2401 0.0137 0.0159
0 0.7773 0.2341 0.0117 0.0199
0 0.7388 0.2328 0.0127 0.0199
0 0.7378 0.1326 0.0088 0.0133
0 0.7686 0.1698 0.0137 0.0159
0 0.8301 0.1592 0.0098 0.0159
0 0.8179 0.1419 0.0068 0.0133
0 0.793 0.1373 0.0039 0.0066
0 0.7251 0.1565 0.0068 0.0106
0 0.6768 0.1618 0.0078 0.0133
0 0.7036 0.2082 0.0088 0.0106
0 0.7578 0.2407 0.0098 0.0146
0 0.7959 0.2759 0.0176 0.0239
0 0.8604 0.256 0.0098 0.0133
0 0.8477 0.2513 0.0078 0.0119
0 0.7163 0.1737 0.0088 0.0133
0 0.8745 0.1645 0.0068 0.0133
0 0.8936 0.1817 0.0059 0.0106
0 0.8745 0.2268 0.0107 0.0133
0 0.8853 0.2215 0.0068 0.0106
0 0.894 0.128 0.0068 0.0119
0 0.7759 0.1207 0.0068 0.008
0 0.751 0.1074 0.0059 0.0106
0 0.9888 0.13 0.0088 0.0159
0 0.8989 0.1592 0.0107 0.0133
0 0.8853 0.1711 0.0088 0.0159
0 0.9214 0.1857 0.0088 0.0106
0 0.9375 0.1326 0.0059 0.008
0 0.9233 0.1253 0.0068 0.0093
0 0.936 0.0962 0.0088 0.0172
0 0.8193 0.1963 0.0156 0.0159
0 0.792 0.1857 0.0078 0.0159
0 0.918 0.1578 0.0078 0.0106
0 0.9868 0.1015 0.0068 0.0119
0 0.7124 0.2248 0.0088 0.0146
0 0.6021 0.2029 0.0068 0.0106
0 0.6729 0.2792 0.0137 0.0279
0 0.6592 0.6883 0.1074 0.2016
0 0.5889 0.8601 0.0977 0.0889
0 0.1274 0.5902 0.0674 0.0981
0 0.9771 0.1936 0.0068 0.0106
0 0.9951 0.1936 0.0078 0.0133
0 0.8457 0.2301 0.0078 0.0093
0 0.7886 0.2155 0.0127 0.0172
0 0.9404 0.0988 0.0059 0.0119
0 0.4565 0.3084 0.0107 0.0225
0 0.3403 0.1883 0.0068 0.0133
0 0.4209 0.2155 0.0059 0.0119
0 0.4272 0.2042 0.0068 0.0106
0 0.5703 0.1412 0.0078 0.0172
0 0.4946 0.1446 0.0068 0.0106
0 0.5693 0.1863 0.0059 0.0093
0 0.5942 0.1691 0.0049 0.0093
0 0.5586 0.1969 0.0059 0.0066
0 0.5771 0.1718 0.0059 0.0093
0 0.478 0.2255 0.0049 0.0106
0 0.4858 0.2288 0.0049 0.0119
0 0.6299 0.5676 0.0352 0.0557
0 0.8242 0.4436 0.0215 0.0411
0 0.335 0.3574 0.0117 0.0225
0 0.5415 0.4377 0.0186 0.0477
