0 0.0312 0.5439 0.0195 0.0292
0 0.0166 0.5037 0.0059 0.0132
0 0.0933 0.5051 0.0068 0.0161
0 0.1714 0.4912 0.0264 0.0731
0 0.1992 0.5175 0.0078 0.0146
0 0.2397 0.492 0.0068 0.0132
0 0.2539 0.5007 0.0039 0.0102
0 0.2676 0.4971 0.0039 0.0088
0 0.2725 0.5446 0.0195 0.0336
0 0.3066 0.5702 0.0176 0.0468
0 0.3608 0.538 0.0127 0.0263
0 0.2935 0.4971 0.0068 0.0117
0 0.4258 0.5285 0.0176 0.0424
0 0.478 0.6235 0.0225 0.0541
0 0.5889 0.6316 0.0215 0.0556
0 0.4736 0.549 0.0117 0.0278
0 0.6572 0.5263 0.0293 0.0643
0 0.7339 0.3882 0.0049 0.0073
0 0.7456 0.5892 0.0205 0.038
0 0.8013 0.5534 0.0049 0.0102
0 0.8853 0.5468 0.0186 0.0351
0 0.9321 0.7617 0.0244 0.0673
0 0.9756 0.5446 0.0078 0.019
0 0.9858 0.5395 0.0088 0.0146
0 0.8115 0.5855 0.0078 0.019
0 0.7598 0.413 0.0039 0.0073
0 0.397 0.9547 0.0732 0.0877
0 0.0229 0.47 0.0049 0.0102
0 0.0264 0.4861 0.0059 0.0132
0 0.0513 0.4708 0.0049 0.0117
0 0.0566 0.4846 0.0059 0.0102
