0 0.1147 0.943 0.0459 0.0643
0 0.3516 0.8779 0.0332 0.057
0 0.2446 0.9284 0.042 0.0614
0 0.2227 0.7865 0.0312 0.0556
0 0.2227 0.8392 0.0332 0.0526
0 0.1499 0.7522 0.0303 0.0482
0 0.1631 0.742 0.0234 0.0541
0 0.0508 0.7588 0.0332 0.0409
0 0.0098 0.7054 0.0215 0.057
0 0.0986 0.6637 0.0234 0.0497
0 0.3398 0.6901 0.0195 0.0468
0 0.2344 0.6842 0.0176 0.0409
0 0.25 0.6389 0.0234 0.0468
0 0.1348 0.663 0.0273 0.0482
0 0.1655 0.7054 0.0244 0.0453
0 0.4463 0.7778 0.0293 0.0585
0 0.3853 0.6871 0.0264 0.0439
0 0.4658 0.6462 0.0215 0.0439
0 0.3931 0.8662 0.0322 0.0658
0 0.5005 0.8757 0.0283 0.0526
0 0.4717 0.9576 0.0332 0.0585
0 0.3223 0.6096 0.0234 0.038
0 0.3594 0.5848 0.0234 0.0351
0 0.3618 0.6213 0.0186 0.038
0 0.2959 0.6338 0.0293 0.0424
0 0.2954 0.5599 0.0225 0.0409
0 0.2729 0.7054 0.0244 0.0512
0 0.5601 0.8099 0.0303 0.0585
0 0.6001 0.7851 0.0244 0.0526
0 0.5352 0.7142 0.0137 0.0482
0 0.499 0.7164 0.0195 0.0497
0 0.0654 0.5687 0.0234 0.0409
0 0.1274 0.5526 0.0264 0.0526
0 0.1982 0.5058 0.0215 0.038
0 0.1987 0.5424 0.0244 0.038
0 0.1846 0.6111 0.0273 0.0468
0 0.2305 0.6009 0.0254 0.038
0 0.022 0.6038 0.0244 0.0556
0 0.0449 0.4905 0.0176 0.0336
0 0.0239 0.4635 0.0186 0.0322
0 0.0356 0.4342 0.0186 0.0322
0 0.0122 0.4211 0.0186 0.0351
0 0.0146 0.3925 0.0176 0.0307
0 0.0449 0.3999 0.0176 0.0336
0 0.1079 0.4042 0.0186 0.0278
0 0.1143 0.4408 0.0215 0.0336
0 0.1831 0.4401 0.0186 0.0351
0 0.1597 0.4079 0.0186 0.0351
0 0.208 0.4554 0.0195 0.0365
0 0.2456 0.4635 0.0205 0.0409
0 0.2549 0.4583 0.0156 0.0365
0 0.2827 0.4576 0.0205 0.0351
0 0.3086 0.4232 0.0176 0.0336
0 0.334 0.4459 0.0195 0.0292
0 0.3364 0.4788 0.0146 0.0336
0 0.3086 0.5007 0.0176 0.0336
0 0.3223 0.5285 0.0195 0.0336
0 0.2065 0.3904 0.0186 0.0322
0 0.2192 0.386 0.0146 0.0351
0 0.2983 0.3787 0.0166 0.0292
0 0.3545 0.4101 0.0176 0.0336
0 0.3306 0.3969 0.0146 0.0249
0 0.2671 0.3984 0.0186 0.0307
0 0.1348 0.8779 0.0215 0.0541
0 0.5234 0.5789 0.0234 0.0468
0 0.3784 0.508 0.0186 0.0336
0 0.3867 0.4803 0.0176 0.0336
0 0.4678 0.4803 0.0195 0.0365
0 0.4932 0.47 0.0195 0.0365
0 0.4316 0.402 0.0176 0.0322
0 0.3735 0.4218 0.0205 0.0307
0 0.3916 0.3933 0.0156 0.0351
0 0.3926 0.4635 0.0176 0.0351
0 0.4258 0.3662 0.0137 0.0278
0 0.4058 0.3355 0.0146 0.0307
0 0.4199 0.3297 0.0137 0.0278
0 0.373 0.3377 0.0156 0.0322
0 0.3599 0.3567 0.0146 0.0322
0 0.3354 0.3487 0.0146 0.0249
0 0.4521 0.3077 0.0137 0.0307
0 0.4385 0.3077 0.0137 0.0249
0 0.4932 0.3311 0.0137 0.0249
0 0.479 0.3355 0.0127 0.0249
0 0.5093 0.3633 0.0127 0.0249
0 0.5425 0.3735 0.0146 0.0307
0 0.522 0.3194 0.0127 0.0249
0 0.4307 0.4825 0.0195 0.0351
0 0.4932 0.5373 0.0215 0.0395
0 0.5195 0.5387 0.0176 0.0336
0 0.4824 0.6221 0.0176 0.0424
0 0.4019 0.5863 0.0205 0.0409
0 0.6284 0.9649 0.0303 0.0614
0 0.5391 0.9232 0.0293 0.0541
0 0.8003 0.9276 0.0322 0.0541
0 0.7827 0.7003 0.0244 0.0439
0 0.8579 0.6849 0.0283 0.0482
0 0.8726 0.845 0.0264 0.0526
0 0.7153 0.7376 0.0225 0.0482
0 0.9536 0.8655 0.0303 0.0497
0 0.9878 0.7785 0.0225 0.057
0 0.8989 0.7566 0.0244 0.0453
0 0.8896 0.6652 0.0176 0.038
0 0.7769 0.7595 0.0244 0.0482
0 0.7363 0.7741 0.0254 0.0541
0 0.9443 0.7171 0.0195 0.0512
0 0.9131 0.2887 0.0117 0.019
0 0.7852 0.1711 0.0156 0.0292
0 0.9448 0.4203 0.0166 0.0307
0 0.7305 0.1754 0.0156 0.0263
0 0.7656 0.174 0.0137 0.0263
0 0.6851 0.3012 0.0146 0.0234
0 0.6973 0.3216 0.0137 0.0263
0 0.6172 0.4137 0.0156 0.0263
0 0.6011 0.3962 0.0146 0.0292
0 0.5674 0.3977 0.0156 0.0292
0 0.6152 0.3487 0.0156 0.0278
0 0.6523 0.3304 0.0137 0.0263
0 0.666 0.337 0.0137 0.0249
0 0.6719 0.3677 0.0156 0.0278
0 0.6494 0.3699 0.0137 0.0263
0 0.6377 0.3633 0.0137 0.0249
0 0.6987 0.3765 0.0166 0.0307
0 0.6851 0.3501 0.0127 0.0278
0 0.6426 0.2836 0.0137 0.0234
0 0.6279 0.3012 0.0117 0.0205
0 0.6206 0.2902 0.0127 0.0219
0 0.5908 0.3626 0.0137 0.0263
0 0.6421 0.3297 0.0107 0.0249
0 0.7104 0.595 0.0205 0.0322
0 0.6929 0.568 0.0186 0.0336
0 0.6567 0.6075 0.0186 0.0365
0 0.5381 0.3121 0.0137 0.0219
0 0.5239 0.2683 0.0107 0.0249
0 0.5098 0.269 0.0117 0.0263
0 0.562 0.2405 0.0127 0.0219
0 0.5488 0.2376 0.0098 0.019
0 0.5259 0.231 0.0107 0.0205
0 0.4795 0.242 0.0098 0.0219
0 0.4868 0.22 0.0088 0.0161
0 0.4702 0.2237 0.0088 0.0175
0 0.4971 0.2639 0.0117 0.0219
0 0.4639 0.2661 0.0098 0.0263
0 0.4512 0.2697 0.0117 0.0249
0 0.4185 0.2573 0.0107 0.0205
0 0.4365 0.269 0.0098 0.0175
0 0.4443 0.2303 0.0098 0.019
0 0.46 0.2273 0.0098 0.0219
0 0.4282 0.2164 0.0107 0.0205
0 0.4082 0.2412 0.0117 0.0234
0 0.3887 0.2398 0.0098 0.0205
0 0.3721 0.231 0.0117 0.0234
0 0.3618 0.1944 0.0088 0.0175
0 0.3726 0.2113 0.0088 0.0161
0 0.3423 0.2171 0.0107 0.0219
0 0.3442 0.3034 0.0127 0.0278
0 0.2534 0.3209 0.0127 0.0249
0 0.2324 0.3648 0.0137 0.0278
0 0.252 0.3706 0.0137 0.0278
0 0.3208 0.3297 0.0127 0.0219
0 0.3218 0.3596 0.0127 0.0234
0 0.3101 0.2982 0.0146 0.0234
0 0.3281 0.3151 0.0117 0.019
0 0.2876 0.299 0.0127 0.0249
0 0.4053 0.2997 0.0117 0.0205
0 0.3262 0.2822 0.0117 0.0234
0 0.313 0.2778 0.0107 0.0234
0 0.2935 0.2734 0.0107 0.0234
0 0.3252 0.2303 0.0098 0.019
0 0.0254 0.3385 0.0156 0.0278
0 0.0615 0.3399 0.0156 0.0278
0 0.0952 0.3735 0.0146 0.0278
0 0.1177 0.3633 0.0166 0.0278
0 0.1587 0.3626 0.0166 0.0263
0 0.1797 0.3567 0.0156 0.0292
0 0.1802 0.3341 0.0166 0.0278
0 0.1494 0.3041 0.0156 0.0292
0 0.1167 0.3165 0.0166 0.0336
0 0.0879 0.2924 0.0156 0.0292
0 0.0264 0.2961 0.0156 0.0307
0 0.0513 0.2851 0.0146 0.0263
0 0.0532 0.2537 0.0127 0.0249
0 0.0645 0.2588 0.0117 0.0234
0 0.085 0.2493 0.0137 0.0249
0 0.1104 0.2507 0.0156 0.0249
0 0.1416 0.2727 0.0137 0.0249
0 0.0996 0.2902 0.0117 0.0278
0 0.1079 0.2814 0.0127 0.0278
0 0.1528 0.2654 0.0127 0.0249
0 0.1855 0.2529 0.0137 0.0263
0 0.1772 0.277 0.0127 0.0219
0 0.1724 0.2939 0.0146 0.0234
0 0.2036 0.2953 0.0146 0.0263
0 0.3438 0.2683 0.0117 0.0249
0 0.3262 0.2654 0.0137 0.0219
0 0.311 0.2478 0.0107 0.019
0 0.3125 0.1988 0.0098 0.0205
0 0.334 0.1893 0.0078 0.019
0 0.2778 0.2295 0.0127 0.0205
0 0.2534 0.2639 0.0107 0.0219
0 0.2617 0.2478 0.0117 0.0219
0 0.2642 0.2697 0.0088 0.019
0 0.2285 0.2675 0.0098 0.0205
0 0.2314 0.2208 0.0117 0.0205
0 0.2231 0.2376 0.0107 0.0219
0 0.2471 0.1871 0.0098 0.0205
0 0.3042 0.1776 0.0107 0.0219
0 0.2676 0.2997 0.0137 0.0205
0 0.0957 0.2281 0.0117 0.0205
0 0.0781 0.231 0.0117 0.0205
0 0.0977 0.2098 0.0098 0.019
0 0.1016 0.1952 0.0098 0.019
0 0.1152 0.1871 0.0098 0.0205
0 0.1333 0.2156 0.0107 0.019
0 0.1499 0.2398 0.0088 0.0146
0 0.1724 0.1835 0.0088 0.0161
0 0.1387 0.2025 0.0098 0.0161
0 0.188 0.2142 0.0127 0.019
0 0.1973 0.1842 0.0098 0.0175
0 0.0371 0.155 0.0117 0.0175
0 0.0596 0.1601 0.0098 0.019
0 0.0469 0.1447 0.0078 0.0175
0 0.2227 0.2054 0.0098 0.019
0 0.1128 0.2259 0.0127 0.0219
0 0.1255 0.2456 0.0107 0.0234
0 0.1758 0.2398 0.0098 0.0175
0 0.3008 0.1323 0.0078 0.0161
0 0.2993 0.1184 0.0068 0.0146
0 0.3179 0.1557 0.0068 0.0161
0 0.3457 0.1513 0.0078 0.0161
0 0.3062 0.155 0.0088 0.0146
0 0.4058 0.2273 0.0107 0.019
0 0.2495 0.1528 0.0088 0.0161
0 0.208 0.1491 0.0078 0.0146
0 0.2021 0.0548 0.0059 0.0102
0 0.1689 0.0943 0.0078 0.0132
0 0.373 0.1045 0.0039 0.0102
0 0.3657 0.057 0.0049 0.0117
0 0.291 0.9364 0.0234 0.0599
0 0.5508 0.3545 0.0117 0.0278
0 0.8828 0.28 0.0098 0.019
0 0.5605 0.3268 0.0117 0.0278
0 0.6606 0.307 0.0088 0.0205
0 0.3701 0.269 0.0117 0.0175
0 0.1338 0.1287 0.0059 0.0146
0 0.0732 0.0848 0.0078 0.0146
0 0.0776 0.1637 0.0088 0.0146
0 0.0137 0.0665 0.0078 0.0132
0 0.0288 0.1389 0.0088 0.0117
0 0.0259 0.1725 0.0068 0.0146
0 0.0103 0.1711 0.0088 0.0146
0 0.0859 0.1827 0.0098 0.0175
0 0.1001 0.1615 0.0088 0.0161
0 0.0542 0.2069 0.0088 0.0161
0 0.3232 0.2098 0.0078 0.0132
0 0.2002 0.2478 0.0117 0.0219
0 0.1992 0.4159 0.0137 0.0161
0 0.2144 0.2785 0.0146 0.0219
0 0.293 0.8677 0.0312 0.0658
