0 0.9302 0.766 0.1357 0.1138
0 0.9072 0.6183 0.0273 0.0213
0 0.4458 0.9315 0.2002 0.1357
0 0.6182 0.7162 0.043 0.0465
0 0.2168 0.9463 0.0371 0.0271
0 0.272 0.7644 0.1611 0.1519
0 0.0303 0.8167 0.0371 0.0368
0 0.4775 0.6703 0.0332 0.0246
0 0.7642 0.521 0.083 0.0724
0 0.7036 0.4783 0.0674 0.0608
0 0.5527 0.4774 0.0391 0.0459
0 0.4609 0.4053 0.0293 0.0246
0 0.2461 0.5414 0.1035 0.0795
0 0.0293 0.3979 0.0605 0.086
0 0.7788 0.4176 0.0654 0.0633
0 0.689 0.2967 0.0752 0.0569
0 0.7495 0.3103 0.0537 0.0491
0 0.8223 0.2822 0.0469 0.0446
0 0.9634 0.2702 0.04 0.0349
0 0.9873 0.2469 0.0215 0.0375
0 0.4731 0.3471 0.0557 0.0388
0 0.5586 0.3109 0.0586 0.0478
0 0.3379 0.31 0.0586 0.0472
0 0.1899 0.2531 0.0264 0.0278
0 0.1206 0.2169 0.0166 0.0123
0 0.4404 0.2579 0.0488 0.0452
0 0.3228 0.2631 0.0498 0.0375
0 0.3638 0.2334 0.0322 0.031
0 0.2905 0.2977 0.0283 0.0394
0 0.6499 0.2686 0.0596 0.0446
0 0.5103 0.2401 0.0361 0.0291
0 0.3076 0.1897 0.041 0.0278
0 0.2681 0.203 0.0361 0.0259
0 0.3223 0.2201 0.0293 0.0175
0 0.085 0.1561 0.0312 0.0291
0 0.0542 0.17 0.0381 0.0336
0 0.147 0.1723 0.0322 0.0149
0 0.0146 0.1432 0.0312 0.0278
0 0.9404 0.1496 0.0293 0.0252
0 0.8872 0.1655 0.0264 0.0194
0 0.8501 0.193 0.0479 0.0381
0 0.9028 0.1952 0.0361 0.0271
0 0.9863 0.1367 0.0234 0.0213
0 0.979 0.1141 0.0205 0.0175
0 0.9907 0.095 0.0166 0.022
0 0.9595 0.1719 0.0225 0.022
0 0.5747 0.2615 0.0479 0.0343
0 0.0571 0.0831 0.0244 0.02
0 0.1396 0.1002 0.0254 0.0181
0 0.0996 0.0986 0.0215 0.0162
0 0.0903 0.1212 0.0264 0.0162
0 0.1909 0.1235 0.0264 0.0194
0 0.2241 0.1248 0.0244 0.0155
0 0.2856 0.1141 0.0225 0.0162
0 0.2573 0.1209 0.0186 0.0129
0 0.2314 0.0882 0.0176 0.0162
0 0.1821 0.0915 0.0166 0.0149
0 0.1045 0.0676 0.0176 0.0162
0 0.1514 0.0808 0.0137 0.0103
0 0.1997 0.1561 0.0244 0.0187
0 0.6792 0.2269 0.0439 0.0336
0 0.0186 0.5591 0.0391 0.0517
0 0.8501 0.9082 0.0322 0.0271
