0 0.9644 0.6515 0.0322 0.0732
0 0.6821 0.7936 0.0557 0.1054
0 0.7231 0.6186 0.0283 0.0571
0 0.7974 0.5805 0.0225 0.0425
0 0.7002 0.5483 0.0176 0.0307
0 0.8208 0.5088 0.0146 0.0366
0 0.6582 0.4854 0.0137 0.0249
0 0.6167 0.5307 0.0186 0.0337
0 0.6191 0.4912 0.0137 0.0278
0 0.7505 0.4605 0.0088 0.022
0 0.8086 0.4414 0.0098 0.0161
0 0.6963 0.5 0.0137 0.0249
0 0.9419 0.4729 0.0127 0.0205
0 0.7734 0.4553 0.0098 0.0205
0 0.7139 0.4671 0.0117 0.0264
0 0.6758 0.4407 0.0078 0.0176
0 0.6982 0.4436 0.0078 0.0176
0 0.7163 0.4224 0.0068 0.0132
0 0.6895 0.4656 0.0078 0.0176
0 0.623 0.4575 0.0078 0.0161
0 0.6162 0.4253 0.0059 0.0132
0 0.6616 0.4151 0.0068 0.0132
0 0.9722 0.563 0.0107 0.0366
0 0.4502 0.6325 0.0273 0.0527
0 0.3105 0.5454 0.0234 0.0512
0 0.3364 0.5205 0.0166 0.0278
0 0.3862 0.5037 0.0127 0.0234
0 0.3975 0.5403 0.0156 0.0293
0 0.4531 0.459 0.0137 0.0249
0 0.4297 0.47 0.0098 0.0176
0 0.3921 0.4693 0.0107 0.019
0 0.3311 0.4722 0.0117 0.022
0 0.2915 0.4846 0.0107 0.0205
0 0.2456 0.4788 0.0166 0.0293
0 0.4312 0.4546 0.0088 0.0161
0 0.4258 0.4385 0.0078 0.0132
0 0.311 0.4627 0.0068 0.0146
0 0.2637 0.4378 0.0078 0.0146
0 0.3032 0.4319 0.0068 0.0146
0 0.4971 0.4253 0.0098 0.019
0 0.4756 0.4305 0.0078 0.0146
0 0.4502 0.4187 0.0039 0.0088
0 0.5601 0.4876 0.0146 0.0234
0 0.5845 0.4824 0.0107 0.022
0 0.3799 0.4231 0.0059 0.0117
0 0.5005 0.5059 0.0146 0.0278
0 0.5537 0.519 0.0195 0.0425
0 0.5396 0.47 0.0107 0.0234
0 0.542 0.4319 0.0078 0.0176
0 0.583 0.4348 0.0059 0.0117
0 0.189 0.5337 0.0166 0.0337
0 0.0889 0.5725 0.0293 0.0527
0 0.0444 0.4905 0.0264 0.0469
0 0.0557 0.4261 0.0078 0.0176
0 0.0029 0.4693 0.0078 0.0161
0 0.0386 0.429 0.0088 0.0146
0 0.1357 0.4385 0.0059 0.0102
0 0.1201 0.4202 0.0059 0.0117
0 0.2261 0.4202 0.0068 0.0117
0 0.1104 0.5029 0.0254 0.0425
0 0.1187 0.4722 0.0127 0.0307
0 0.4619 0.4627 0.0098 0.0205
0 0.5508 0.4524 0.0059 0.0146
0 0.5518 0.4327 0.0059 0.0132
