0 0.2881 0.5443 0.0215 0.0371
0 0.3135 0.5093 0.0195 0.0357
0 0.4238 0.5143 0.0273 0.0486
0 0.3477 0.5936 0.0137 0.0329
0 0.1909 0.4507 0.0186 0.03
0 0.1787 0.4643 0.0117 0.0229
0 0.481 0.4729 0.0107 0.0229
0 0.4473 0.4743 0.0098 0.02
0 0.5356 0.5114 0.0068 0.0171
0 0.563 0.5143 0.0107 0.02
0 0.5952 0.4571 0.0107 0.0171
0 0.5781 0.57 0.0098 0.0171
0 0.6157 0.4264 0.0244 0.0443
0 0.7446 0.45 0.0088 0.0143
0 0.7314 0.5164 0.0098 0.0186
0 0.7227 0.4757 0.0098 0.02
0 0.6768 0.4657 0.0078 0.0143
0 0.6694 0.4293 0.0068 0.01
0 0.856 0.44 0.0049 0.0114
0 0.4692 0.2207 0.0088 0.0157
0 0.4014 0.2371 0.0078 0.0114
