0 0.0132 0.3264 0.0166 0.0417
0 0.0435 0.3793 0.04 0.0712
0 0.1079 0.3307 0.0205 0.0295
0 0.104 0.3602 0.0107 0.0295
0 0.1353 0.3342 0.0127 0.0399
0 0.188 0.2786 0.0615 0.1302
0 0.2876 0.2604 0.04 0.0833
0 0.3335 0.2248 0.0303 0.0573
0 0.3638 0.4019 0.0752 0.1684
0 0.4609 0.2344 0.0332 0.0625
0 0.4067 0.1962 0.0264 0.0556
0 0.0938 0.2726 0.0234 0.0521
0 0.6182 0.2292 0.0273 0.0417
0 0.7197 0.2205 0.0332 0.066
0 0.7861 0.2023 0.0469 0.1337
0 0.6631 0.3715 0.0879 0.2222
0 0.9688 0.2569 0.0586 0.1424
