0 0.0361 0.4334 0.043 0.0858
0 0.4351 0.7979 0.0791 0.147
0 0.5303 0.5521 0.0684 0.1485
0 0.7603 0.7243 0.0771 0.1348
0 0.9478 0.6455 0.0771 0.1485
0 0.7505 0.5804 0.0576 0.1103
0 0.5728 0.3806 0.0322 0.0536
0 0.8213 0.4801 0.043 0.0934
0 0.0425 0.2833 0.0244 0.0398
0 0.313 0.3469 0.0244 0.0628
0 0.3491 0.2749 0.0205 0.0413
0 0.2744 0.2879 0.0195 0.0429
0 0.3638 0.2764 0.0088 0.0352
0 0.3843 0.245 0.0088 0.0214
0 0.3149 0.2259 0.0068 0.0107
0 0.7583 0.1723 0.0107 0.0199
0 0.8823 0.2044 0.0088 0.0168
0 0.7705 0.3025 0.0137 0.0291
0 0.793 0.2994 0.0176 0.0352
0 0.4033 0.2496 0.0078 0.0184
0 0.4829 0.2665 0.0127 0.0184
0 0.3218 0.2228 0.0049 0.0107
0 0.3267 0.2213 0.0029 0.0077
0 0.3086 0.2221 0.0039 0.0061
0 0.3687 0.2381 0.0049 0.0107
0 0.3677 0.2672 0.0068 0.0168
0 0.2324 0.291 0.0137 0.0276
0 0.063 0.2573 0.0088 0.0184
0 0.5933 0.2519 0.0068 0.0138
0 0.4771 0.2289 0.0029 0.0046
0 0.8203 0.3323 0.0332 0.0582
0 0.8403 0.3155 0.0166 0.0337
0 0.2935 0.2343 0.0068 0.0153
0 0.3003 0.2221 0.0049 0.0092
0 0.3599 0.2297 0.0049 0.0092
0 0.3389 0.2305 0.0078 0.0138
0 0.0835 0.8224 0.126 0.2389
