0 0.9917 0.9359 0.0146 0.0469
0 0.9609 0.9055 0.0195 0.0453
0 0.8823 0.8734 0.0225 0.0469
0 0.8438 0.9617 0.0254 0.0453
0 0.853 0.9266 0.0225 0.05
0 0.9248 0.9664 0.0254 0.0547
0 0.7109 0.9055 0.0293 0.0578
0 0.6714 0.8359 0.0244 0.0531
0 0.6455 0.7617 0.0254 0.0547
0 0.7451 0.7398 0.0215 0.0484
0 0.8042 0.7664 0.0205 0.0516
0 0.8672 0.7359 0.0254 0.05
0 0.8345 0.6727 0.0322 0.0547
0 0.8423 0.5703 0.0244 0.0531
0 0.9502 0.5789 0.0254 0.0453
0 0.918 0.7008 0.0234 0.0516
0 0.5342 0.843 0.0293 0.0641
0 0.5874 0.7914 0.0225 0.0547
0 0.6108 0.882 0.0225 0.0516
0 0.4277 0.8711 0.0273 0.0578
0 0.4941 0.9656 0.0332 0.0656
0 0.3208 0.925 0.0283 0.0531
0 0.3267 0.875 0.0283 0.0531
0 0.2563 0.8414 0.0283 0.0484
0 0.2271 0.9211 0.0225 0.0516
0 0.1689 0.9 0.0254 0.0594
0 0.1973 0.7586 0.0254 0.0453
0 0.3066 0.6703 0.0254 0.0469
0 0.3281 0.6648 0.0215 0.0422
0 0.4707 0.7367 0.0254 0.0453
0 0.3906 0.7414 0.0273 0.0484
0 0.6211 0.6875 0.0254 0.0531
0 0.4805 0.625 0.0234 0.0406
0 0.4482 0.6375 0.0215 0.0469
0 0.2979 0.768 0.0254 0.0453
0 0.3604 0.8258 0.0293 0.0547
0 0.2432 0.6242 0.0254 0.0547
0 0.3599 0.6398 0.0244 0.0578
0 0.335 0.6063 0.0273 0.0563
0 0.4023 0.5945 0.0215 0.0453
0 0.4404 0.5805 0.0195 0.0484
0 0.4854 0.6063 0.0234 0.0469
0 0.1719 0.6883 0.0254 0.0547
0 0.189 0.5914 0.0244 0.0484
0 0.208 0.5695 0.0234 0.0453
0 0.8408 0.507 0.0215 0.0422
0 0.8687 0.4883 0.0186 0.0391
0 0.9492 0.4859 0.0195 0.0438
0 0.7876 0.4625 0.0205 0.0375
0 0.8169 0.4211 0.0225 0.0422
0 0.8511 0.4414 0.0205 0.0422
0 0.7227 0.3664 0.0195 0.0391
0 0.686 0.4211 0.0205 0.0422
0 0.6553 0.3719 0.0195 0.0406
0 0.6362 0.3461 0.0205 0.0391
0 0.6519 0.3141 0.0186 0.0344
0 0.6655 0.3172 0.0146 0.0312
0 0.6646 0.2742 0.0186 0.0359
0 0.7275 0.3281 0.0195 0.0406
0 0.7388 0.2938 0.0146 0.0312
0 0.7588 0.2727 0.0195 0.0422
0 0.7803 0.282 0.0195 0.0422
0 0.793 0.3805 0.0195 0.0422
0 0.6025 0.3008 0.0137 0.0266
0 0.9282 0.2695 0.0205 0.0453
0 0.9517 0.3031 0.0186 0.0375
0 0.9424 0.2633 0.0176 0.0359
0 0.7349 0.5578 0.0225 0.0438
0 0.6211 0.4984 0.0215 0.0531
0 0.5469 0.5414 0.0254 0.0422
0 0.5786 0.6008 0.0205 0.0453
0 0.5508 0.6023 0.0215 0.0484
0 0.5952 0.457 0.0225 0.0422
0 0.501 0.4297 0.0234 0.0469
0 0.5474 0.4836 0.0225 0.0453
0 0.4653 0.4234 0.0186 0.0375
0 0.5474 0.3563 0.0186 0.0375
0 0.5918 0.3492 0.0195 0.0391
0 0.5835 0.2789 0.0186 0.0359
0 0.4658 0.3719 0.0176 0.0375
0 0.5562 0.2477 0.0186 0.0391
0 0.6147 0.2398 0.0166 0.0328
0 0.8232 0.6203 0.0234 0.0469
0 0.4414 0.4742 0.0195 0.0453
0 0.3848 0.4008 0.0215 0.0422
0 0.3911 0.4563 0.0186 0.0406
0 0.251 0.493 0.0195 0.0422
0 0.2759 0.4242 0.0205 0.0422
0 0.2979 0.4125 0.0156 0.0375
0 0.3359 0.3563 0.0195 0.0406
0 0.2065 0.4352 0.0205 0.0359
0 0.1733 0.5438 0.0225 0.0438
0 0.3223 0.4594 0.0176 0.0406
0 0.2554 0.3289 0.0205 0.0359
0 0.189 0.3141 0.0225 0.0406
0 0.2222 0.3172 0.0166 0.0375
0 0.1152 0.4953 0.0215 0.0375
0 0.1333 0.4625 0.0186 0.0406
0 0.0903 0.4133 0.0186 0.0359
0 0.0322 0.4336 0.0215 0.0422
0 0.0591 0.4984 0.0186 0.0375
0 0.0762 0.3719 0.0195 0.0406
0 0.0991 0.2945 0.0225 0.0422
0 0.1694 0.2656 0.0166 0.0344
0 0.1919 0.268 0.0146 0.0328
0 0.2153 0.2227 0.0166 0.0359
0 0.1895 0.3836 0.0195 0.0359
0 0.0391 0.3453 0.0176 0.0406
0 0.0576 0.3008 0.0176 0.0391
0 0.042 0.3141 0.0176 0.0344
0 0.0068 0.2984 0.0137 0.0375
0 0.0752 0.2383 0.0156 0.0328
0 0.0645 0.2773 0.0156 0.0359
0 0.0439 0.2492 0.0176 0.0359
0 0.0542 0.2281 0.0127 0.0312
0 0.0288 0.2516 0.0166 0.0375
0 0.0303 0.2055 0.0195 0.0391
0 0.103 0.2086 0.0146 0.0328
0 0.186 0.1875 0.0166 0.0375
0 0.1426 0.1805 0.0176 0.0328
0 0.209 0.1906 0.0137 0.0281
0 0.1133 0.8438 0.0273 0.0594
0 0.0649 0.8156 0.0244 0.05
0 0.0776 0.7344 0.0244 0.05
0 0.0742 0.6516 0.0215 0.05
0 0.1157 0.5984 0.0205 0.05
0 0.1226 0.5484 0.0225 0.0438
0 0.0054 0.443 0.0127 0.0422
0 0.125 0.3281 0.0156 0.0469
0 0.1646 0.3148 0.0166 0.0359
0 0.3042 0.3078 0.0205 0.0375
0 0.2856 0.3422 0.0166 0.0406
0 0.2568 0.3773 0.0176 0.0422
0 0.2495 0.4336 0.0186 0.0422
0 0.1123 0.1711 0.0137 0.0297
0 0.1157 0.1359 0.0166 0.0312
0 0.0918 0.1242 0.0176 0.0359
0 0.0752 0.1359 0.0176 0.0375
0 0.0454 0.1258 0.0166 0.0297
0 0.061 0.0875 0.0107 0.0312
0 0.0742 0.0594 0.0156 0.0312
0 0.0132 0.1875 0.0146 0.0344
0 0.0068 0.1445 0.0156 0.0359
0 0.0122 0.1234 0.0166 0.0344
0 0.0161 0.0602 0.0322 0.0328
0 0.061 0.0367 0.0146 0.0297
0 0.0459 0.0227 0.0117 0.0328
0 0.0078 0.0148 0.0137 0.0266
0 0.1592 0.1594 0.0137 0.025
0 0.2212 0.1578 0.0166 0.025
0 0.2378 0.1023 0.0146 0.0297
0 0.1597 0.1313 0.0146 0.0281
0 0.1289 0.1219 0.0137 0.0312
0 0.1689 0.0969 0.0156 0.0344
0 0.1479 0.0859 0.0146 0.0281
0 0.1567 0.0711 0.0146 0.0297
0 0.2007 0.0688 0.0127 0.0281
0 0.2212 0.0758 0.0146 0.0328
0 0.2505 0.0523 0.0166 0.0328
0 0.2271 0.0461 0.0146 0.0297
0 0.1831 0.0516 0.0146 0.0312
0 0.2075 0.0156 0.0146 0.0281
0 0.1113 0.0797 0.0137 0.025
0 0.0845 0.0117 0.0107 0.0234
0 0.2891 0.0961 0.0137 0.0266
0 0.3057 0.0711 0.0137 0.0328
0 0.3218 0.0742 0.0146 0.0266
0 0.3169 0.0383 0.0146 0.0266
0 0.2856 0.032 0.0146 0.0266
0 0.2725 0.0211 0.0117 0.0234
0 0.2397 0.018 0.0166 0.0266
0 0.3691 0.0156 0.0117 0.025
0 0.3174 0.2539 0.0156 0.0359
0 0.3042 0.2164 0.0166 0.0359
0 0.3511 0.2102 0.0166 0.0359
0 0.3823 0.207 0.0186 0.0391
0 0.2534 0.1406 0.0166 0.0375
0 0.2827 0.1492 0.0146 0.0328
0 0.2983 0.1367 0.0146 0.0359
0 0.3086 0.1305 0.0117 0.0297
0 0.3286 0.1789 0.0127 0.0359
0 0.3447 0.1656 0.0117 0.0281
0 0.3403 0.0508 0.0127 0.0297
0 0.3921 0.1469 0.0127 0.0312
0 0.3896 0.1188 0.0117 0.0281
0 0.4961 0.2383 0.0195 0.0359
0 0.5186 0.1859 0.0156 0.0312
0 0.4839 0.182 0.0166 0.0359
0 0.4766 0.218 0.0176 0.0359
0 0.3672 0.2703 0.0156 0.0344
0 0.5859 0.2313 0.0156 0.0344
0 0.6104 0.1938 0.0156 0.0312
0 0.6484 0.2313 0.0156 0.0281
0 0.5698 0.2055 0.0146 0.0297
0 0.5532 0.1969 0.0146 0.0375
0 0.6963 0.1695 0.0156 0.0359
0 0.7285 0.1969 0.0176 0.0375
0 0.7261 0.1398 0.0166 0.0391
0 0.7393 0.1086 0.0156 0.0328
0 0.7593 0.0617 0.0146 0.0359
0 0.7119 0.0273 0.0156 0.0266
0 0.6567 0.1219 0.0166 0.0375
0 0.6343 0.0969 0.0146 0.0344
0 0.6919 0.118 0.0146 0.0297
0 0.7026 0.0945 0.0146 0.0359
0 0.6533 0.0578 0.0176 0.0344
0 0.6357 0.0445 0.0137 0.0297
0 0.5542 0.0664 0.0146 0.0297
0 0.5317 0.0734 0.0166 0.0312
0 0.4546 0.0695 0.0146 0.0297
0 0.4263 0.3383 0.0244 0.0422
0 0.749 0.0359 0.0156 0.0375
0 0.5884 0.4203 0.0186 0.0344
0 0.772 0.1695 0.0186 0.0359
0 0.7769 0.1414 0.0166 0.0328
0 0.7852 0.1078 0.0156 0.0281
0 0.8354 0.1023 0.0146 0.0297
0 0.8555 0.082 0.0137 0.0297
0 0.896 0.0938 0.0166 0.0344
0 0.9438 0.025 0.0127 0.0281
0 0.9004 0.0203 0.0156 0.0281
0 0.8525 0.0328 0.0117 0.0312
0 0.873 0.0375 0.0098 0.025
0 0.8081 0.0188 0.0127 0.025
0 0.7778 0.0492 0.0127 0.0266
0 0.8154 0.0563 0.0137 0.0281
0 0.8242 0.1844 0.0176 0.0344
0 0.853 0.2234 0.0186 0.0375
0 0.8862 0.2289 0.0205 0.0422
0 0.9072 0.2156 0.0176 0.0344
0 0.9297 0.2258 0.0195 0.0422
0 0.8892 0.1875 0.0166 0.0344
0 0.8799 0.1422 0.0156 0.0312
0 0.9204 0.157 0.0127 0.0359
0 0.9062 0.143 0.0117 0.0297
0 0.9927 0.2742 0.0127 0.0359
0 0.9517 0.2352 0.0127 0.0328
0 0.9556 0.2109 0.0127 0.0344
0 0.8394 0.3586 0.0186 0.0422
0 0.6157 0.4484 0.0225 0.0406
0 0.6392 0.5734 0.0225 0.0469
0 0.7612 0.357 0.0186 0.0453
0 0.7476 0.7125 0.0186 0.05
0 0.9341 0.8461 0.0225 0.0453
0 0.2607 0.2156 0.0117 0.0281
0 0.1963 0.1383 0.0137 0.0266
0 0.2036 0.1383 0.0127 0.0328
0 0.2222 0.1273 0.0127 0.0297
0 0.1426 0.1586 0.0137 0.0297
0 0.0508 0.1797 0.0156 0.0344
0 0.1602 0.2297 0.0176 0.0312
0 0.3901 0.2602 0.0186 0.0391
0 0.1533 0.9773 0.0234 0.0422
0 0.0464 0.7156 0.0205 0.0531
0 0.043 0.6438 0.0215 0.0563
0 0.9932 0.5211 0.0117 0.0422
0 0.3911 0.5328 0.0205 0.0406
0 0.1641 0.3781 0.0195 0.0406
0 0.3652 0.3391 0.0176 0.0438
0 0.4009 0.3344 0.0166 0.0344
0 0.4688 0.3305 0.0176 0.0359
0 0.9951 0.2227 0.0078 0.0391
0 0.2764 0.0977 0.0156 0.0328
0 0.3066 0.018 0.0117 0.0266
0 0.1333 0.0484 0.0127 0.0312
0 0.8687 0.1867 0.0166 0.0328
0 0.811 0.1742 0.0146 0.0297
0 0.8179 0.1117 0.0146 0.0266
0 0.8257 0.1336 0.0146 0.0297
0 0.9692 0.6922 0.0205 0.0344
0 0.7212 0.6344 0.0225 0.0406
0 0.6377 0.9195 0.0312 0.0609
0 0.5454 0.6883 0.0225 0.0453
0 0.5889 0.6852 0.0234 0.0484
0 0.2573 0.5609 0.0166 0.0406
0 0.2749 0.5828 0.0186 0.0344
0 0.2642 0.7367 0.0244 0.0453
0 0.1226 0.8023 0.0303 0.0641
0 0.1382 0.7938 0.0244 0.05
0 0.144 0.6516 0.0225 0.0438
0 0.0889 0.5797 0.0215 0.0531
0 0.1069 0.2484 0.0166 0.0312
0 0.123 0.2727 0.0234 0.0391
0 0.2524 0.2789 0.0127 0.0297
0 0.4985 0.3578 0.0166 0.0375
0 0.5815 0.0789 0.0146 0.0297
0 0.3633 0.1 0.0176 0.0344
0 0.4961 0.3133 0.0176 0.0297
0 0.0176 0.9781 0.0254 0.0406
