0 0.1592 0.5763 0.0684 0.0968
0 0.1362 0.5962 0.0342 0.0756
0 0.2842 0.5809 0.041 0.0663
0 0.2822 0.4483 0.0156 0.0292
0 0.3413 0.441 0.0127 0.0279
0 0.4185 0.4529 0.0283 0.0438
0 0.4595 0.4304 0.0068 0.0305
0 0.4648 0.3992 0.0117 0.0186
0 0.4785 0.3767 0.0098 0.0159
0 0.4941 0.3966 0.0098 0.0239
0 0.5596 0.6174 0.041 0.0782
0 0.5137 0.7102 0.0391 0.0782
0 0.7822 0.3966 0.0156 0.0265
0 0.9668 0.6346 0.0488 0.0809
0 0.9404 0.4237 0.0156 0.0252
0 0.6821 0.3879 0.0146 0.0146
0 0.7275 0.3806 0.0078 0.0106
0 0.9941 0.5106 0.0078 0.0318
