0 0.9385 0.1757 0.0078 0.0198
0 0.8843 0.1586 0.0088 0.018
0 0.8721 0.1793 0.0078 0.0234
0 0.8589 0.1721 0.0068 0.0198
0 0.8076 0.2144 0.0098 0.018
0 0.7915 0.1342 0.0068 0.0162
0 0.7969 0.2441 0.0098 0.0198
0 0.6953 0.255 0.0098 0.0162
0 0.6816 0.2649 0.0098 0.0216
0 0.6851 0.1964 0.0049 0.0144
0 0.6885 0.1586 0.0059 0.018
0 0.7534 0.1784 0.0068 0.018
0 0.7163 0.3009 0.0088 0.018
0 0.7471 0.3243 0.0078 0.018
0 0.7852 0.3144 0.0059 0.0198
0 0.9712 0.4072 0.0068 0.0216
0 0.7651 0.5225 0.0107 0.0288
0 0.7871 0.5784 0.0098 0.0216
0 0.9907 0.8784 0.0127 0.027
0 0.9702 0.8604 0.0107 0.027
0 0.9282 0.8261 0.0107 0.0234
0 0.9004 0.9658 0.0098 0.0216
0 0.9238 0.8631 0.0078 0.018
0 0.6445 0.145 0.0098 0.0198
0 0.5596 0.1468 0.0078 0.0162
0 0.5439 0.1775 0.0078 0.0126
0 0.6201 0.1757 0.0098 0.0234
0 0.6631 0.2342 0.0078 0.0216
0 0.5469 0.2297 0.0078 0.0198
0 0.5479 0.2613 0.0117 0.018
0 0.5249 0.2351 0.0088 0.0162
0 0.5239 0.191 0.0088 0.0216
0 0.5776 0.3441 0.0107 0.0216
0 0.6021 0.3793 0.0068 0.0198
0 0.6357 0.2865 0.0137 0.0216
0 0.6162 0.273 0.0078 0.0234
0 0.5342 0.6171 0.0098 0.027
0 0.6455 0.445 0.0117 0.0252
0 0.5142 0.818 0.0107 0.0252
0 0.4868 0.8054 0.0088 0.0216
0 0.4575 0.8604 0.0107 0.027
0 0.4624 0.9748 0.0127 0.0252
0 0.1548 0.6703 0.0127 0.0216
0 0.1904 0.7468 0.0137 0.027
0 0.1255 0.7757 0.0107 0.0234
0 0.1191 0.6324 0.0098 0.0216
0 0.2402 0.5126 0.0137 0.027
0 0.2041 0.4955 0.0117 0.0252
0 0.2227 0.4495 0.0098 0.0234
0 0.2168 0.3631 0.0098 0.0198
0 0.1558 0.4514 0.0107 0.0198
0 0.125 0.3784 0.0098 0.018
0 0.1216 0.3468 0.0088 0.0198
0 0.1924 0.318 0.0137 0.0234
0 0.0435 0.3604 0.0088 0.0216
0 0.147 0.4279 0.0107 0.0162
0 0.1709 0.3622 0.0078 0.018
0 0.1143 0.3081 0.0098 0.018
0 0.0791 0.309 0.0098 0.0198
0 0.0645 0.2847 0.0078 0.018
0 0.1123 0.2622 0.0078 0.0198
0 0.0952 0.245 0.0088 0.018
0 0.0796 0.2568 0.0088 0.0162
0 0.0493 0.264 0.0088 0.0198
0 0.0874 0.2009 0.0068 0.0162
0 0.1426 0.1973 0.0078 0.0198
0 0.1655 0.2027 0.0068 0.0198
0 0.1479 0.2432 0.0088 0.0216
0 0.2041 0.2432 0.0078 0.0252
0 0.1943 0.2865 0.0078 0.0216
0 0.2046 0.1225 0.0088 0.0216
0 0.1846 0.1604 0.0078 0.018
0 0.1646 0.1739 0.0088 0.0234
0 0.1348 0.1261 0.0078 0.018
0 0.1138 0.1225 0.0068 0.0216
0 0.0981 0.1252 0.0088 0.0234
0 0.0645 0.1441 0.0078 0.0216
0 0.061 0.1216 0.0088 0.027
0 0.0459 0.1477 0.0098 0.0216
0 0.104 0.2883 0.0068 0.0216
0 0.2183 0.2883 0.0088 0.018
0 0.2065 0.3144 0.0088 0.0234
0 0.2051 0.0919 0.0098 0.0252
0 0.2241 0.1063 0.0088 0.018
0 0.2373 0.1207 0.0098 0.0216
0 0.2461 0.1432 0.0078 0.0162
0 0.2646 0.1423 0.0078 0.0216
0 0.2705 0.1225 0.0078 0.018
0 0.2715 0.1 0.0078 0.0198
0 0.3037 0.1486 0.0078 0.0162
0 0.2261 0.2189 0.0107 0.027
0 0.2476 0.2 0.0088 0.0216
0 0.3213 0.2135 0.0078 0.0198
0 0.314 0.2676 0.0088 0.0234
0 0.3042 0.2856 0.0088 0.0198
0 0.2603 0.2432 0.0088 0.0216
0 0.3154 0.3297 0.0078 0.018
0 0.3638 0.2703 0.0068 0.0216
0 0.3643 0.1613 0.0098 0.0234
0 0.3325 0.1604 0.0068 0.018
0 0.2598 0.3919 0.0078 0.0234
0 0.4839 0.1144 0.0068 0.0198
0 0.4521 0.109 0.0078 0.0162
0 0.4878 0.1694 0.0068 0.018
0 0.4868 0.1964 0.0088 0.0216
0 0.458 0.1955 0.0098 0.0198
0 0.4497 0.1604 0.0088 0.0216
0 0.4497 0.2703 0.0088 0.0216
0 0.4341 0.2514 0.0068 0.0162
0 0.4165 0.1973 0.0088 0.0234
0 0.417 0.2333 0.0059 0.0198
0 0.4053 0.2279 0.0078 0.0198
0 0.3857 0.2351 0.0078 0.0198
0 0.3555 0.1225 0.0078 0.0216
0 0.4751 0.2856 0.0088 0.0198
0 0.2642 0.4468 0.0127 0.0288
0 0.4131 0.6162 0.0117 0.0216
0 0.3164 0.3775 0.0078 0.0198
0 0.4111 0.3595 0.0078 0.0198
0 0.2808 0.3865 0.0107 0.0234
0 0.2979 0.3 0.0078 0.0234
0 0.5435 0.6441 0.0107 0.0234
0 0.2837 0.1658 0.0088 0.0216
0 0.3022 0.2108 0.0068 0.0216
0 0.2847 0.3468 0.0088 0.0234
0 0.2549 0.0315 0.0078 0.0198
0 0.2227 0.0261 0.0078 0.0198
0 0.3882 0.0712 0.0088 0.0198
0 0.3647 0.3144 0.0088 0.0234
0 0.3599 0.4811 0.0088 0.0216
0 0.5825 0.1117 0.0068 0.018
0 0.5396 0.1099 0.0068 0.0144
0 0.6475 0.2081 0.0078 0.0198
0 0.002 0.1766 0.0059 0.018
0 0.0938 0.0324 0.0078 0.0216
0 0.1602 0.1054 0.0098 0.0198
0 0.103 0.0946 0.0088 0.0198
0 0.1133 0.1577 0.0117 0.027
