0 0.9678 0.4595 0.0605 0.1096
0 0.8569 0.5548 0.0557 0.0843
0 0.938 0.3002 0.0264 0.0506
0 0.9639 0.2985 0.0195 0.0472
0 0.8076 0.4553 0.0254 0.0472
0 0.8301 0.3954 0.0117 0.0219
0 0.7388 0.4241 0.0107 0.0219
0 0.8628 0.3879 0.0107 0.0202
0 0.6792 0.6206 0.0439 0.0843
0 0.7021 0.4798 0.0254 0.0523
0 0.645 0.5396 0.0244 0.0573
0 0.5728 0.5396 0.0244 0.0506
0 0.5083 0.5953 0.0205 0.0506
0 0.6367 0.4469 0.0059 0.0135
0 0.6226 0.4739 0.0088 0.0169
0 0.5845 0.4857 0.0088 0.0202
0 0.5737 0.5169 0.0166 0.0354
0 0.6348 0.5059 0.0137 0.0304
0 0.6641 0.4384 0.0078 0.0169
0 0.4976 0.5447 0.0146 0.0304
0 0.5166 0.5405 0.0117 0.0253
0 0.543 0.4899 0.0098 0.0219
0 0.2739 0.6981 0.0283 0.054
0 0.312 0.6324 0.0166 0.0337
0 0.2671 0.6374 0.0166 0.0337
0 0.2964 0.6138 0.0107 0.0236
0 0.2808 0.6071 0.0088 0.0169
0 0.2158 0.7563 0.0293 0.0455
0 0.1182 0.7192 0.0176 0.0354
0 0.0938 0.7774 0.0352 0.0573
0 0.1519 0.6669 0.0127 0.0253
0 0.2021 0.6273 0.0098 0.0169
0 0.1733 0.6374 0.0049 0.0101
0 0.1187 0.6518 0.0049 0.0084
0 0.3335 0.5852 0.0107 0.0202
0 0.4629 0.5396 0.0137 0.027
0 0.3677 0.5776 0.0068 0.0118
0 0.3452 0.5708 0.0068 0.0152
0 0.5225 0.5034 0.0059 0.0118
0 0.5767 0.4705 0.0088 0.0135
0 0.6948 0.4233 0.0068 0.0135
0 0.7065 0.4191 0.0068 0.0118
0 0.3862 0.5514 0.0049 0.0101
0 0.4004 0.5329 0.0039 0.0067
0 0.3711 0.5616 0.0059 0.0101
0 0.9033 0.382 0.0195 0.0287
0 0.7524 0.4157 0.0088 0.0152
0 0.8325 0.3693 0.0068 0.0135
0 0.6846 0.4696 0.0117 0.0253
0 0.7651 0.6138 0.0283 0.054
0 0.0981 0.8592 0.0283 0.0556
0 0.3262 0.7133 0.0156 0.0337
0 0.3281 0.7622 0.0176 0.0371
0 0.7749 0.6577 0.0186 0.0405
0 0.8003 0.5818 0.0127 0.0337
0 0.103 0.9157 0.0225 0.0405
0 0.0874 0.6644 0.0068 0.0135
0 0.7583 0.5793 0.0205 0.0354
0 0.4263 0.516 0.0029 0.0067
0 0.4072 0.5312 0.0039 0.0067
0 0.4204 0.5093 0.0029 0.0067
0 0.0195 0.8938 0.041 0.1079
