0 0.2949 0.2543 0.0156 0.02
0 0.3198 0.2486 0.0146 0.02
0 0.3423 0.2243 0.0146 0.0286
0 0.3799 0.2293 0.0156 0.0243
0 0.0723 0.2864 0.0137 0.0214
0 0.0601 0.43 0.0225 0.0429
0 0.1738 0.4121 0.0254 0.0414
0 0.1797 0.4543 0.0234 0.0486
0 0.1265 0.4293 0.0166 0.0243
0 0.0903 0.4121 0.0225 0.0386
0 0.2075 0.4893 0.0322 0.0471
0 0.2632 0.4164 0.0225 0.0386
0 0.2046 0.3607 0.0186 0.03
0 0.0977 0.5279 0.0352 0.0614
0 0.0615 0.525 0.0254 0.0414
0 0.1084 0.6843 0.043 0.0829
0 0.0635 0.6664 0.0332 0.0729
0 0.2612 0.7529 0.042 0.0714
0 0.2764 0.7386 0.043 0.0743
0 0.314 0.7443 0.0537 0.0857
0 0.4341 0.7829 0.0537 0.0971
0 0.4556 0.6586 0.04 0.0743
0 0.4805 0.8679 0.0586 0.1129
0 0.4365 0.5457 0.0371 0.0514
0 0.5039 0.5593 0.0449 0.0671
0 0.293 0.5393 0.0273 0.0443
0 0.3516 0.4986 0.0391 0.0657
0 0.2847 0.4014 0.0244 0.0371
0 0.2974 0.4271 0.0244 0.0457
0 0.3345 0.3921 0.0225 0.0414
0 0.3291 0.4379 0.0332 0.0471
0 0.3862 0.4221 0.0264 0.0557
0 0.4497 0.335 0.0166 0.0243
0 0.4873 0.36 0.0215 0.0371
0 0.542 0.4971 0.0332 0.0486
0 0.5166 0.3257 0.0195 0.0314
0 0.5552 0.35 0.0205 0.0314
0 0.4302 0.2364 0.0107 0.0157
0 0.5293 0.2714 0.0098 0.0143
0 0.5669 0.2007 0.0068 0.0129
0 0.5815 0.3843 0.0244 0.0343
0 0.624 0.3993 0.0586 0.1243
0 0.6802 0.3186 0.0146 0.0229
0 0.772 0.5236 0.0615 0.0929
0 0.8335 0.4421 0.0264 0.0471
0 0.7217 0.3279 0.0156 0.0243
0 0.7266 0.2436 0.0117 0.0129
0 0.6943 0.2393 0.0078 0.0129
0 0.769 0.2607 0.0088 0.0157
0 0.8271 0.2743 0.0117 0.0229
0 0.8569 0.26 0.0146 0.02
0 0.8716 0.2286 0.0088 0.0171
0 0.8291 0.2214 0.0098 0.0171
0 0.7812 0.2379 0.0098 0.0129
0 0.9414 0.2443 0.0098 0.0171
0 0.896 0.2243 0.0088 0.0171
0 0.7617 0.8836 0.0625 0.0957
