0 0.2202 0.3826 0.0088 0.0146
0 0.2661 0.3707 0.0088 0.0119
0 0.293 0.3548 0.0098 0.0119
0 0.3115 0.2865 0.0059 0.0106
0 0.3213 0.3786 0.0078 0.0119
0 0.3579 0.3806 0.0088 0.0106
0 0.3721 0.3773 0.0078 0.0119
0 0.3833 0.4184 0.0088 0.0119
0 0.4214 0.4045 0.0068 0.0133
0 0.4204 0.3515 0.0068 0.0106
0 0.4487 0.372 0.0068 0.0093
0 0.186 0.445 0.0303 0.0544
0 0.2812 0.4363 0.0332 0.0398
0 0.3389 0.4231 0.0312 0.0371
0 0.4224 0.445 0.0303 0.0385
0 0.2539 0.7261 0.0508 0.0676
0 0.3906 0.6466 0.0508 0.0676
0 0.5 0.7798 0.0586 0.1273
0 0.6079 0.6432 0.04 0.061
0 0.3438 0.6585 0.0312 0.0544
0 0.7729 0.7361 0.0869 0.1273
0 0.7256 0.5749 0.0449 0.0676
0 0.7656 0.5358 0.0176 0.0265
0 0.7808 0.5305 0.0127 0.0292
0 0.8555 0.6485 0.0293 0.0504
0 0.9658 0.6638 0.0586 0.0544
0 0.8745 0.6691 0.0342 0.057
0 0.814 0.5391 0.0166 0.0252
0 0.8213 0.5159 0.0156 0.0265
0 0.8916 0.5875 0.0156 0.0212
0 0.9062 0.5915 0.0098 0.0159
0 0.9146 0.5716 0.0146 0.0159
0 0.939 0.5802 0.0186 0.0172
0 0.981 0.5981 0.0186 0.0212
0 0.9624 0.5948 0.0127 0.0172
0 0.6592 0.496 0.0215 0.0265
0 0.687 0.4947 0.0186 0.0371
0 0.6211 0.4702 0.0176 0.0332
0 0.603 0.4377 0.0264 0.0318
0 0.5229 0.4967 0.0205 0.0411
0 0.5093 0.4198 0.0283 0.0358
0 0.4326 0.4191 0.0078 0.0106
0 0.0698 0.4715 0.0205 0.0279
0 0.1235 0.4967 0.0205 0.0332
0 0.0244 0.4847 0.0332 0.0464
0 0.9961 0.5716 0.0059 0.0106
0 0.8296 0.5292 0.0068 0.0106
0 0.4141 0.3621 0.0059 0.0106
0 0.4189 0.3959 0.0059 0.0066
0 0.2793 0.3866 0.0059 0.0093
