0 0.9116 0.5439 0.0342 0.0723
0 0.9507 0.54 0.0127 0.0332
0 0.8516 0.4883 0.0273 0.0664
0 0.8203 0.5439 0.0332 0.0645
0 0.751 0.415 0.0352 0.0684
0 0.9341 0.416 0.0244 0.0547
0 0.9429 0.3613 0.0166 0.043
0 0.856 0.4336 0.0225 0.0547
0 0.7266 0.3555 0.0137 0.0352
0 0.7017 0.4355 0.0244 0.0508
0 0.6846 0.3711 0.0176 0.0391
0 0.7095 0.3867 0.0205 0.0586
0 0.6338 0.4189 0.0312 0.0645
0 0.7192 0.6299 0.0342 0.0762
0 0.6904 0.7773 0.0312 0.0703
0 0.584 0.6143 0.0469 0.1152
0 0.5923 0.4521 0.0381 0.0879
0 0.6748 0.4307 0.0215 0.0605
0 0.6143 0.8594 0.0391 0.1133
0 0.5039 0.8721 0.0781 0.1855
0 0.4453 0.6357 0.0645 0.1426
0 0.5078 0.5166 0.043 0.0996
0 0.5342 0.4531 0.0293 0.0703
0 0.4971 0.4238 0.0254 0.0625
0 0.2925 0.7471 0.0811 0.2168
0 0.1753 0.5938 0.0459 0.1289
0 0.209 0.5254 0.043 0.1055
0 0.2617 0.4688 0.0332 0.0781
0 0.2988 0.4238 0.0195 0.0547
0 0.4253 0.4961 0.0303 0.0898
0 0.4438 0.4873 0.0264 0.0684
0 0.0449 0.3311 0.0137 0.041
0 0.0645 0.3271 0.0156 0.0449
0 0.0293 0.3105 0.0137 0.0391
0 0.02 0.4492 0.042 0.1445
0 0.2568 0.3916 0.0195 0.0527
0 0.2422 0.3623 0.0176 0.0527
0 0.2241 0.4775 0.0244 0.084
0 0.2612 0.332 0.0107 0.0352
0 0.5078 0.3408 0.0273 0.0684
0 0.54 0.2881 0.0156 0.041
0 0.4014 0.3438 0.0215 0.0547
0 0.3735 0.3799 0.0283 0.0605
0 0.085 0.7002 0.0508 0.1074
0 0.0771 0.5264 0.041 0.1035
0 0.123 0.542 0.0293 0.0801
0 0.4814 0.3086 0.0156 0.043
0 0.4282 0.376 0.0205 0.0527
