0 0.0552 0.362 0.0205 0.0312
0 0.1094 0.2917 0.0195 0.0286
0 0.1909 0.3112 0.0225 0.0286
0 0.2397 0.3398 0.0479 0.0521
0 0.2739 0.403 0.0303 0.0456
0 0.3345 0.3678 0.0186 0.0326
0 0.3843 0.39 0.0205 0.0299
0 0.3916 0.3561 0.0156 0.0247
0 0.4497 0.4577 0.0342 0.0482
0 0.4194 0.4043 0.0303 0.0508
0 0.4893 0.4056 0.0273 0.0456
0 0.5273 0.2819 0.0176 0.0273
0 0.5767 0.349 0.0205 0.0339
0 0.5957 0.3522 0.0117 0.0247
0 0.6855 0.3346 0.0156 0.0234
0 0.793 0.3691 0.0137 0.0326
0 0.8892 0.3639 0.0225 0.0352
