0 0.0259 0.4688 0.0088 0.0208
0 0.0444 0.4531 0.0205 0.0312
0 0.0811 0.4648 0.0137 0.0286
0 0.0864 0.4303 0.0205 0.0456
0 0.0718 0.5938 0.0127 0.0234
0 0.2056 0.4603 0.0166 0.0326
0 0.3252 0.4551 0.0195 0.0378
0 0.4097 0.4427 0.0205 0.0365
0 0.2446 0.474 0.0205 0.0339
0 0.5674 0.4668 0.0273 0.0456
0 0.6641 0.4779 0.0195 0.0391
0 0.6987 0.4544 0.0127 0.0286
0 0.748 0.4668 0.0098 0.0143
0 0.834 0.431 0.0293 0.0521
0 0.8804 0.4056 0.0244 0.0378
0 0.9092 0.4434 0.0176 0.0299
0 0.9526 0.4486 0.0127 0.0273
0 0.9727 0.4466 0.0117 0.0234
