0 0.8809 0.2927 0.0176 0.0366
0 0.918 0.2569 0.0195 0.0503
0 0.8296 0.2843 0.0205 0.0442
0 0.6304 0.2637 0.0186 0.0457
0 0.7031 0.2424 0.0176 0.0366
0 0.6475 0.2241 0.0078 0.0152
0 0.7437 0.2035 0.0068 0.0168
0 0.54 0.1837 0.0117 0.0259
0 0.501 0.2843 0.0273 0.0595
0 0.416 0.2652 0.0137 0.0305
0 0.3882 0.2172 0.0166 0.0381
0 0.3555 0.2142 0.0098 0.0259
0 0.2905 0.2088 0.0107 0.0213
0 0.2964 0.234 0.0088 0.0229
0 0.0854 0.2409 0.0264 0.064
0 0.1455 0.2043 0.0117 0.0244
0 0.0679 0.1982 0.0127 0.0274
0 0.1567 0.2302 0.0264 0.064
