0 0.7988 0.589 0.0605 0.1158
0 0.7798 0.4258 0.0049 0.0099
0 0.771 0.423 0.0049 0.0071
0 0.7725 0.4449 0.0059 0.0113
0 0.7646 0.4435 0.0059 0.0113
0 0.917 0.4209 0.0078 0.0113
0 0.9473 0.4343 0.0098 0.0155
0 0.9795 0.4216 0.0078 0.0155
0 0.9854 0.3997 0.0059 0.0113
0 0.6675 0.4343 0.0068 0.0127
0 0.6489 0.4209 0.0088 0.0141
0 0.6118 0.4562 0.0088 0.0169
0 0.6079 0.4181 0.0049 0.0113
0 0.5747 0.4456 0.0088 0.0212
0 0.5229 0.4435 0.0127 0.0254
0 0.4575 0.4266 0.0088 0.0141
0 0.4351 0.4492 0.0127 0.0198
0 0.2856 0.464 0.0166 0.0353
0 0.2173 0.5092 0.0127 0.0212
0 0.1909 0.4774 0.0205 0.0395
0 0.1743 0.5021 0.0186 0.0353
0 0.0981 0.4668 0.0342 0.0466
0 0.1333 0.5516 0.0264 0.0523
0 0.0254 0.4605 0.0117 0.0226
0 0.0103 0.464 0.0146 0.024
0 0.0088 0.5085 0.0137 0.0311
0 0.269 0.4555 0.0107 0.0212
0 0.3232 0.4393 0.0098 0.0169
