0 0.1035 0.054 0.0176 0.0263
0 0.084 0.4584 0.0566 0.1226
0 0.1323 0.5022 0.0225 0.0496
0 0.1553 0.4803 0.041 0.0642
0 0.2168 0.4197 0.041 0.0803
0 0.293 0.4898 0.0488 0.0803
0 0.3721 0.5562 0.0527 0.1051
0 0.4009 0.4606 0.042 0.0803
0 0.4565 0.4781 0.0244 0.0482
0 0.4956 0.5036 0.0498 0.0964
0 0.5977 0.5577 0.0508 0.0876
0 0.5425 0.5234 0.0264 0.0511
0 0.5317 0.4759 0.0186 0.0292
0 0.6846 0.4883 0.0352 0.054
0 0.6318 0.5482 0.0312 0.0745
0 0.4331 0.9518 0.0869 0.0934
0 0.7231 0.5204 0.0107 0.0277
0 0.7388 0.5102 0.0107 0.0219
