0 0.7808 0.3341 0.0088 0.0161
0 0.8579 0.3501 0.0068 0.0161
0 0.7358 0.3311 0.0068 0.0161
0 0.7212 0.3224 0.0068 0.0161
0 0.9639 0.1155 0.0059 0.0117
0 0.9233 0.125 0.0049 0.0102
0 0.9233 0.1732 0.0049 0.0102
0 0.9863 0.1564 0.0059 0.0117
0 0.9199 0.1469 0.0039 0.0102
0 0.8784 0.1615 0.0049 0.0102
0 0.8955 0.1579 0.0039 0.0088
0 0.8975 0.1352 0.0039 0.0102
0 0.8599 0.1462 0.0049 0.0117
0 0.8672 0.1645 0.0059 0.0132
0 0.8779 0.1747 0.0059 0.0102
0 0.8569 0.1791 0.0049 0.0102
0 0.8389 0.1499 0.0059 0.0102
0 0.7891 0.1455 0.0059 0.0102
0 0.812 0.1864 0.0068 0.0132
0 0.7891 0.1886 0.0078 0.0146
0 0.77 0.1674 0.0049 0.0102
0 0.7568 0.1499 0.0059 0.0102
0 0.7388 0.133 0.0049 0.0117
0 0.7251 0.1316 0.0049 0.0117
0 0.7026 0.1513 0.0049 0.0102
0 0.7036 0.1864 0.0049 0.0102
0 0.6816 0.1557 0.0039 0.0102
0 0.7212 0.2032 0.0049 0.0117
0 0.7275 0.1754 0.0059 0.0117
0 0.6187 0.1499 0.0068 0.0132
0 0.6387 0.1287 0.0059 0.0117
0 0.6416 0.1433 0.0059 0.0117
0 0.4927 0.1966 0.0068 0.0132
0 0.5015 0.1689 0.0049 0.0102
0 0.478 0.1696 0.0068 0.0117
0 0.4502 0.1725 0.0059 0.0117
0 0.4487 0.193 0.0049 0.0117
0 0.4595 0.2061 0.0068 0.0117
0 0.5156 0.2039 0.0039 0.0102
0 0.4077 0.1477 0.0068 0.0146
0 0.3931 0.1557 0.0049 0.0102
0 0.4185 0.1499 0.0049 0.0102
0 0.4277 0.1981 0.0059 0.0102
0 0.4331 0.1564 0.0068 0.0146
0 0.3716 0.1732 0.0049 0.0102
0 0.3286 0.2127 0.0068 0.0161
0 0.3613 0.2061 0.0059 0.0117
0 0.3501 0.2091 0.0068 0.0117
0 0.3687 0.2208 0.0068 0.0117
0 0.395 0.2054 0.0049 0.0102
0 0.231 0.3121 0.0068 0.0132
0 0.251 0.2961 0.0059 0.0132
0 0.2432 0.2909 0.0078 0.0175
0 0.189 0.2822 0.0068 0.0146
0 0.1733 0.3143 0.0068 0.0117
0 0.168 0.3209 0.0059 0.0132
0 0.2041 0.3224 0.0059 0.0132
0 0.2153 0.3246 0.0049 0.0117
0 0.2397 0.3311 0.0068 0.0102
0 0.2642 0.345 0.0068 0.0117
0 0.2544 0.356 0.0068 0.0132
0 0.2461 0.375 0.0078 0.0132
0 0.1948 0.3523 0.0068 0.0117
0 0.1904 0.3238 0.0078 0.0132
0 0.1626 0.3779 0.0068 0.0161
0 0.1519 0.3794 0.0068 0.0132
0 0.1538 0.3633 0.0049 0.0102
0 0.1719 0.3706 0.0059 0.0132
0 0.1436 0.3487 0.0059 0.0102
0 0.1167 0.3523 0.0049 0.0117
0 0.1353 0.2961 0.0068 0.0132
0 0.1528 0.2471 0.0068 0.0117
0 0.1685 0.2442 0.0049 0.0088
0 0.1377 0.2515 0.0059 0.0117
0 0.1133 0.2346 0.0078 0.0132
0 0.2725 0.2654 0.0059 0.0132
0 0.272 0.3304 0.0068 0.0117
0 0.2764 0.2887 0.0059 0.0132
0 0.1558 0.3041 0.0088 0.0175
0 0.1626 0.2829 0.0088 0.0161
0 0.3325 0.2325 0.0068 0.0146
0 0.3105 0.1674 0.0059 0.0102
0 0.3052 0.1572 0.0049 0.0102
0 0.334 0.1937 0.0059 0.0102
0 0.459 0.3275 0.0098 0.0205
0 0.4341 0.2924 0.0088 0.0146
0 0.4653 0.3523 0.0068 0.0175
0 0.4453 0.3275 0.0078 0.0146
0 0.4775 0.3268 0.0059 0.0132
0 0.4839 0.3472 0.0068 0.0161
0 0.4912 0.3735 0.0078 0.0132
0 0.4775 0.3772 0.0059 0.0117
0 0.4253 0.3399 0.0049 0.0132
0 0.4951 0.3151 0.0059 0.0102
0 0.3467 0.2485 0.0039 0.0117
0 0.3687 0.2398 0.0049 0.0088
0 0.3945 0.3596 0.0078 0.0146
0 0.4077 0.367 0.0068 0.0117
0 0.4077 0.3962 0.0049 0.0146
0 0.3936 0.3896 0.0078 0.0161
0 0.3809 0.3743 0.0098 0.0175
0 0.3843 0.405 0.0088 0.0146
0 0.3467 0.3801 0.0078 0.0146
0 0.3584 0.3721 0.0078 0.0132
0 0.3428 0.367 0.0059 0.0117
0 0.3394 0.3955 0.0088 0.019
0 0.3677 0.3977 0.0088 0.0175
0 0.4194 0.4115 0.0068 0.0132
0 0.395 0.424 0.0049 0.0117
0 0.5903 0.2624 0.0049 0.0102
0 0.6108 0.258 0.0049 0.0102
0 0.5522 0.2917 0.0068 0.0102
0 0.6597 0.3136 0.0068 0.0132
0 0.6719 0.3289 0.0078 0.0117
0 0.668 0.3516 0.0078 0.0161
0 0.6484 0.3706 0.0078 0.0161
0 0.6387 0.3472 0.0059 0.0102
0 0.6738 0.3699 0.0098 0.0205
0 0.6826 0.4094 0.0078 0.0175
0 0.707 0.4006 0.0078 0.0175
0 0.6597 0.402 0.0068 0.0146
0 0.6641 0.3882 0.0078 0.0161
0 0.6846 0.367 0.0078 0.0146
0 0.6245 0.383 0.0068 0.0146
0 0.6284 0.4159 0.0068 0.0161
0 0.5796 0.3969 0.0068 0.0161
0 0.583 0.4371 0.0078 0.0175
0 0.5698 0.4386 0.0088 0.0175
0 0.6118 0.4444 0.0068 0.0146
0 0.5181 0.4028 0.0068 0.0132
0 0.499 0.3911 0.0078 0.0161
0 0.5112 0.4247 0.0068 0.0161
0 0.5444 0.4115 0.0049 0.0102
0 0.5464 0.4598 0.0088 0.0161
0 0.5601 0.4598 0.0088 0.0161
0 0.5508 0.4298 0.0059 0.0117
0 0.4751 0.4569 0.0088 0.0161
0 0.4614 0.4035 0.0049 0.0088
0 0.4673 0.4189 0.0068 0.0161
0 0.4287 0.4254 0.0078 0.0175
0 0.4434 0.4086 0.0039 0.0073
0 0.2793 0.3553 0.0059 0.0117
0 0.3013 0.3699 0.0068 0.0117
0 0.2817 0.3838 0.0068 0.0132
0 0.2612 0.3911 0.0068 0.0132
0 0.3003 0.4028 0.0068 0.0132
0 0.314 0.3852 0.0049 0.0102
0 0.3296 0.3779 0.0049 0.0102
0 0.3467 0.4379 0.0059 0.0132
0 0.333 0.4137 0.0059 0.0117
0 0.3291 0.4327 0.0078 0.0146
0 0.2012 0.4145 0.0078 0.0161
0 0.1938 0.3874 0.0068 0.0117
0 0.2231 0.4072 0.0068 0.0132
0 0.2305 0.4605 0.0098 0.0175
0 0.2402 0.4715 0.0078 0.0161
0 0.2378 0.4101 0.0088 0.0161
0 0.1689 0.3925 0.0078 0.0161
0 0.1504 0.4094 0.0078 0.0175
0 0.2295 0.4335 0.0078 0.0132
0 0.8555 0.3129 0.0039 0.0146
0 0.8872 0.3545 0.0068 0.0132
0 0.9126 0.3618 0.0088 0.0161
0 0.9316 0.3282 0.0078 0.0132
0 0.9478 0.3896 0.0088 0.0161
0 0.9106 0.3816 0.0088 0.0175
0 0.875 0.3991 0.0078 0.0146
0 0.8438 0.4013 0.0098 0.0161
0 0.9604 0.413 0.0088 0.0161
0 0.96 0.4042 0.0078 0.0132
0 0.9312 0.3662 0.0049 0.0132
0 0.8184 0.3509 0.0078 0.0175
0 0.9771 0.3648 0.0068 0.0132
0 0.9644 0.3472 0.0068 0.0132
0 0.9858 0.318 0.0068 0.0161
0 0.9058 0.4335 0.0068 0.0132
0 0.917 0.4474 0.0078 0.0175
0 0.918 0.4773 0.0078 0.0161
0 0.9507 0.4503 0.0068 0.0146
0 0.938 0.4803 0.0088 0.0161
0 0.9917 0.481 0.0088 0.0175
0 0.9873 0.4488 0.0059 0.0146
0 0.8955 0.4978 0.0098 0.0161
0 0.7305 0.3889 0.0078 0.0146
0 0.7661 0.3925 0.0068 0.0161
0 0.75 0.3999 0.0078 0.0161
0 0.8062 0.4006 0.0068 0.0146
0 0.8125 0.3999 0.0059 0.0132
0 0.8115 0.4247 0.0078 0.0161
0 0.7969 0.4364 0.0078 0.019
0 0.7817 0.4203 0.0068 0.0161
0 0.75 0.4262 0.0078 0.0161
0 0.7148 0.4466 0.0098 0.019
0 0.749 0.4678 0.0078 0.0146
0 0.7949 0.4583 0.0078 0.0132
0 0.8613 0.4269 0.0078 0.0146
0 0.8633 0.4561 0.0078 0.0175
0 0.8389 0.4664 0.0078 0.0175
0 0.8667 0.5022 0.0088 0.019
0 0.8003 0.4854 0.0068 0.0146
0 0.8208 0.4605 0.0068 0.0146
0 0.8096 0.5095 0.0078 0.019
0 0.8032 0.527 0.0088 0.019
0 0.8447 0.5329 0.0078 0.0161
0 0.6602 0.4488 0.0078 0.0175
0 0.6484 0.4291 0.0078 0.0161
0 0.7002 0.4744 0.0078 0.0161
0 0.6826 0.4978 0.0078 0.0161
0 0.6406 0.4788 0.0098 0.019
0 0.6294 0.4759 0.0068 0.0161
0 0.7188 0.4868 0.0059 0.0146
0 0.7593 0.5051 0.0088 0.0161
0 0.7344 0.4795 0.0078 0.0175
0 0.6392 0.5175 0.0088 0.0175
0 0.6675 0.5066 0.0068 0.0132
0 0.6099 0.5263 0.0088 0.0175
0 0.6138 0.5446 0.0088 0.019
0 0.6108 0.5073 0.0068 0.0146
0 0.6045 0.4942 0.0078 0.0146
0 0.5732 0.4949 0.0078 0.0161
0 0.5767 0.5212 0.0068 0.0161
0 0.5112 0.4963 0.0088 0.019
0 0.4995 0.5351 0.0088 0.0175
0 0.4727 0.4978 0.0078 0.0161
0 0.4414 0.4854 0.0059 0.0117
0 0.4326 0.462 0.0078 0.0146
0 0.4199 0.473 0.0078 0.0161
0 0.4263 0.5095 0.0088 0.0219
0 0.439 0.5329 0.0088 0.0161
0 0.4819 0.5336 0.0088 0.0175
0 0.437 0.5673 0.0107 0.0205
0 0.4048 0.5197 0.0088 0.0161
0 0.4014 0.4985 0.0078 0.0146
0 0.3862 0.5161 0.0088 0.0175
0 0.3647 0.5073 0.0088 0.0175
0 0.3652 0.5256 0.0078 0.0161
0 0.3545 0.4963 0.0078 0.0161
0 0.3652 0.489 0.0078 0.0161
0 0.3682 0.4656 0.0078 0.0161
0 0.3892 0.4474 0.0068 0.0146
0 0.3228 0.4737 0.0088 0.0175
0 0.3232 0.4569 0.0078 0.0132
0 0.3013 0.4744 0.0088 0.0161
0 0.3271 0.492 0.0078 0.0132
0 0.3081 0.5058 0.0088 0.0175
0 0.3423 0.5227 0.0088 0.0161
0 0.2686 0.5015 0.0078 0.0146
0 0.2788 0.4905 0.0088 0.0161
0 0.2524 0.4795 0.0088 0.0146
0 0.2563 0.4269 0.0088 0.0146
0 0.2798 0.4635 0.0088 0.0205
0 0.2817 0.5329 0.0068 0.0161
0 0.3223 0.5424 0.0098 0.0205
0 0.2549 0.5351 0.0078 0.0175
0 0.2339 0.5395 0.0068 0.0175
0 0.2227 0.511 0.0098 0.019
0 0.1997 0.5146 0.0088 0.0175
0 0.2148 0.489 0.0078 0.0161
0 0.2295 0.5051 0.0078 0.019
0 0.2827 0.5687 0.0088 0.0175
0 0.251 0.5877 0.0078 0.0175
0 0.2744 0.6104 0.0078 0.0161
0 0.1987 0.5863 0.0088 0.0175
0 0.1982 0.5621 0.0078 0.0161
0 0.4585 0.4649 0.0068 0.0146
0 0.3555 0.5556 0.0078 0.0175
0 0.3394 0.6023 0.0088 0.0175
0 0.3896 0.5972 0.0098 0.019
0 0.3896 0.5307 0.0098 0.0205
0 0.4233 0.6272 0.0088 0.0234
0 0.0752 0.3823 0.0078 0.0161
0 0.0493 0.3501 0.0088 0.019
0 0.147 0.4525 0.0107 0.0219
0 0.1108 0.4678 0.0068 0.0146
0 0.083 0.4751 0.0078 0.0175
0 0.1289 0.4773 0.0078 0.0132
0 0.1294 0.4247 0.0068 0.0161
0 0.0435 0.4942 0.0088 0.0175
0 0.083 0.5146 0.0098 0.0175
0 0.0269 0.5278 0.0088 0.0146
0 0.0107 0.4978 0.0078 0.0161
0 0.0039 0.4781 0.0098 0.0175
0 0.0337 0.4561 0.0088 0.0146
0 0.1104 0.4883 0.0078 0.0175
0 0.1001 0.549 0.0088 0.0161
0 0.1714 0.5329 0.0068 0.0161
0 0.1816 0.5629 0.0098 0.0234
0 0.1582 0.5161 0.0078 0.0146
0 0.1367 0.5219 0.0078 0.0146
0 0.1172 0.5154 0.0078 0.0161
0 0.189 0.4963 0.0088 0.019
0 0.1211 0.5833 0.0098 0.0205
0 0.1816 0.4313 0.0098 0.0175
0 0.5723 0.5658 0.0078 0.0175
0 0.6069 0.5724 0.0107 0.0219
0 0.5449 0.5716 0.0078 0.0175
0 0.5327 0.5278 0.0068 0.0146
0 0.9263 0.4934 0.0068 0.0161
0 0.9849 0.5439 0.0088 0.0175
0 0.9604 0.6001 0.0107 0.0219
0 0.8843 0.5563 0.0068 0.0161
0 0.8955 0.6104 0.0098 0.019
0 0.8296 0.5651 0.0068 0.0161
0 0.7817 0.5885 0.0088 0.0161
0 0.791 0.5921 0.0078 0.0175
0 0.7959 0.6045 0.0059 0.0161
0 0.8252 0.6053 0.0098 0.0205
0 0.8364 0.6067 0.0088 0.0205
0 0.873 0.6155 0.0098 0.0205
0 0.7861 0.6279 0.0078 0.019
0 0.7988 0.6455 0.0059 0.0161
0 0.7695 0.6762 0.0078 0.019
0 0.8198 0.6849 0.0107 0.0219
0 0.6777 0.5665 0.0098 0.019
0 0.7417 0.5987 0.0068 0.019
0 0.7612 0.538 0.0068 0.0146
0 0.6968 0.6542 0.0107 0.019
0 0.6606 0.6535 0.0107 0.0205
0 0.6587 0.6096 0.0088 0.0175
0 0.6396 0.6235 0.0078 0.019
0 0.7285 0.6842 0.0078 0.0205
0 0.7183 0.6754 0.0088 0.0146
0 0.6748 0.6944 0.0098 0.0175
0 0.6245 0.6944 0.0127 0.0205
0 0.6011 0.6433 0.0088 0.0175
0 0.6108 0.6411 0.0088 0.0161
0 0.5576 0.6491 0.0098 0.0205
0 0.5625 0.6213 0.0098 0.0175
0 0.5869 0.5504 0.0098 0.0219
0 0.5938 0.6206 0.0078 0.0161
0 0.4854 0.5665 0.0059 0.0161
0 0.5425 0.6192 0.0107 0.019
0 0.5317 0.6404 0.0088 0.0205
0 0.5029 0.6586 0.0098 0.0219
0 0.4556 0.6082 0.0068 0.0146
0 0.4614 0.6484 0.0088 0.0161
0 0.4604 0.6769 0.0107 0.0205
0 0.5029 0.6974 0.0098 0.0205
0 0.3984 0.6294 0.0117 0.0219
0 0.417 0.6857 0.0098 0.0175
0 0.5308 0.7069 0.0088 0.019
0 0.9902 0.723 0.0078 0.019
0 0.9731 0.7931 0.0107 0.0219
0 0.8887 0.7186 0.0117 0.0219
0 0.8877 0.7829 0.0098 0.0219
0 0.8579 0.7186 0.0107 0.0219
0 0.8662 0.7193 0.0098 0.0234
0 0.8315 0.78 0.0107 0.0249
0 0.8198 0.7741 0.0107 0.0249
0 0.7915 0.7368 0.0107 0.0234
0 0.7671 0.7127 0.0088 0.019
0 0.7769 0.8355 0.0127 0.0249
0 0.8335 0.8465 0.0107 0.0205
0 0.8706 0.845 0.0127 0.0234
0 0.7725 0.7939 0.0117 0.0263
0 0.8857 0.8867 0.0137 0.0278
0 0.3276 0.6382 0.0107 0.019
0 0.3691 0.6396 0.0098 0.019
0 0.3618 0.6594 0.0088 0.0205
0 0.3325 0.663 0.0107 0.0219
0 0.3003 0.6659 0.0107 0.019
0 0.3921 0.6674 0.0107 0.0219
0 0.3716 0.7069 0.0088 0.019
0 0.2617 0.6696 0.0098 0.0175
0 0.248 0.6235 0.0078 0.0161
0 0.2935 0.9466 0.0088 0.019
0 0.1133 0.6981 0.0117 0.0219
0 0.1587 0.7244 0.0107 0.019
0 0.1572 0.7098 0.0059 0.0161
0 0.0879 0.7325 0.0098 0.0205
0 0.0293 0.7412 0.0078 0.0146
0 0.0415 0.7895 0.0127 0.0234
0 0.0312 0.7727 0.0098 0.019
0 0.0947 0.7734 0.0098 0.0205
0 0.0151 0.788 0.0107 0.0175
0 0.1084 0.8246 0.0098 0.0175
0 0.166 0.7734 0.0098 0.0175
0 0.1646 0.8209 0.0127 0.0249
0 0.0752 0.9488 0.0117 0.0234
0 0.1958 0.8385 0.0127 0.0219
0 0.2129 0.7865 0.0137 0.0234
0 0.2266 0.8428 0.0117 0.0219
0 0.2329 0.818 0.0088 0.019
0 0.3521 0.7478 0.0107 0.019
0 0.3198 0.7405 0.0088 0.0219
0 0.2939 0.7332 0.0098 0.019
0 0.3037 0.7164 0.0078 0.0175
0 0.2842 0.7507 0.0098 0.019
0 0.2617 0.8173 0.0098 0.0175
0 0.2856 0.8304 0.0127 0.0234
0 0.3062 0.8202 0.0127 0.0205
0 0.3022 0.799 0.0107 0.019
0 0.3208 0.8333 0.0127 0.0234
0 0.4014 0.7661 0.0098 0.0205
0 0.3901 0.7478 0.0107 0.019
0 0.3081 0.8545 0.0107 0.0249
0 0.3213 0.905 0.0098 0.0263
0 0.2847 0.9291 0.0107 0.0249
0 0.4541 0.7471 0.0117 0.0234
0 0.4536 0.7288 0.0107 0.019
0 0.5142 0.7544 0.0107 0.0234
0 0.5083 0.7427 0.0088 0.0175
0 0.5732 0.7961 0.0117 0.0249
0 0.6079 0.7325 0.0088 0.0205
0 0.6792 0.7851 0.0127 0.0205
0 0.5981 0.8282 0.0127 0.0219
0 0.6704 0.7237 0.0107 0.0205
0 0.5811 0.7734 0.0098 0.0205
0 0.5708 0.7807 0.0107 0.0175
0 0.5591 0.7522 0.0107 0.019
0 0.3408 0.7953 0.0098 0.0205
0 0.6323 0.8874 0.0107 0.0234
0 0.5986 0.8684 0.0137 0.0263
0 0.5835 0.864 0.0107 0.0234
0 0.6128 0.8406 0.0088 0.0205
0 0.7388 0.8816 0.0107 0.0234
0 0.71 0.8567 0.0137 0.0234
0 0.6724 0.8655 0.0127 0.0234
0 0.7178 0.758 0.0117 0.0219
0 0.728 0.7383 0.0088 0.0175
0 0.5898 0.9481 0.0137 0.0249
0 0.2754 0.7186 0.0078 0.0161
0 0.7183 0.5994 0.0088 0.0175
0 0.9932 0.6192 0.0098 0.019
0 0.582 0.1213 0.0098 0.0175
0 0.8828 0.9825 0.0176 0.0322
