0 0.0913 0.3037 0.0049 0.0089
0 0.1167 0.3044 0.0049 0.0104
0 0.1323 0.3037 0.0049 0.0089
0 0.1519 0.3052 0.0049 0.0089
0 0.1685 0.3037 0.0049 0.0089
0 0.1855 0.3081 0.0059 0.0089
0 0.2056 0.303 0.0049 0.0074
0 0.2236 0.3081 0.0039 0.0089
0 0.2407 0.3111 0.0049 0.0089
0 0.251 0.3526 0.0039 0.0089
0 0.2275 0.3563 0.0039 0.0074
0 0.2495 0.3822 0.0049 0.0089
0 0.2246 0.38 0.0078 0.0133
0 0.207 0.3785 0.0059 0.0104
0 0.1851 0.3763 0.0049 0.0089
0 0.1836 0.3259 0.0039 0.0089
0 0.168 0.3489 0.0059 0.0104
0 0.1611 0.3259 0.0059 0.0119
0 0.1504 0.3481 0.0078 0.0119
0 0.1406 0.3281 0.0059 0.0104
0 0.127 0.3474 0.0059 0.0104
0 0.1035 0.3244 0.0059 0.0089
0 0.0659 0.3585 0.0049 0.0119
0 0.1064 0.4015 0.0059 0.0119
0 0.1328 0.4015 0.0059 0.0119
0 0.1401 0.3756 0.0049 0.0104
0 0.1592 0.3778 0.0059 0.0089
0 0.1553 0.4015 0.0039 0.0089
0 0.1187 0.3763 0.0049 0.0089
0 0.0371 0.4237 0.0078 0.0119
0 0.0181 0.4207 0.0068 0.0089
0 0.0117 0.4067 0.0059 0.0104
0 0.0117 0.4519 0.0078 0.0119
0 0.0659 0.4881 0.0088 0.0163
0 0.0518 0.4652 0.0059 0.0148
0 0.0918 0.4696 0.0078 0.0148
0 0.104 0.4785 0.0068 0.0148
0 0.1113 0.4822 0.0059 0.0133
0 0.125 0.4941 0.0059 0.0133
0 0.1528 0.4896 0.0049 0.0133
0 0.1724 0.4963 0.0068 0.0119
0 0.1826 0.5148 0.0078 0.0133
0 0.1997 0.4452 0.0068 0.0133
0 0.1982 0.4326 0.0059 0.0119
0 0.1763 0.4393 0.0068 0.0104
0 0.2275 0.4311 0.0059 0.0119
0 0.2441 0.4481 0.0059 0.0133
0 0.2598 0.437 0.0059 0.0089
0 0.2358 0.4133 0.0049 0.0089
0 0.2139 0.4111 0.0059 0.0104
0 0.1094 0.4259 0.0059 0.0104
0 0.1177 0.4407 0.0049 0.0104
0 0.0923 0.4304 0.0068 0.0133
0 0.0874 0.4037 0.0068 0.0104
0 0.0791 0.3748 0.0059 0.0089
0 0.0601 0.3778 0.0049 0.0089
0 0.3145 0.4 0.0059 0.0119
0 0.3345 0.4059 0.0049 0.0089
0 0.3086 0.5022 0.0078 0.0148
0 0.2783 0.3074 0.0059 0.0074
0 0.2559 0.3081 0.0039 0.0059
0 0.2539 0.3289 0.0059 0.0089
0 0.2969 0.3096 0.0039 0.0089
0 0.3164 0.3089 0.0039 0.0074
0 0.3389 0.3037 0.0039 0.0089
0 0.3589 0.3044 0.0049 0.0104
0 0.396 0.3059 0.0049 0.0074
0 0.4146 0.3119 0.0049 0.0074
0 0.4355 0.3067 0.0059 0.0089
0 0.4541 0.3156 0.0059 0.0089
0 0.4277 0.3356 0.0059 0.0074
0 0.3872 0.3422 0.0088 0.0237
0 0.3389 0.3815 0.0059 0.0104
0 0.3477 0.3296 0.0059 0.0104
0 0.3389 0.443 0.0059 0.0119
0 0.3477 0.4311 0.0059 0.0148
0 0.3706 0.4304 0.0068 0.0104
0 0.353 0.4119 0.0049 0.0089
0 0.3594 0.4037 0.0059 0.0074
0 0.3965 0.4341 0.0059 0.0119
0 0.3945 0.4096 0.0059 0.0133
0 0.4189 0.4333 0.0059 0.0133
0 0.4409 0.4341 0.0088 0.0119
0 0.4658 0.4141 0.0078 0.0163
0 0.4648 0.3844 0.0059 0.0104
0 0.4839 0.383 0.0049 0.0104
0 0.4863 0.3615 0.0059 0.0119
0 0.4409 0.3867 0.0068 0.0148
0 0.3042 0.4296 0.0068 0.0119
0 0.4033 0.3748 0.0059 0.0178
0 0.4004 0.3578 0.0059 0.0104
0 0.3804 0.3793 0.0068 0.0148
0 0.3428 0.3733 0.0059 0.0148
0 0.3232 0.3556 0.0059 0.0119
0 0.4419 0.3563 0.0068 0.0133
0 0.4233 0.357 0.0049 0.0089
0 0.5015 0.3874 0.0049 0.0104
0 0.5029 0.3556 0.0059 0.0119
0 0.5278 0.3607 0.0049 0.0104
0 0.5435 0.3593 0.0049 0.0104
0 0.5381 0.3896 0.0039 0.0089
0 0.522 0.3948 0.0068 0.0133
0 0.5244 0.4111 0.0039 0.0104
0 0.5146 0.4348 0.0059 0.0104
0 0.4946 0.437 0.0068 0.0119
0 0.4707 0.3319 0.0039 0.0089
0 0.4717 0.3119 0.0059 0.0104
0 0.4883 0.3193 0.0059 0.0104
0 0.5059 0.3207 0.0059 0.0104
0 0.4492 0.3319 0.0059 0.0119
0 0.4868 0.3363 0.0068 0.0119
0 0.5215 0.3096 0.0039 0.0059
0 0.5288 0.3207 0.0049 0.0104
0 0.5239 0.3326 0.0049 0.0104
0 0.5415 0.3385 0.0049 0.0104
0 0.5459 0.3141 0.0059 0.0119
0 0.564 0.3348 0.0068 0.0089
0 0.5854 0.3385 0.0049 0.0104
0 0.582 0.3081 0.0059 0.0119
0 0.605 0.3126 0.0049 0.0119
0 0.6064 0.3356 0.0078 0.0133
0 0.6235 0.3148 0.0068 0.0104
0 0.6431 0.3163 0.0049 0.0104
0 0.6626 0.3222 0.0049 0.0104
0 0.627 0.34 0.0039 0.0074
0 0.6064 0.3852 0.0059 0.0119
0 0.5869 0.3867 0.0078 0.0119
0 0.5625 0.3874 0.0098 0.0193
0 0.564 0.3556 0.0088 0.0148
0 0.5425 0.4141 0.0049 0.0104
0 0.5654 0.4133 0.0059 0.0119
0 0.5864 0.4133 0.0068 0.0119
0 0.6069 0.4133 0.0088 0.0119
0 0.6055 0.4407 0.0059 0.0133
0 0.5859 0.4422 0.0078 0.0133
0 0.5625 0.4407 0.0059 0.0104
0 0.54 0.4393 0.0078 0.0104
0 0.6313 0.4133 0.0049 0.0119
0 0.6304 0.3837 0.0068 0.0119
0 0.647 0.357 0.0068 0.0119
0 0.6602 0.3563 0.0059 0.0133
0 0.6768 0.3652 0.0059 0.0104
0 0.6875 0.4141 0.0078 0.0133
0 0.6587 0.3904 0.0049 0.0104
0 0.6431 0.4385 0.0049 0.0119
0 0.6519 0.4541 0.0068 0.0133
0 0.6699 0.463 0.0078 0.0133
0 0.6787 0.477 0.0078 0.0119
0 0.7129 0.4696 0.0078 0.0178
0 0.7031 0.4415 0.0078 0.0119
0 0.6792 0.4356 0.0068 0.0119
0 0.7148 0.3889 0.0059 0.0104
0 0.7124 0.3652 0.0049 0.0104
0 0.6992 0.34 0.0059 0.0104
0 0.7021 0.3156 0.0059 0.0089
0 0.7197 0.3222 0.0059 0.0133
0 0.7368 0.3215 0.0049 0.0119
0 0.6855 0.3133 0.0059 0.0104
0 0.7383 0.3941 0.0059 0.0148
0 0.7578 0.3941 0.0059 0.0119
0 0.7764 0.3963 0.0078 0.0163
0 0.748 0.3689 0.0039 0.0089
0 0.8115 0.3696 0.0059 0.0104
0 0.8179 0.3422 0.0068 0.0119
0 0.8125 0.323 0.0059 0.0089
0 0.7798 0.3222 0.0049 0.0104
0 0.7563 0.3207 0.0068 0.0104
0 0.7827 0.44 0.0068 0.0119
0 0.7588 0.4393 0.0078 0.0133
0 0.7368 0.4326 0.0068 0.0119
0 0.7173 0.4133 0.0068 0.0148
0 0.729 0.4563 0.0068 0.0148
0 0.7451 0.4689 0.0078 0.0133
0 0.7324 0.4778 0.0059 0.0104
0 0.8052 0.4474 0.0068 0.0148
0 0.8281 0.4474 0.0078 0.0148
0 0.8359 0.3244 0.0059 0.0089
0 0.853 0.3244 0.0049 0.0089
0 0.8618 0.3459 0.0068 0.0104
0 0.8857 0.3437 0.0059 0.0119
0 0.8711 0.3689 0.0059 0.0119
0 0.8491 0.3733 0.0049 0.0119
0 0.8296 0.3763 0.0068 0.0089
0 0.8086 0.42 0.0059 0.0104
0 0.8311 0.42 0.0059 0.0133
0 0.8516 0.4274 0.0059 0.0104
0 0.8755 0.4215 0.0068 0.0133
0 0.8867 0.4 0.0059 0.0119
0 0.9141 0.4585 0.0078 0.0163
0 0.9189 0.4289 0.0059 0.0133
0 0.8926 0.4259 0.0059 0.0104
0 0.8745 0.4504 0.0068 0.0119
0 0.855 0.4726 0.0068 0.0148
0 0.8315 0.503 0.0068 0.0133
0 0.8223 0.5037 0.0059 0.0119
0 0.8447 0.52 0.0078 0.0148
0 0.7842 0.5096 0.0078 0.0148
0 0.792 0.4896 0.0059 0.0133
0 0.8125 0.4837 0.0059 0.0133
0 0.7505 0.4948 0.0088 0.0148
0 0.7329 0.5163 0.0068 0.0163
0 0.7251 0.5067 0.0088 0.0148
0 0.7114 0.5007 0.0088 0.0178
0 0.8076 0.4741 0.0078 0.0148
0 0.8354 0.477 0.0088 0.0148
0 0.8975 0.4548 0.0059 0.0148
0 0.8745 0.4941 0.0068 0.0133
0 0.9248 0.5126 0.0078 0.0148
0 0.9385 0.4681 0.0078 0.0119
0 0.9775 0.4896 0.0078 0.0133
0 0.9531 0.5052 0.0078 0.0119
0 0.9761 0.5081 0.0068 0.0148
0 0.9819 0.5615 0.0068 0.0148
0 0.9121 0.5859 0.0078 0.0163
0 0.8955 0.5741 0.0098 0.0133
0 0.9014 0.5356 0.0078 0.0163
0 0.8784 0.543 0.0068 0.0133
0 0.8149 0.5452 0.0088 0.0178
0 0.8418 0.5489 0.0078 0.0193
0 0.7964 0.58 0.0088 0.0193
0 0.833 0.5763 0.0078 0.0207
0 0.8896 0.5985 0.0117 0.0207
0 0.896 0.6356 0.0107 0.0178
0 0.8604 0.637 0.0117 0.0207
0 0.8994 0.6652 0.0098 0.0178
0 0.9937 0.4822 0.0107 0.0222
0 0.0952 0.5207 0.0068 0.0163
0 0.1143 0.5237 0.0078 0.0133
0 0.1074 0.5415 0.0078 0.0133
0 0.1226 0.5541 0.0068 0.0148
0 0.1606 0.5356 0.0068 0.0163
0 0.1948 0.5378 0.0088 0.0148
0 0.1875 0.5607 0.0078 0.0163
0 0.2148 0.5489 0.0059 0.0133
0 0.2241 0.5311 0.0068 0.0133
0 0.2339 0.5244 0.0088 0.0148
0 0.1943 0.4785 0.0078 0.0148
0 0.21 0.5059 0.0078 0.0133
0 0.2261 0.4978 0.0068 0.0148
0 0.0596 0.5363 0.0078 0.0148
0 0.0669 0.5637 0.0068 0.0133
0 0.0786 0.5822 0.0068 0.0148
0 0.1035 0.5926 0.0078 0.0178
0 0.0288 0.5244 0.0107 0.0178
0 0.041 0.5089 0.0078 0.0133
0 0.021 0.4956 0.0068 0.0133
0 0.0166 0.5756 0.0078 0.0163
0 0.0181 0.6881 0.0088 0.0163
0 0.1382 0.7704 0.0088 0.0207
0 0.0835 0.7941 0.0088 0.0178
0 0.1479 0.6548 0.0107 0.0178
0 0.2158 0.4556 0.0098 0.0193
0 0.437 0.4126 0.0068 0.0133
0 0.418 0.4089 0.0059 0.0148
0 0.8169 0.6356 0.0068 0.0148
0 0.98 0.8222 0.0107 0.0207
0 0.8423 0.7652 0.0088 0.0222
0 0.8018 0.6667 0.0078 0.0178
0 0.2002 0.7852 0.0098 0.0207
0 0.6445 0.5059 0.0078 0.0163
0 0.6333 0.4674 0.0068 0.0163
0 0.686 0.5022 0.0088 0.0148
0 0.7148 0.5763 0.0059 0.0148
0 0.6953 0.563 0.0078 0.0148
0 0.7202 0.5444 0.0068 0.0163
0 0.7197 0.5244 0.0078 0.0148
0 0.7065 0.517 0.0068 0.0148
0 0.7617 0.5237 0.0078 0.0163
0 0.7539 0.5733 0.0059 0.0148
0 0.7461 0.5526 0.0059 0.0119
0 0.7964 0.3904 0.0068 0.0133
0 0.7969 0.3474 0.0059 0.0133
0 0.9199 0.6185 0.0117 0.0252
0 0.979 0.6356 0.0088 0.0207
0 0.6699 0.4896 0.0078 0.0163
0 0.6978 0.4904 0.0068 0.0178
0 0.896 0.4815 0.0068 0.0119
0 0.2568 0.483 0.0078 0.0148
0 0.252 0.463 0.0059 0.0133
0 0.062 0.5941 0.0088 0.0148
0 0.0796 0.6178 0.0107 0.0178
0 0.1104 0.637 0.0078 0.0178
0 0.0356 0.6244 0.0088 0.0222
0 0.0747 0.6563 0.0068 0.0148
0 0.1016 0.5585 0.0078 0.0148
0 0.1445 0.683 0.0078 0.0178
0 0.9478 0.7459 0.0088 0.0193
0 0.8403 0.3919 0.0049 0.0074
0 0.8438 0.3444 0.0059 0.0133
0 0.8184 0.4193 0.0059 0.0089
0 0.8462 0.4541 0.0068 0.0133
0 0.8613 0.3896 0.0078 0.0148
0 0.8662 0.5681 0.0078 0.0133
0 0.8584 0.5378 0.0059 0.0119
0 0.896 0.517 0.0049 0.0119
0 0.8677 0.5067 0.0068 0.0148
0 0.8032 0.563 0.0088 0.0119
0 0.9619 0.5622 0.0098 0.0163
0 0.9712 0.5378 0.0088 0.0178
0 0.9614 0.5356 0.0049 0.0133
0 0.9438 0.5244 0.0088 0.0178
0 0.7842 0.583 0.0059 0.0133
0 0.7725 0.5067 0.0078 0.0119
0 0.7856 0.4578 0.0049 0.0119
0 0.6079 0.3563 0.0049 0.0074
0 0.7876 0.3726 0.0049 0.0104
0 0.7822 0.3415 0.0059 0.0133
0 0.77 0.4244 0.0049 0.0074
0 0.6909 0.5415 0.0049 0.0133
0 0.5835 0.3593 0.0049 0.0074
0 0.5015 0.4067 0.0049 0.0104
0 0.481 0.4111 0.0049 0.0104
0 0.5034 0.3356 0.0049 0.0104
0 0.5107 0.3385 0.0039 0.0074
0 0.3613 0.3785 0.0059 0.0104
0 0.2446 0.4874 0.0049 0.0119
0 0.1206 0.3267 0.0049 0.0104
0 0.1982 0.3326 0.0059 0.0104
0 0.21 0.3519 0.0039 0.0074
0 0.083 0.3304 0.0059 0.0148
0 0.1934 0.4015 0.0059 0.0119
0 0.1738 0.4081 0.0059 0.0074
0 0.1543 0.4281 0.0059 0.0119
0 0.1421 0.423 0.0049 0.0074
0 0.1357 0.4348 0.0059 0.0133
0 0.0669 0.4348 0.0068 0.0104
0 0.0703 0.4519 0.0059 0.0089
0 0.1323 0.4815 0.0049 0.0119
0 0.1016 0.3696 0.0059 0.0104
0 0.1738 0.5511 0.0059 0.0148
0 0.1567 0.5511 0.0088 0.0148
0 0.207 0.5644 0.0059 0.0148
0 0.0864 0.5437 0.0068 0.0119
0 0.7676 0.4837 0.0059 0.0133
0 0.7617 0.4844 0.0059 0.0148
0 0.7822 0.5578 0.0078 0.0104
0 0.6631 0.5281 0.0098 0.0133
0 0.7646 0.5793 0.0078 0.0148
0 0.7837 0.5304 0.0107 0.0148
0 0.7305 0.5785 0.0078 0.0163
0 0.7734 0.6148 0.0098 0.0178
0 0.979 0.6889 0.0088 0.0207
0 0.0166 0.8415 0.0098 0.0296
