0 0.9678 0.1415 0.0273 0.0573
0 0.9014 0.1111 0.0312 0.0556
0 0.9238 0.0634 0.0352 0.0608
0 0.9092 0.1641 0.0352 0.0642
0 0.8462 0.1076 0.0322 0.0625
0 0.8521 0.0339 0.0225 0.0469
0 0.8022 0.1042 0.0342 0.066
0 0.9043 0.2465 0.0332 0.066
0 0.8638 0.2786 0.042 0.0747
0 0.7349 0.1181 0.0342 0.0729
0 0.748 0.0868 0.0254 0.0556
0 0.6953 0.1528 0.0312 0.0694
0 0.771 0.2561 0.0381 0.0677
0 0.7217 0.2795 0.041 0.0799
0 0.6528 0.2083 0.0303 0.0556
0 0.6299 0.0573 0.0312 0.0625
0 0.5962 0.0391 0.0283 0.0503
0 0.6001 0.1163 0.0283 0.059
0 0.5781 0.1606 0.0352 0.0677
0 0.5884 0.2847 0.0342 0.066
0 0.4824 0.2153 0.0332 0.0729
0 0.5171 0.0582 0.0342 0.0677
0 0.5571 0.0651 0.0283 0.0608
0 0.4893 0.0356 0.0234 0.0469
0 0.4922 0.1606 0.0234 0.0469
0 0.4399 0.0842 0.0303 0.0608
0 0.415 0.1354 0.0312 0.0556
0 0.397 0.1024 0.0342 0.0486
0 0.3906 0.0269 0.0254 0.0503
0 0.3408 0.0425 0.0352 0.0608
0 0.2935 0.0417 0.0322 0.0625
0 0.3125 0.1094 0.0312 0.0556
0 0.3647 0.1519 0.0361 0.0608
0 0.2939 0.1597 0.0312 0.0625
0 0.3525 0.2144 0.0332 0.0573
0 0.3159 0.2135 0.0322 0.0556
0 0.1885 0.0686 0.0293 0.0573
0 0.0601 0.0651 0.0303 0.0608
0 0.1406 0.0833 0.0352 0.066
0 0.1143 0.0859 0.0273 0.0608
0 0.2256 0.1311 0.0332 0.0642
0 0.2314 0.0842 0.0293 0.0538
0 0.2422 0.059 0.0273 0.0521
0 0.0376 0.1033 0.0303 0.0538
0 0.0244 0.0234 0.0215 0.0469
0 0.0869 0.1302 0.0312 0.066
0 0.1646 0.1259 0.0322 0.0608
0 0.1748 0.1979 0.043 0.0764
0 0.1504 0.1936 0.0352 0.0712
0 0.0527 0.1832 0.0332 0.0747
0 0.2476 0.2222 0.0381 0.0764
0 0.8252 0.4132 0.0488 0.0868
0 0.7559 0.4253 0.0449 0.0833
0 0.7529 0.553 0.043 0.1094
0 0.8174 0.533 0.0449 0.1042
0 0.8691 0.3733 0.0371 0.0729
0 0.7866 0.3238 0.0342 0.0573
0 0.7168 0.3924 0.0391 0.0903
0 0.6768 0.3333 0.0371 0.0868
0 0.6084 0.3637 0.0352 0.0712
0 0.5967 0.4549 0.0449 0.0903
0 0.9893 0.421 0.0176 0.0851
0 0.9146 0.4852 0.0459 0.0955
0 0.9238 0.6363 0.0508 0.1024
0 0.6094 0.6319 0.0469 0.1007
0 0.5352 0.421 0.0312 0.0747
0 0.4253 0.4983 0.0537 0.0938
0 0.4668 0.5078 0.041 0.0885
0 0.4214 0.3203 0.04 0.0851
0 0.502 0.8898 0.0449 0.1372
0 0.3062 0.816 0.0615 0.1319
0 0.3955 0.599 0.0508 0.1042
0 0.3604 0.5339 0.041 0.0851
0 0.3638 0.4627 0.0342 0.0642
0 0.3267 0.2891 0.0439 0.0851
0 0.2617 0.283 0.0352 0.066
0 0.2515 0.3498 0.0381 0.0781
0 0.2505 0.4149 0.0479 0.0833
0 0.1353 0.3142 0.0342 0.066
0 0.1543 0.3915 0.0391 0.0712
0 0.0771 0.4488 0.0332 0.0608
0 0.2251 0.6111 0.0596 0.1181
0 0.1992 0.5026 0.0449 0.092
0 0.1416 0.7361 0.0547 0.1146
0 0.0342 0.6745 0.0352 0.1024
0 0.0566 0.8568 0.0449 0.1128
0 0.3853 0.2214 0.0186 0.0469
0 0.9438 0.3854 0.0322 0.0694
0 0.0127 0.4323 0.0273 0.0833
0 0.0098 0.2674 0.0215 0.0625
0 0.0068 0.1597 0.0156 0.0729
0 0.7515 0.0417 0.0244 0.0729
0 0.6782 0.0113 0.0283 0.026
