0 0.0918 0.4219 0.0098 0.0146
0 0.1025 0.4204 0.0059 0.0146
0 0.1069 0.4197 0.0068 0.0102
0 0.1353 0.4161 0.0049 0.0088
0 0.1172 0.408 0.0078 0.0102
0 0.1152 0.4226 0.0059 0.0102
0 0.4619 0.4197 0.0176 0.0248
0 0.4492 0.408 0.0156 0.019
0 0.4263 0.4343 0.0166 0.0248
0 0.416 0.4015 0.0156 0.0204
0 0.3784 0.4102 0.0127 0.0234
0 0.3584 0.4044 0.0137 0.0175
0 0.3257 0.4153 0.0107 0.0161
0 0.3159 0.427 0.0107 0.0161
0 0.3472 0.4204 0.0068 0.0117
0 0.5229 0.4219 0.0225 0.0321
0 0.5903 0.4058 0.0264 0.0438
0 0.6304 0.4022 0.0205 0.0336
0 0.6533 0.4299 0.0098 0.019
0 0.6787 0.4394 0.0078 0.0146
0 0.6943 0.438 0.0078 0.0146
0 0.7246 0.408 0.0215 0.0336
0 0.7544 0.435 0.0205 0.0292
0 0.8062 0.4299 0.0146 0.0248
0 0.832 0.4365 0.0156 0.0234
0 0.7881 0.4343 0.0059 0.0131
0 0.8179 0.4277 0.0068 0.0146
0 0.7075 0.4314 0.0068 0.0131
0 0.9497 0.4584 0.0049 0.0088
0 0.9917 0.4526 0.0088 0.0146
0 0.9692 0.4394 0.0049 0.0088
0 0.9805 0.4423 0.0039 0.0058
