0 0.0361 0.2616 0.0059 0.0108
0 0.0249 0.2693 0.0068 0.0108
0 0.0483 0.2801 0.0068 0.0108
0 0.0674 0.287 0.0117 0.0154
0 0.0361 0.3194 0.0117 0.0185
0 0.0542 0.3364 0.0127 0.0216
0 0.064 0.3488 0.0127 0.0216
0 0.0654 0.3781 0.0117 0.0247
0 0.0947 0.3549 0.0137 0.0216
0 0.0884 0.3488 0.0068 0.0216
0 0.1113 0.3179 0.0137 0.0216
0 0.2231 0.3503 0.0088 0.0185
0 0.2417 0.3457 0.0088 0.0185
0 0.2041 0.3457 0.0078 0.0185
0 0.2227 0.3403 0.0117 0.017
0 0.1719 0.3426 0.0098 0.0154
0 0.2505 0.2986 0.0088 0.017
0 0.2637 0.304 0.0098 0.0185
0 0.3018 0.287 0.0078 0.0123
0 0.291 0.2955 0.0059 0.0108
0 0.2939 0.3225 0.0078 0.0185
0 0.1484 0.4761 0.0195 0.0355
0 0.1885 0.4606 0.0176 0.0324
0 0.2095 0.4653 0.0127 0.0293
0 0.1958 0.5185 0.0186 0.0309
0 0.168 0.5733 0.0137 0.0355
0 0.2349 0.4877 0.0186 0.037
0 0.2593 0.4715 0.0107 0.0231
0 0.2861 0.4583 0.0137 0.034
0 0.3184 0.4961 0.0176 0.0386
0 0.3198 0.4622 0.0166 0.0262
0 0.3325 0.4398 0.0146 0.0309
0 0.3716 0.4753 0.0166 0.0309
0 0.3774 0.4985 0.0186 0.037
0 0.3301 0.348 0.0098 0.017
0 0.334 0.3719 0.0098 0.0185
0 0.3481 0.3681 0.0088 0.017
0 0.3115 0.3997 0.0098 0.0247
0 0.3208 0.3688 0.0068 0.0216
0 0.3955 0.3881 0.0137 0.0201
0 0.4141 0.4691 0.0176 0.034
0 0.4385 0.429 0.0176 0.0309
0 0.4385 0.3981 0.0117 0.0247
0 0.4355 0.4869 0.0195 0.0355
0 0.438 0.5193 0.0186 0.0355
0 0.4673 0.5123 0.0186 0.037
0 0.4556 0.4622 0.0186 0.0386
0 0.5205 0.5448 0.0215 0.0463
0 0.4946 0.4576 0.0127 0.0355
0 0.4868 0.3997 0.0127 0.0247
0 0.5171 0.4707 0.0205 0.037
0 0.5024 0.409 0.0088 0.0216
0 0.5693 0.6196 0.0234 0.0478
0 0.5581 0.5478 0.0205 0.037
0 0.5898 0.5494 0.0195 0.037
0 0.6152 0.5671 0.0234 0.0478
0 0.4956 0.3665 0.0088 0.017
0 0.5142 0.3565 0.0088 0.0123
0 0.5049 0.3495 0.0098 0.017
0 0.6567 0.392 0.0127 0.0247
0 0.6392 0.4815 0.0225 0.034
0 0.6426 0.5239 0.0234 0.0417
0 0.6704 0.4892 0.0205 0.0278
0 0.666 0.5224 0.0176 0.0355
0 0.6724 0.5525 0.0205 0.037
0 0.6958 0.588 0.0264 0.0432
0 0.6919 0.5201 0.0205 0.0278
0 0.7188 0.5548 0.0195 0.0386
0 0.7275 0.4182 0.0117 0.0216
0 0.707 0.4892 0.0156 0.034
0 0.7529 0.5772 0.0254 0.0401
0 0.7622 0.6489 0.0244 0.0386
0 0.7905 0.5764 0.0225 0.0448
0 0.7871 0.527 0.0234 0.0386
0 0.812 0.5039 0.0146 0.0324
0 0.8369 0.5687 0.0234 0.0448
0 0.8584 0.6381 0.0254 0.0448
0 0.9019 0.5633 0.0283 0.0494
0 0.939 0.6721 0.0303 0.0478
0 0.9727 0.6096 0.0195 0.037
0 0.9365 0.5023 0.0137 0.0324
0 0.7505 0.446 0.0166 0.0278
0 0.728 0.3866 0.0107 0.0201
0 0.751 0.4097 0.0098 0.0231
0 0.7446 0.3727 0.0088 0.0139
0 0.9414 0.3773 0.0078 0.0231
0 0.9741 0.3789 0.0127 0.0231
0 0.9707 0.4583 0.0176 0.0309
0 0.7974 0.4599 0.0088 0.0278
0 0.8086 0.4128 0.0117 0.0231
0 0.8257 0.4144 0.0127 0.0201
0 0.8267 0.4491 0.0068 0.0247
0 0.8613 0.5864 0.0098 0.0278
0 0.8853 0.5224 0.0068 0.0231
0 0.7188 0.3657 0.0098 0.0185
0 0.7256 0.3318 0.0078 0.0123
0 0.7275 0.3117 0.0059 0.0154
0 0.7778 0.3256 0.0049 0.0123
0 0.771 0.3063 0.0088 0.0139
0 0.7583 0.304 0.0068 0.0123
0 0.7461 0.3117 0.0059 0.0093
0 0.7354 0.3117 0.0059 0.0123
0 0.7998 0.3642 0.0078 0.0154
0 0.7808 0.3025 0.0049 0.0093
0 0.7998 0.3171 0.0059 0.0139
0 0.8076 0.3194 0.0078 0.0123
0 0.8149 0.3356 0.0088 0.0139
0 0.8159 0.3164 0.0068 0.0123
0 0.8496 0.3642 0.0098 0.0154
0 0.8413 0.3326 0.0088 0.0139
0 0.8682 0.2963 0.0078 0.0154
0 0.7812 0.294 0.0059 0.0077
0 0.9946 0.4745 0.0068 0.0324
0 0.5952 0.5224 0.0205 0.0448
0 0.6387 0.4043 0.0117 0.0247
0 0.4678 0.4344 0.0176 0.0262
