0 0.6318 0.9627 0.0586 0.0712
0 0.4976 0.9731 0.0693 0.0503
0 0.4287 0.9731 0.0586 0.0503
0 0.6064 0.8342 0.0449 0.0747
0 0.6953 0.8125 0.0449 0.0903
0 0.7788 0.822 0.04 0.0781
0 0.4922 0.6944 0.0391 0.0764
0 0.4121 0.6649 0.0332 0.066
0 0.3965 0.9193 0.0586 0.1233
0 0.4893 0.8932 0.0449 0.0573
0 0.3599 0.9149 0.0615 0.1111
0 0.2646 0.974 0.0703 0.0486
0 0.1245 0.8715 0.0498 0.1042
0 0.3262 0.6146 0.0332 0.0625
0 0.9658 0.5182 0.0254 0.0573
0 0.8809 0.5382 0.0234 0.0451
0 0.7852 0.6684 0.0312 0.059
0 0.8047 0.638 0.0293 0.0573
0 0.29 0.5495 0.0234 0.0469
0 0.1357 0.651 0.0234 0.0451
0 0.2178 0.691 0.0312 0.0625
0 0.189 0.5564 0.0244 0.0469
0 0.2412 0.579 0.0254 0.0538
0 0.1675 0.724 0.0303 0.066
0 0.0337 0.6302 0.0264 0.0694
0 0.0513 0.5556 0.0205 0.0451
0 0.0903 0.6172 0.0244 0.0538
0 0.165 0.6276 0.0254 0.0503
0 0.4263 0.6076 0.0322 0.059
0 0.6108 0.4392 0.0225 0.0451
0 0.9087 0.5651 0.0244 0.0469
0 0.9878 0.4679 0.0225 0.0503
0 0.2749 0.5556 0.0225 0.0521
0 0.9551 0.9479 0.0527 0.1007
0 0.8643 0.9592 0.0469 0.0781
0 0.8325 0.7786 0.0361 0.0885
0 0.9785 0.6892 0.0332 0.0625
0 0.9756 0.5938 0.0293 0.059
