0 0.0483 0.3095 0.0166 0.0457
0 0.0747 0.3034 0.0205 0.0549
0 0.0996 0.3072 0.0195 0.0381
0 0.1631 0.3087 0.0195 0.0412
0 0.1978 0.33 0.0127 0.0259
0 0.2148 0.3514 0.0156 0.0412
0 0.2363 0.3445 0.0234 0.0427
0 0.2427 0.3049 0.0166 0.0366
0 0.2251 0.3079 0.0166 0.0335
0 0.3447 0.3575 0.0176 0.032
0 0.4351 0.3841 0.0381 0.0915
0 0.4038 0.3316 0.0186 0.0442
0 0.396 0.3034 0.0186 0.0366
0 0.4761 0.2957 0.0186 0.0488
0 0.5166 0.3346 0.0195 0.0442
0 0.5728 0.3529 0.0205 0.032
0 0.624 0.3468 0.0137 0.0412
0 0.6411 0.3498 0.0166 0.0381
0 0.6987 0.3133 0.0186 0.0259
0 0.7119 0.375 0.0195 0.0396
0 0.7412 0.343 0.0215 0.0488
0 0.8154 0.3445 0.0234 0.0457
0 0.8853 0.3666 0.0244 0.0503
0 0.9561 0.3651 0.0312 0.0534
