0 0.1353 0.7547 0.0381 0.0625
0 0.1338 0.6609 0.0391 0.0691
0 0.4639 0.8285 0.0918 0.1489
0 0.4346 0.6828 0.0332 0.0545
0 0.4888 0.6436 0.0264 0.0426
0 0.146 0.5871 0.0088 0.0173
0 0.1982 0.6223 0.0117 0.0239
0 0.3105 0.6436 0.0137 0.0239
0 0.2598 0.5765 0.0098 0.0146
0 0.2905 0.5884 0.0068 0.0146
0 0.1938 0.5957 0.0088 0.016
0 0.2119 0.5871 0.0117 0.0173
0 0.166 0.5831 0.0078 0.0146
0 0.3306 0.6037 0.0088 0.0213
0 0.3091 0.5918 0.0088 0.016
0 0.4189 0.6017 0.0098 0.0173
0 0.5181 0.639 0.0146 0.0279
0 0.5801 0.5964 0.0117 0.0199
0 0.6353 0.6137 0.0127 0.0226
0 0.5728 0.7839 0.04 0.0412
0 0.3882 0.5785 0.0068 0.0133
0 0.6616 0.5718 0.0068 0.008
0 0.6694 0.5924 0.0049 0.0093
0 0.6636 0.611 0.0068 0.0173
0 0.6392 0.5851 0.0049 0.0053
0 0.6177 0.6064 0.0088 0.0133
0 0.6055 0.5911 0.0059 0.0093
0 0.6001 0.5838 0.0068 0.0133
0 0.5532 0.5891 0.0068 0.008
0 0.5586 0.6024 0.0059 0.0106
0 0.5532 0.6031 0.0049 0.0093
0 0.542 0.5971 0.0078 0.0133
0 0.5269 0.6144 0.0088 0.0213
0 0.6294 0.5831 0.0068 0.0093
0 0.6616 0.5864 0.0088 0.0133
0 0.478 0.613 0.0107 0.0133
0 0.4639 0.5798 0.0078 0.016
0 0.4785 0.5944 0.0078 0.0133
0 0.4824 0.5771 0.0059 0.0106
0 0.3809 0.5977 0.0059 0.012
0 0.3691 0.5944 0.0039 0.0106
0 0.3657 0.5951 0.0049 0.012
0 0.3716 0.5964 0.0049 0.012
0 0.3477 0.5871 0.0078 0.012
0 0.3525 0.5798 0.0059 0.0106
0 0.4424 0.5977 0.0059 0.0093
0 0.0737 0.5864 0.0088 0.0133
0 0.0913 0.5884 0.0068 0.012
0 0.1328 0.5831 0.0059 0.012
0 0.1714 0.5918 0.0049 0.0106
0 0.2432 0.5898 0.0078 0.0093
0 0.2524 0.5831 0.0049 0.0093
0 0.4067 0.5938 0.0068 0.012
0 0.4009 0.5918 0.0068 0.0133
0 0.4941 0.5838 0.0078 0.0133
0 0.9692 0.6217 0.0225 0.0386
0 0.9902 0.6908 0.0176 0.0519
