0 0.0098 0.5889 0.0215 0.0345
0 0.0391 0.7812 0.0332 0.0345
0 0.1401 0.7208 0.0264 0.0411
0 0.1533 0.6538 0.0176 0.0265
0 0.1411 0.5875 0.0205 0.0292
0 0.2251 0.5836 0.0127 0.0186
0 0.2798 0.5206 0.0127 0.0199
0 0.3418 0.5756 0.0137 0.0265
0 0.3643 0.5318 0.0137 0.0186
0 0.4102 0.5239 0.0117 0.0265
0 0.3838 0.681 0.0156 0.0305
0 0.3521 0.6406 0.0166 0.0371
0 0.2612 0.8064 0.0225 0.0424
0 0.1348 0.7885 0.0293 0.0411
0 0.0171 0.6273 0.0225 0.0345
0 0.0225 0.5192 0.0176 0.0199
0 0.0264 0.4775 0.0137 0.0159
0 0.8359 0.557 0.0234 0.0371
0 0.8857 0.5716 0.0176 0.0292
0 0.8789 0.506 0.0215 0.0305
0 0.9614 0.5225 0.0205 0.0318
0 0.9224 0.4675 0.0107 0.0172
0 0.7373 0.6923 0.0273 0.0451
0 0.605 0.6167 0.0166 0.0292
0 0.5737 0.4304 0.0088 0.0172
0 0.6597 0.4397 0.0088 0.0146
0 0.436 0.4947 0.0088 0.0159
0 0.6816 0.3979 0.0078 0.0133
0 0.4365 0.3979 0.0078 0.0133
0 0.3999 0.433 0.0088 0.0119
0 0.3647 0.4297 0.0068 0.0133
0 0.3438 0.4536 0.0078 0.0159
0 0.3516 0.3952 0.0059 0.0106
0 0.4336 0.4204 0.0078 0.0133
0 0.5347 0.445 0.0088 0.0146
0 0.8677 0.3985 0.0088 0.0146
0 0.8916 0.4052 0.0117 0.0146
0 0.9077 0.4105 0.0068 0.0119
0 0.8745 0.4264 0.0107 0.0146
0 0.8389 0.3992 0.0098 0.0159
0 0.8052 0.4198 0.0088 0.0119
0 0.8892 0.3621 0.0068 0.0106
0 0.1812 0.4755 0.0088 0.0199
0 0.0503 0.4496 0.0107 0.0133
0 0.1147 0.4264 0.0107 0.0119
0 0.0581 0.3329 0.0166 0.0265
0 0.7051 0.4058 0.0078 0.0133
0 0.7344 0.3621 0.0059 0.0106
0 0.6709 0.4171 0.0078 0.0172
0 0.9648 0.2958 0.0039 0.008
0 0.9766 0.38 0.0059 0.0119
0 0.9526 0.3866 0.0049 0.0066
0 0.8149 0.3926 0.0049 0.0106
0 0.7773 0.4264 0.0059 0.0093
0 0.9868 0.3495 0.0049 0.0066
0 0.9927 0.376 0.0049 0.0119
0 0.9897 0.307 0.0049 0.0066
0 0.9849 0.3044 0.0029 0.004
0 0.9902 0.3216 0.0059 0.0066
0 0.9917 0.2964 0.0029 0.004
0 0.9448 0.3097 0.0049 0.004
0 0.9292 0.3249 0.0049 0.0053
0 0.9214 0.321 0.0049 0.008
0 0.936 0.2964 0.0049 0.0066
0 0.9844 0.2997 0.0039 0.0053
0 0.9795 0.2984 0.0039 0.0053
0 0.9868 0.2779 0.0029 0.004
0 0.9839 0.2699 0.0029 0.004
0 0.98 0.2752 0.0029 0.004
0 0.9736 0.2832 0.0039 0.004
0 0.9634 0.2832 0.0029 0.004
0 0.9697 0.2812 0.002 0.0027
0 0.9727 0.2765 0.002 0.004
0 0.9814 0.2599 0.002 0.0027
0 0.9736 0.2639 0.002 0.0027
0 0.9507 0.2845 0.0029 0.004
0 0.9478 0.2958 0.0049 0.0027
0 0.9453 0.3004 0.002 0.004
0 0.9458 0.2832 0.0029 0.004
0 0.9507 0.2745 0.0029 0.0027
0 0.9355 0.2712 0.002 0.004
0 0.9233 0.2792 0.0029 0.004
0 0.9282 0.3017 0.0029 0.004
0 0.9253 0.2891 0.0029 0.0053
0 0.9219 0.2878 0.0039 0.0053
0 0.9355 0.2858 0.0039 0.004
0 0.9399 0.2838 0.0029 0.0027
0 0.9971 0.2613 0.002 0.0027
0 0.9233 0.2619 0.0029 0.004
0 0.9287 0.2759 0.0039 0.0053
0 0.9307 0.2732 0.0039 0.0053
0 0.9331 0.2825 0.0029 0.0053
0 0.9355 0.3143 0.0059 0.008
0 0.8628 0.2971 0.0068 0.008
0 0.8242 0.2977 0.0039 0.004
0 0.835 0.2944 0.0059 0.008
0 0.8735 0.2838 0.0029 0.0053
0 0.8892 0.2838 0.0029 0.0053
0 0.8799 0.2865 0.0039 0.0053
0 0.8828 0.2832 0.002 0.004
0 0.8765 0.2699 0.0029 0.004
0 0.8784 0.2633 0.0029 0.004
0 0.8882 0.2626 0.0029 0.0053
0 0.8857 0.2659 0.002 0.004
0 0.9175 0.2606 0.0029 0.004
0 0.8936 0.2626 0.002 0.0027
0 0.8965 0.2606 0.002 0.004
0 0.8999 0.2586 0.0029 0.0027
0 0.8906 0.2706 0.002 0.0027
0 0.8877 0.2745 0.002 0.0027
0 0.8574 0.2812 0.002 0.0027
0 0.8589 0.2964 0.0029 0.0066
0 0.8291 0.2832 0.0039 0.0066
0 0.8311 0.2779 0.002 0.004
0 0.8091 0.2991 0.0029 0.0066
0 0.8149 0.3541 0.0068 0.008
0 0.8203 0.3601 0.0039 0.0066
0 0.8643 0.2699 0.002 0.004
0 0.8584 0.2732 0.002 0.0053
0 0.853 0.2692 0.0029 0.0053
0 0.853 0.2626 0.0029 0.0053
0 0.8872 0.3017 0.0029 0.0066
0 0.8916 0.3044 0.0059 0.0093
0 0.8369 0.3402 0.0059 0.0066
0 0.8276 0.3488 0.0049 0.0053
0 0.9268 0.2964 0.002 0.0013
0 0.9189 0.2805 0.0039 0.0066
0 0.9634 0.2626 0.0029 0.0053
0 0.9717 0.2686 0.002 0.004
0 0.7593 0.3641 0.0029 0.0066
0 0.7471 0.3568 0.0059 0.008
0 0.7114 0.3601 0.0068 0.0093
0 0.6992 0.3793 0.0078 0.0106
0 0.6709 0.3859 0.0039 0.008
0 0.6748 0.3448 0.0059 0.008
0 0.8203 0.2812 0.0039 0.0053
0 0.7852 0.2851 0.002 0.0053
0 0.7681 0.2944 0.0029 0.0053
0 0.7915 0.3369 0.0029 0.0053
0 0.7725 0.2772 0.002 0.0053
0 0.8032 0.2699 0.0029 0.004
0 0.8066 0.2606 0.0059 0.0093
0 0.8364 0.2686 0.0029 0.004
0 0.8428 0.2659 0.002 0.004
0 0.8477 0.2639 0.0039 0.0053
0 0.8398 0.2838 0.0039 0.0053
0 0.8354 0.2838 0.0029 0.0106
0 0.8169 0.2944 0.0049 0.008
0 0.811 0.2772 0.0029 0.0053
0 0.8101 0.2818 0.0029 0.0066
0 0.8062 0.2759 0.0029 0.0053
0 0.7617 0.307 0.0039 0.004
0 0.7749 0.2931 0.0029 0.0053
0 0.7793 0.2851 0.0039 0.0053
0 0.7842 0.2692 0.0039 0.0053
0 0.7822 0.2659 0.002 0.004
0 0.7969 0.2613 0.0039 0.008
0 0.7959 0.2772 0.002 0.0027
0 0.7397 0.2964 0.0029 0.0066
0 0.751 0.2984 0.0039 0.0053
0 0.7324 0.3064 0.0039 0.008
0 0.7349 0.3123 0.0049 0.0066
0 0.7402 0.3216 0.0059 0.004
0 0.7329 0.3296 0.0029 0.0066
0 0.7329 0.3488 0.0068 0.0106
0 0.7256 0.3395 0.0039 0.0053
0 0.7261 0.3256 0.0029 0.004
0 0.7188 0.3249 0.0039 0.0053
0 0.7192 0.313 0.0068 0.0106
0 0.7227 0.3024 0.0039 0.0053
0 0.7568 0.2885 0.002 0.004
0 0.7495 0.2944 0.0029 0.0053
0 0.7378 0.2905 0.0029 0.0053
0 0.7397 0.2825 0.0029 0.0053
0 0.731 0.2971 0.0029 0.0053
0 0.7358 0.2779 0.0029 0.004
0 0.7285 0.2812 0.002 0.0053
0 0.7246 0.2851 0.002 0.0053
0 0.7261 0.2924 0.0029 0.004
0 0.731 0.2825 0.0029 0.0053
0 0.7305 0.2745 0.002 0.0053
0 0.7271 0.2772 0.0029 0.0053
0 0.7407 0.2706 0.0029 0.0027
0 0.7539 0.2719 0.0039 0.0053
0 0.7544 0.2798 0.0029 0.0053
0 0.7632 0.2679 0.0029 0.0053
0 0.7876 0.2653 0.0029 0.0027
0 0.7847 0.2606 0.0029 0.004
0 0.7925 0.2706 0.0029 0.0053
0 0.7739 0.2818 0.0029 0.0066
0 0.769 0.2838 0.0029 0.0053
0 0.7622 0.2832 0.0029 0.004
0 0.7617 0.2891 0.002 0.0053
0 0.7705 0.3243 0.0039 0.0066
0 0.7754 0.3229 0.0039 0.004
0 0.7412 0.3342 0.0039 0.0053
0 0.7549 0.3143 0.0059 0.0053
0 0.8174 0.2507 0.002 0.0027
0 0.8345 0.258 0.0029 0.004
0 0.8164 0.2606 0.0039 0.004
0 0.7676 0.2513 0.0039 0.0066
0 0.7949 0.2275 0.0059 0.0066
0 0.7627 0.2328 0.0039 0.0066
0 0.7607 0.244 0.0039 0.0053
0 0.7334 0.4092 0.0039 0.0093
0 0.7578 0.3939 0.0059 0.0106
0 0.626 0.4111 0.0078 0.008
0 0.6562 0.3959 0.0039 0.0066
0 0.7148 0.3462 0.0039 0.0053
0 0.6938 0.3528 0.0049 0.008
0 0.7104 0.3329 0.0029 0.0053
0 0.6938 0.3349 0.0029 0.004
0 0.7056 0.321 0.0029 0.0027
0 0.7114 0.3203 0.0029 0.004
0 0.6924 0.3117 0.002 0.0027
0 0.6934 0.3117 0.002 0.0027
0 0.6904 0.307 0.0039 0.004
0 0.6973 0.3064 0.0039 0.0053
0 0.6958 0.315 0.0029 0.004
0 0.6978 0.2984 0.0049 0.0053
0 0.7109 0.3057 0.002 0.004
0 0.6768 0.3309 0.0039 0.0066
0 0.6787 0.319 0.002 0.004
0 0.6714 0.321 0.0029 0.0053
0 0.6753 0.3176 0.0029 0.004
0 0.6777 0.2997 0.002 0.0027
0 0.6309 0.3508 0.0039 0.004
0 0.6367 0.3627 0.0039 0.004
0 0.6689 0.3634 0.0039 0.0053
0 0.6528 0.3044 0.0029 0.004
0 0.6309 0.3349 0.0039 0.0066
0 0.6333 0.3322 0.0029 0.0066
0 0.6455 0.319 0.002 0.004
0 0.6675 0.3229 0.0029 0.004
0 0.6714 0.2977 0.0029 0.004
0 0.6992 0.2805 0.002 0.004
0 0.7017 0.2666 0.0029 0.0053
0 0.6655 0.2798 0.0049 0.0053
0 0.6704 0.2878 0.0029 0.0053
0 0.6592 0.309 0.0039 0.0053
0 0.626 0.3143 0.002 0.0053
0 0.6201 0.3196 0.0039 0.008
0 0.624 0.3322 0.0059 0.0066
0 0.5981 0.3435 0.0049 0.008
0 0.6021 0.3316 0.0029 0.0053
0 0.6211 0.3462 0.0039 0.0053
0 0.6055 0.3249 0.0039 0.0053
0 0.5977 0.309 0.002 0.0053
0 0.5972 0.321 0.0029 0.008
0 0.6104 0.3024 0.0039 0.0053
0 0.561 0.3289 0.0029 0.0027
0 0.5552 0.3322 0.0029 0.004
0 0.582 0.3137 0.002 0.004
0 0.5894 0.3084 0.0029 0.004
0 0.6611 0.2931 0.002 0.0027
0 0.6836 0.2911 0.002 0.004
0 0.6968 0.2699 0.0029 0.004
0 0.6392 0.2779 0.0029 0.004
0 0.6392 0.3375 0.0029 0.004
0 0.5171 0.3389 0.0029 0.004
0 0.5386 0.319 0.0029 0.004
0 0.5405 0.317 0.0029 0.0053
0 0.5264 0.3336 0.0059 0.0066
0 0.4946 0.3515 0.0049 0.008
0 0.4526 0.3442 0.0029 0.004
0 0.4326 0.3249 0.0039 0.0053
0 0.4507 0.3296 0.0029 0.004
0 0.4883 0.319 0.0039 0.0066
0 0.4678 0.3097 0.0039 0.0066
0 0.4795 0.3137 0.002 0.004
0 0.4683 0.3289 0.0049 0.0053
0 0.4194 0.3627 0.0049 0.0066
0 0.3853 0.3256 0.0049 0.004
0 0.458 0.3302 0.0039 0.008
0 0.5366 0.2997 0.0049 0.008
0 0.5444 0.2977 0.0029 0.0066
0 0.5664 0.2924 0.0039 0.0066
0 0.5688 0.3024 0.0029 0.0053
0 0.5664 0.3249 0.002 0.0053
0 0.5176 0.3156 0.0039 0.0053
0 0.4946 0.3223 0.0029 0.0053
0 0.5562 0.3004 0.0029 0.0066
0 0.585 0.3024 0.0039 0.0053
0 0.5923 0.2931 0.0049 0.008
0 0.5415 0.2911 0.0029 0.004
0 0.5229 0.2785 0.0049 0.0106
0 0.5234 0.2599 0.0059 0.008
0 0.5083 0.2732 0.0049 0.008
0 0.5317 0.2679 0.0049 0.008
0 0.5596 0.2825 0.0078 0.0159
0 0.5205 0.3077 0.0039 0.0053
0 0.5259 0.3044 0.0029 0.004
0 0.5259 0.3223 0.0049 0.0053
0 0.5493 0.3236 0.0029 0.0053
0 0.5737 0.3263 0.0029 0.0053
0 0.5874 0.3641 0.0049 0.0066
0 0.5796 0.2991 0.0029 0.0066
0 0.5669 0.311 0.0029 0.004
0 0.5474 0.315 0.0029 0.0066
0 0.5488 0.3077 0.002 0.0053
0 0.563 0.3156 0.0049 0.0053
0 0.5586 0.3183 0.0039 0.0053
0 0.2476 0.4894 0.0107 0.0159
0 0.2583 0.4503 0.0068 0.0146
0 0.2729 0.4357 0.0068 0.0119
0 0.252 0.4191 0.0059 0.0106
0 0.2271 0.4529 0.0049 0.0093
0 0.2104 0.4158 0.0068 0.0066
0 0.1841 0.431 0.0068 0.0106
0 0.1611 0.4264 0.0078 0.0119
0 0.0942 0.4436 0.0088 0.0119
0 0.1533 0.368 0.0039 0.0066
0 0.1816 0.4058 0.0039 0.0053
0 0.3057 0.3495 0.0039 0.0066
0 0.2861 0.3926 0.0059 0.008
0 0.2783 0.3939 0.0039 0.0106
0 0.314 0.3813 0.0049 0.0093
0 0.4102 0.4072 0.0059 0.008
0 0.0659 0.6459 0.0166 0.0239
0 0.5122 0.4397 0.0088 0.0119
0 0.4795 0.3866 0.0059 0.0093
0 0.437 0.3786 0.0049 0.0066
0 0.3931 0.3667 0.0049 0.0066
0 0.2827 0.376 0.0049 0.0066
0 0.4175 0.3972 0.0049 0.0066
0 0.4106 0.382 0.0049 0.0053
0 0.3799 0.3952 0.0039 0.008
0 0.3623 0.3634 0.0039 0.0053
0 0.3745 0.372 0.0049 0.0066
0 0.3662 0.3714 0.0039 0.0053
0 0.3286 0.3767 0.0049 0.0133
0 0.3311 0.368 0.0059 0.0093
0 0.3193 0.3468 0.0039 0.0066
0 0.3398 0.3475 0.0039 0.0053
0 0.3555 0.3501 0.0039 0.0053
0 0.3662 0.3541 0.0039 0.0053
0 0.3623 0.3462 0.0039 0.0053
0 0.3711 0.3296 0.002 0.004
0 0.3833 0.3402 0.0049 0.0066
0 0.394 0.3481 0.0029 0.004
0 0.3286 0.3289 0.0029 0.0053
0 0.3442 0.319 0.0029 0.0066
0 0.4414 0.3442 0.0039 0.0066
0 0.415 0.3422 0.002 0.0053
0 0.4565 0.3515 0.0049 0.008
0 0.4517 0.368 0.0049 0.0066
0 0.4614 0.378 0.0029 0.0053
0 0.4458 0.3793 0.0049 0.0106
0 0.3872 0.3495 0.0029 0.004
0 0.3823 0.3667 0.0029 0.004
0 0.3501 0.3263 0.0029 0.0053
0 0.3423 0.3269 0.0029 0.004
0 0.3579 0.3282 0.0029 0.004
0 0.3579 0.3223 0.0029 0.0027
0 0.3623 0.3322 0.0039 0.0066
0 0.3301 0.3422 0.0059 0.0133
0 0.3335 0.317 0.0029 0.0053
0 0.3911 0.313 0.0029 0.0053
0 0.3989 0.313 0.0029 0.0053
0 0.4229 0.305 0.0039 0.0053
0 0.4351 0.2971 0.0029 0.0053
0 0.4536 0.3263 0.0029 0.0053
0 0.4604 0.3203 0.0029 0.004
0 0.4497 0.3415 0.0029 0.004
0 0.4351 0.3534 0.0049 0.0066
0 0.4395 0.3667 0.0039 0.004
0 0.4321 0.3422 0.0049 0.0053
0 0.3926 0.3004 0.0039 0.004
0 0.3691 0.3031 0.0039 0.0066
0 0.3481 0.3123 0.0029 0.004
0 0.314 0.3097 0.0029 0.004
0 0.3184 0.3077 0.0039 0.0053
0 0.3237 0.309 0.0029 0.0053
0 0.3276 0.3037 0.0029 0.0053
0 0.3423 0.3011 0.0029 0.0053
0 0.3481 0.3031 0.0029 0.004
0 0.3628 0.2977 0.0029 0.004
0 0.4072 0.2924 0.002 0.004
0 0.4438 0.2845 0.0029 0.004
0 0.4595 0.2911 0.0029 0.004
0 0.4546 0.2759 0.0049 0.008
0 0.4453 0.2944 0.002 0.0027
0 0.4385 0.2971 0.002 0.0027
0 0.4009 0.2958 0.0029 0.0027
0 0.4043 0.2898 0.002 0.004
0 0.3784 0.2825 0.0029 0.0053
0 0.3711 0.2832 0.0039 0.004
0 0.3799 0.2765 0.0039 0.004
0 0.3931 0.2798 0.0049 0.0053
0 0.4097 0.2759 0.0029 0.0027
0 0.438 0.3342 0.0029 0.0053
0 0.3584 0.3057 0.0039 0.004
0 0.3467 0.2931 0.002 0.0027
0 0.1646 0.8966 0.0381 0.0584
0 0.0029 0.5192 0.0078 0.0199
0 0.8203 0.9045 0.0332 0.0504
