0 0.0156 0.2493 0.0332 0.1032
0 0.1235 0.4237 0.0303 0.0567
0 0.1323 0.4033 0.0244 0.0509
0 0.2158 0.3539 0.041 0.0712
0 0.2822 0.3728 0.0352 0.0567
0 0.3149 0.3786 0.0264 0.0567
0 0.4111 0.2842 0.0684 0.1352
0 0.4951 0.4295 0.0234 0.0451
0 0.5552 0.3895 0.0166 0.0378
0 0.5166 0.4295 0.0098 0.0218
0 0.6025 0.4179 0.0645 0.1381
0 0.7681 0.3045 0.0576 0.1265
0 0.8452 0.3525 0.0518 0.1003
0 0.8911 0.3452 0.04 0.0858
0 0.9424 0.3844 0.043 0.0887
0 0.9907 0.3278 0.0127 0.0741
0 0.5376 0.4549 0.0166 0.0233
