0 0.1865 0.634 0.0586 0.0524
0 0.0723 0.7328 0.1328 0.1092
0 0.377 0.6049 0.0469 0.0489
0 0.4722 0.6534 0.0439 0.0424
0 0.5356 0.755 0.0986 0.0963
0 0.5454 0.731 0.0713 0.0726
0 0.4702 0.3481 0.0127 0.0208
0 0.5757 0.6767 0.0439 0.0402
0 0.5947 0.5697 0.0234 0.0172
0 0.6899 0.6017 0.0381 0.0438
0 0.7886 0.6214 0.0088 0.0086
0 0.8643 0.6656 0.0488 0.0409
0 0.835 0.7874 0.1406 0.1336
0 0.4731 0.9483 0.0498 0.102
0 0.8687 0.5564 0.0166 0.0194
0 0.1157 0.5862 0.0479 0.0431
0 0.0513 0.5801 0.0322 0.0295
0 0.311 0.5499 0.0186 0.0136
0 0.1416 0.5769 0.0312 0.033
0 0.8057 0.555 0.0176 0.018
