0 0.8188 0.8807 0.0283 0.0454
0 0.752 0.8192 0.0234 0.0395
0 0.6235 0.8177 0.0244 0.0454
0 0.9307 0.7613 0.0195 0.0351
0 0.8618 0.705 0.0225 0.0366
0 0.647 0.6435 0.0166 0.0278
0 0.5986 0.634 0.0156 0.0351
0 0.5898 0.7035 0.0176 0.0278
0 0.5933 0.9334 0.0205 0.0395
0 0.9385 0.683 0.0117 0.0249
0 0.4741 0.7884 0.0244 0.0395
0 0.5425 0.8463 0.0205 0.0439
0 0.4326 0.8748 0.0195 0.0337
0 0.2573 0.7079 0.0225 0.0366
0 0.3013 0.5988 0.0166 0.0234
0 0.3501 0.5996 0.0146 0.0249
0 0.3228 0.5403 0.0146 0.0234
0 0.374 0.5132 0.0156 0.0278
0 0.4263 0.5366 0.0146 0.0278
0 0.4741 0.552 0.0166 0.0264
0 0.4854 0.5212 0.0137 0.0234
0 0.52 0.7079 0.0186 0.0337
0 0.48 0.7123 0.0146 0.0307
0 0.2114 0.6669 0.0146 0.0249
0 0.2388 0.5168 0.0146 0.0264
0 0.291 0.5549 0.0137 0.0264
0 0.5469 0.5044 0.0117 0.019
0 0.4873 0.4934 0.0137 0.0205
0 0.4487 0.4802 0.0127 0.0205
0 0.6001 0.5176 0.0107 0.022
0 0.7046 0.6281 0.0127 0.0293
0 0.3569 0.9788 0.0322 0.0395
0 0.1597 0.5564 0.0166 0.0264
0 0.1006 0.5344 0.0176 0.0264
0 0.1494 0.5139 0.0137 0.0234
0 0.0161 0.7643 0.0166 0.0322
0 0.1309 0.7182 0.0156 0.0278
0 0.1357 0.6362 0.0195 0.0307
0 0.4756 0.6069 0.0176 0.0249
0 0.0547 0.5 0.0137 0.0249
0 0.0645 0.4758 0.0117 0.0205
0 0.1904 0.3997 0.0098 0.0146
0 0.2427 0.3814 0.0088 0.0161
0 0.3691 0.4224 0.0098 0.0161
0 0.3281 0.481 0.0098 0.0161
0 0.3545 0.4195 0.0098 0.019
0 0.3872 0.4275 0.0088 0.0176
0 0.3135 0.4649 0.0117 0.019
0 0.3369 0.3734 0.0098 0.0146
0 0.3823 0.369 0.0068 0.0146
0 0.3652 0.3631 0.0078 0.0146
0 0.4341 0.4165 0.0107 0.022
0 0.4751 0.4275 0.0088 0.0205
0 0.689 0.5871 0.0127 0.0176
0 0.7266 0.571 0.0137 0.0234
0 0.6108 0.5747 0.0127 0.022
0 0.6245 0.4048 0.0088 0.0161
0 0.5835 0.3653 0.0068 0.0161
0 0.6421 0.3807 0.0068 0.0146
0 0.498 0.3565 0.0098 0.0161
0 0.7759 0.6318 0.0127 0.022
0 0.895 0.5937 0.0166 0.0278
0 0.8789 0.5483 0.0156 0.0249
0 0.9131 0.5344 0.0195 0.0234
0 0.8745 0.4839 0.0107 0.0249
0 0.9224 0.4546 0.0107 0.0278
0 0.7334 0.4026 0.0117 0.0205
0 0.8745 0.4063 0.0107 0.022
0 0.9624 0.4546 0.0088 0.019
0 0.8472 0.325 0.0088 0.0176
0 0.8643 0.2994 0.0078 0.0132
0 0.8335 0.2987 0.0068 0.0176
0 0.8086 0.3038 0.0059 0.0102
0 0.7788 0.3433 0.0088 0.0161
0 0.7661 0.3053 0.0068 0.0132
0 0.6968 0.5286 0.0166 0.0264
0 0.6602 0.5154 0.0117 0.0146
0 0.6011 0.4495 0.0107 0.0176
0 0.8018 0.5886 0.0176 0.0176
0 0.8193 0.5315 0.0117 0.0264
0 0.9277 0.3887 0.0098 0.019
0 0.9028 0.4561 0.0107 0.022
0 0.0703 0.366 0.0078 0.0146
0 0.0176 0.3814 0.0078 0.0132
0 0.1318 0.3426 0.0059 0.0117
0 0.1499 0.336 0.0068 0.0132
0 0.2173 0.336 0.0068 0.0132
0 0.1733 0.2826 0.0068 0.0117
0 0.0205 0.2906 0.0059 0.0102
0 0.1577 0.3206 0.0068 0.0117
0 0.3096 0.3602 0.0078 0.0146
0 0.272 0.4985 0.0146 0.0249
0 0.3281 0.3294 0.0078 0.0117
0 0.3125 0.295 0.0078 0.0102
0 0.5542 0.2577 0.0068 0.0117
0 0.5171 0.2753 0.0068 0.0117
0 0.4609 0.2877 0.0059 0.0102
0 0.3149 0.3206 0.0068 0.0117
0 0.7275 0.3411 0.0078 0.0146
0 0.7769 0.2445 0.0049 0.0117
0 0.7788 0.2145 0.0068 0.0102
0 0.8032 0.2496 0.0068 0.0102
0 0.6392 0.2965 0.0068 0.0132
0 0.9341 0.2994 0.0088 0.019
0 0.9155 0.4217 0.0127 0.0234
0 0.5376 0.4327 0.0088 0.022
0 0.4277 0.3397 0.0078 0.0176
0 0.7515 0.3243 0.0088 0.0132
0 0.7446 0.287 0.0068 0.0146
0 0.9648 0.4195 0.0137 0.0249
0 0.958 0.612 0.0137 0.0234
0 0.21 0.9583 0.0234 0.0278
0 0.0825 0.7123 0.0146 0.0425
0 0.1567 0.6061 0.0127 0.0264
0 0.3999 0.6706 0.0146 0.0205
