0 0.0352 0.6048 0.0195 0.043
0 0.0708 0.6263 0.0166 0.0365
0 0.186 0.5846 0.0264 0.0495
0 0.1733 0.6081 0.0186 0.0339
0 0.3623 0.6283 0.0117 0.0221
0 0.3901 0.6243 0.0068 0.0143
0 0.4009 0.6335 0.0088 0.0169
0 0.4209 0.6517 0.0098 0.0117
0 0.3086 0.6048 0.0488 0.0768
0 0.4634 0.6367 0.0459 0.0885
0 0.5117 0.6165 0.0215 0.0378
0 0.5693 0.6387 0.0078 0.0143
0 0.5762 0.6484 0.0078 0.0182
0 0.6006 0.6569 0.0215 0.0404
0 0.6353 0.6283 0.0127 0.0221
0 0.6577 0.6849 0.0205 0.0417
0 0.7036 0.6335 0.0088 0.0221
0 0.7222 0.6517 0.0264 0.0586
0 0.4658 0.9206 0.1328 0.1562
0 0.6914 0.6413 0.0078 0.0195
0 0.7085 0.6947 0.0107 0.0247
0 0.7832 0.6276 0.0215 0.0365
0 0.7656 0.6328 0.0195 0.0391
0 0.855 0.6628 0.0186 0.0339
0 0.915 0.6836 0.0254 0.0417
0 0.8428 0.6361 0.0098 0.0169
0 0.8213 0.6523 0.0137 0.0234
0 0.9087 0.6341 0.0127 0.026
0 0.9644 0.6608 0.0166 0.0299
