0 0.688 0.6382 0.0088 0.0147
0 0.6079 0.5647 0.0068 0.0118
0 0.6406 0.5316 0.0059 0.0103
0 0.6108 0.6478 0.0068 0.0162
0 0.5801 0.6279 0.0078 0.0147
0 0.5596 0.6419 0.0078 0.0132
0 0.6738 0.6154 0.0078 0.0132
0 0.5259 0.6566 0.0088 0.0162
0 0.5581 0.5662 0.0068 0.0118
0 0.5298 0.6184 0.0088 0.0162
0 0.5166 0.5971 0.0078 0.0147
0 0.5117 0.5654 0.0059 0.0103
0 0.4888 0.5978 0.0068 0.0132
0 0.3535 0.7228 0.0098 0.0191
0 0.3896 0.6912 0.0098 0.0176
0 0.3271 0.7118 0.0078 0.0147
0 0.2114 0.7066 0.0127 0.0191
0 0.2476 0.7309 0.0107 0.0176
0 0.2139 0.739 0.0078 0.0191
0 0.1943 0.7904 0.0137 0.0221
0 0.2886 0.6493 0.0088 0.0162
0 0.2925 0.5846 0.0068 0.0132
0 0.2407 0.5978 0.0068 0.0132
0 0.2085 0.6103 0.0088 0.0147
0 0.21 0.5684 0.0059 0.0103
0 0.1709 0.6456 0.0098 0.0176
0 0.1348 0.614 0.0078 0.0132
0 0.103 0.5779 0.0088 0.0118
0 0.0879 0.6331 0.0078 0.0132
0 0.043 0.5816 0.0059 0.0103
0 0.0757 0.6485 0.0088 0.0147
0 0.4482 0.5647 0.0059 0.0118
0 0.4233 0.6713 0.0107 0.0162
0 0.4604 0.6478 0.0088 0.0162
0 0.4062 0.5941 0.0078 0.0147
0 0.4131 0.5713 0.0059 0.0132
0 0.4004 0.5846 0.0078 0.0103
0 0.3979 0.5338 0.0049 0.0088
0 0.3848 0.561 0.0059 0.0103
0 0.3774 0.5382 0.0049 0.0088
0 0.3589 0.5507 0.0068 0.0132
0 0.4248 0.6338 0.0078 0.0147
0 0.3257 0.6338 0.0088 0.0147
0 0.3701 0.5993 0.0059 0.0132
0 0.3218 0.5941 0.0088 0.0118
0 0.0884 0.8081 0.0088 0.0191
0 0.8252 0.6757 0.0098 0.0162
0 0.79 0.6404 0.0059 0.0132
0 0.7402 0.6338 0.0098 0.0176
0 0.7734 0.5809 0.0078 0.0118
0 0.7388 0.6103 0.0088 0.0147
0 0.7412 0.5816 0.0078 0.0132
0 0.7095 0.5765 0.0088 0.0147
0 0.9263 0.9581 0.0166 0.0485
0 0.978 0.9449 0.0264 0.0426
0 0.7974 0.9456 0.0107 0.0382
0 0.7495 0.9551 0.0107 0.0368
0 0.9561 0.6331 0.0117 0.0162
0 0.9297 0.6529 0.0078 0.0176
0 0.8872 0.7125 0.0146 0.025
0 0.8569 0.6184 0.0068 0.0132
0 0.9419 0.6206 0.0107 0.0176
0 0.9355 0.5971 0.0078 0.0118
0 0.8857 0.6162 0.0078 0.0147
0 0.875 0.5875 0.0078 0.0132
0 0.7617 0.7566 0.0137 0.025
0 0.7178 0.7787 0.0078 0.025
0 0.7002 0.7581 0.0137 0.025
0 0.5718 0.811 0.0166 0.0279
0 0.5659 0.7375 0.0107 0.025
0 0.6104 0.7912 0.0078 0.0235
0 0.8828 0.5507 0.0059 0.0132
0 0.8301 0.4993 0.0039 0.0103
0 0.8052 0.5272 0.0049 0.0103
0 0.8091 0.525 0.0049 0.0088
0 0.8442 0.4794 0.0049 0.0088
0 0.8057 0.4985 0.0039 0.0088
0 0.8364 0.5044 0.0049 0.0088
0 0.3584 0.8978 0.0176 0.0221
0 0.1699 0.4926 0.0059 0.0088
0 0.1919 0.4625 0.0049 0.0074
0 0.1543 0.4632 0.0039 0.0059
0 0.9175 0.4934 0.0049 0.0103
0 0.9175 0.4794 0.0049 0.0088
0 0.9541 0.4449 0.0039 0.0074
0 0.9487 0.8206 0.0186 0.0206
0 0.5684 0.7691 0.0098 0.0206
0 0.5308 0.7926 0.0068 0.0206
0 0.4131 0.4809 0.0039 0.0088
0 0.4536 0.4831 0.0049 0.0074
0 0.4492 0.4654 0.0039 0.0074
0 0.4287 0.4625 0.0039 0.0074
0 0.3857 0.475 0.0039 0.0059
0 0.3975 0.4757 0.0039 0.0074
0 0.3711 0.4743 0.0039 0.0074
0 0.4463 0.5096 0.0039 0.0074
0 0.6143 0.5184 0.0039 0.0103
0 0.5659 0.5154 0.0049 0.0103
0 0.5425 0.5368 0.0068 0.0118
0 0.5752 0.4743 0.0039 0.0074
0 0.584 0.5162 0.0039 0.0088
0 0.5957 0.7941 0.0137 0.0235
0 0.0615 0.4912 0.0059 0.0088
0 0.0972 0.4993 0.0049 0.0074
0 0.0405 0.4956 0.0049 0.0088
0 0.9517 0.4353 0.0049 0.0088
0 0.2466 0.7625 0.0107 0.0221
0 0.6709 0.5404 0.0059 0.0132
0 0.3262 0.6154 0.0059 0.0103
0 0.499 0.5382 0.0039 0.0088
