0 0.3687 0.0308 0.0518 0.0557
0 0.2495 0.1099 0.0576 0.0693
0 0.167 0.105 0.0508 0.0615
0 0.1826 0.2207 0.0664 0.0723
0 0.3433 0.2041 0.0615 0.0625
0 0.4297 0.1294 0.0605 0.0986
0 0.5811 0.1421 0.0566 0.0693
0 0.7041 0.0791 0.0547 0.0566
0 0.7363 0.1279 0.0449 0.0508
0 0.8066 0.1406 0.0547 0.0684
0 0.7925 0.2246 0.0615 0.0742
0 0.6406 0.2183 0.0566 0.0674
0 0.5225 0.3115 0.0547 0.084
0 0.6323 0.3506 0.0615 0.0996
0 0.7495 0.4668 0.0674 0.0781
0 0.3208 0.333 0.0557 0.0645
0 0.4297 0.3872 0.0723 0.083
0 0.166 0.5264 0.0508 0.0859
0 0.583 0.8374 0.0312 0.1162
0 0.4678 0.1929 0.0566 0.0654
