0 0.8701 0.5848 0.0391 0.0702
0 0.7563 0.5709 0.042 0.0715
0 0.957 0.5642 0.0527 0.0636
0 0.9541 0.3709 0.0371 0.0609
0 0.8701 0.3391 0.0312 0.0503
0 0.9185 0.253 0.0283 0.053
0 0.8667 0.2576 0.0205 0.0464
0 0.7466 0.2305 0.0225 0.045
0 0.5674 0.2199 0.0156 0.0291
0 0.4644 0.2702 0.0225 0.0318
0 0.4658 0.3298 0.0195 0.0371
0 0.4409 0.3331 0.0264 0.0437
0 0.2998 0.3185 0.0234 0.0437
0 0.3838 0.3298 0.0195 0.0265
0 0.5273 0.3192 0.0195 0.0318
0 0.3936 0.2854 0.0176 0.0278
0 0.3447 0.3503 0.0195 0.0384
0 0.2891 0.4152 0.0273 0.049
0 0.2817 0.3464 0.0146 0.0331
0 0.2686 0.5311 0.0312 0.0503
0 0.1582 0.4649 0.0312 0.0477
0 0.1836 0.4702 0.0195 0.0424
0 0.1938 0.4305 0.0244 0.045
0 0.2266 0.4338 0.0234 0.0411
0 0.2642 0.4464 0.0283 0.0503
0 0.0781 0.5053 0.0273 0.0411
0 0.0781 0.4278 0.0254 0.0397
0 0.1108 0.4457 0.0264 0.0305
0 0.0317 0.4457 0.0205 0.0305
0 0.251 0.3656 0.0215 0.0344
0 0.1982 0.3669 0.0098 0.0185
0 0.0996 0.3232 0.0117 0.0185
0 0.0908 0.3523 0.0117 0.0185
0 0.0771 0.3444 0.0098 0.0159
0 0.0957 0.4073 0.0176 0.0358
0 0.1274 0.8007 0.2373 0.2132
0 0.9805 0.2278 0.0312 0.0556
0 0.8403 0.2477 0.0205 0.045
