0 0.1011 0.5464 0.0088 0.0208
0 0.1465 0.5464 0.0078 0.0176
0 0.1748 0.5592 0.0078 0.0176
0 0.1958 0.556 0.0068 0.0144
0 0.2334 0.544 0.0078 0.0128
0 0.2886 0.5488 0.0088 0.016
0 0.3169 0.544 0.0088 0.016
0 0.3447 0.5312 0.0098 0.0192
0 0.3521 0.556 0.0088 0.0176
0 0.3877 0.5664 0.0078 0.016
0 0.4028 0.5424 0.0088 0.016
0 0.4268 0.5392 0.0098 0.0192
0 0.481 0.56 0.0088 0.0192
0 0.5522 0.5464 0.0088 0.0176
0 0.5469 0.5384 0.0078 0.0144
0 0.6172 0.5464 0.0117 0.024
0 0.6411 0.5752 0.0088 0.0208
0 0.6621 0.5624 0.0098 0.0208
0 0.6719 0.5304 0.0078 0.0176
0 0.8022 0.5464 0.0127 0.024
0 0.7856 0.5624 0.0088 0.0208
0 0.8525 0.5088 0.0078 0.0192
0 0.8779 0.5176 0.0117 0.0272
0 0.9204 0.5568 0.0127 0.0288
0 0.8105 0.524 0.0098 0.0208
0 0.5186 0.5424 0.0078 0.016
0 0.6797 0.5136 0.0078 0.016
0 0.6255 0.5272 0.0068 0.0176
0 0.2676 0.556 0.0078 0.0144
