0 0.0552 0.1923 0.0557 0.0828
0 0.1138 0.2485 0.0342 0.0621
0 0.2031 0.2419 0.0469 0.0695
0 0.2427 0.2626 0.0264 0.0399
0 0.3154 0.2411 0.0508 0.074
0 0.2847 0.2359 0.0146 0.0281
0 0.3789 0.2234 0.0176 0.0325
0 0.4067 0.2419 0.0146 0.0251
0 0.4512 0.3136 0.0527 0.068
0 0.4932 0.2308 0.0156 0.0355
0 0.4771 0.2382 0.0186 0.0414
0 0.5391 0.2633 0.0195 0.0355
0 0.5073 0.2441 0.0127 0.0237
0 0.5596 0.2337 0.0156 0.0237
0 0.5884 0.2345 0.0146 0.0222
0 0.6406 0.23 0.041 0.0873
0 0.7139 0.2101 0.0371 0.0799
0 0.6763 0.2345 0.0186 0.0311
0 0.8271 0.1583 0.0117 0.0178
0 0.8809 0.2611 0.0488 0.0932
0 0.9912 0.2389 0.0156 0.0399
