0 0.9653 0.3298 0.0674 0.1472
0 0.8369 0.3367 0.0391 0.0813
0 0.8853 0.2354 0.0088 0.0138
0 0.8599 0.2431 0.0068 0.0138
0 0.8369 0.2569 0.0098 0.0169
0 0.812 0.2331 0.0049 0.0123
0 0.7671 0.3083 0.0439 0.0798
0 0.7349 0.24 0.0127 0.023
0 0.7144 0.2508 0.0146 0.0291
0 0.6938 0.286 0.0186 0.0383
0 0.6494 0.3221 0.0508 0.0982
0 0.6084 0.316 0.0293 0.0675
0 0.5786 0.2768 0.0166 0.0383
0 0.5557 0.2515 0.0098 0.0215
0 0.5488 0.2293 0.0059 0.0138
0 0.5332 0.2308 0.0059 0.0107
0 0.5332 0.3206 0.0391 0.0736
0 0.4341 0.3006 0.0381 0.0828
0 0.4937 0.3198 0.0205 0.0445
0 0.4897 0.2377 0.0088 0.0215
0 0.4839 0.2347 0.0068 0.0184
0 0.5059 0.2423 0.0059 0.0153
0 0.418 0.2462 0.0117 0.023
0 0.4092 0.2623 0.0098 0.0215
0 0.4067 0.2354 0.0068 0.0169
0 0.3931 0.3037 0.0283 0.0521
0 0.2739 0.362 0.042 0.0828
0 0.3081 0.3612 0.0303 0.066
0 0.2754 0.2715 0.0156 0.0307
0 0.3223 0.2446 0.0078 0.0169
0 0.1909 0.2891 0.0186 0.0322
0 0.2134 0.3167 0.0225 0.0414
0 0.2129 0.2676 0.0117 0.0199
0 0.1655 0.3175 0.0244 0.046
0 0.106 0.4609 0.0791 0.1396
0 0.0908 0.3259 0.0332 0.069
0 0.0615 0.2868 0.0156 0.0276
0 0.0083 0.375 0.0186 0.0721
0 0.0757 0.3359 0.0225 0.0491
0 0.1602 0.2569 0.0098 0.023
0 0.2461 0.3566 0.0273 0.0537
0 0.3271 0.2814 0.0117 0.023
0 0.2637 0.2485 0.0078 0.0153
0 0.0381 0.3804 0.0273 0.0552
0 0.2334 0.2546 0.0117 0.0184
