0 0.5264 0.2183 0.0977 0.1603
0 0.9688 0.1611 0.0293 0.0556
0 0.7334 0.1754 0.0273 0.0492
0 0.8315 0.1468 0.0088 0.0238
0 0.8491 0.1405 0.0088 0.0238
0 0.936 0.1484 0.0225 0.0492
0 0.771 0.1381 0.0088 0.019
0 0.8076 0.1381 0.0098 0.019
0 0.8813 0.1508 0.0068 0.019
0 0.9619 0.1 0.0078 0.0159
0 0.6553 0.1635 0.0059 0.0127
0 0.6382 0.1627 0.0049 0.0111
0 0.603 0.1611 0.0186 0.0429
0 0.4175 0.1929 0.0127 0.0302
0 0.3721 0.146 0.0156 0.0317
0 0.3354 0.1611 0.0049 0.0143
0 0.2729 0.1484 0.0225 0.0492
0 0.3086 0.1437 0.0098 0.0206
0 0.3169 0.173 0.0127 0.0349
0 0.189 0.1635 0.0342 0.073
0 0.0918 0.1317 0.0137 0.0349
0 0.0137 0.1532 0.0117 0.0238
0 0.1382 0.1548 0.0068 0.0143
0 0.2886 0.146 0.0088 0.019
