0 0.9087 0.4072 0.0615 0.0916
0 0.9546 0.3218 0.0244 0.0495
0 0.9819 0.3236 0.0205 0.0334
0 0.7358 0.4808 0.0732 0.1027
0 0.8062 0.6974 0.1533 0.2438
0 0.7617 0.3069 0.0176 0.0272
0 0.6719 0.3744 0.0293 0.0458
0 0.6147 0.1912 0.0068 0.0111
0 0.5972 0.3558 0.0205 0.0408
0 0.4829 0.3434 0.0303 0.0507
0 0.5122 0.3379 0.0225 0.0371
0 0.4663 0.5476 0.0967 0.1696
0 0.4478 0.4022 0.0576 0.0941
0 0.5151 0.4214 0.0283 0.0458
0 0.2129 0.4319 0.0391 0.0693
0 0.3423 0.492 0.0615 0.1052
0 0.1543 0.4604 0.0527 0.099
0 0.1519 0.3954 0.0498 0.0705
0 0.2007 0.3564 0.0127 0.0198
