0 0.0225 0.5699 0.041 0.0795
0 0.1035 0.5712 0.0684 0.0959
0 0.2295 0.4562 0.0566 0.0795
0 0.2437 0.3849 0.042 0.0603
0 0.2944 0.3685 0.042 0.0575
0 0.3555 0.3438 0.041 0.063
0 0.1738 0.3733 0.0371 0.0589
0 0.0874 0.4356 0.04 0.0575
0 0.0698 0.3562 0.0186 0.0301
0 0.0977 0.3397 0.0195 0.0301
0 0.1045 0.3301 0.0156 0.0274
0 0.1714 0.3199 0.0127 0.0288
0 0.2119 0.2973 0.0137 0.0192
0 0.2432 0.3151 0.0176 0.0247
0 0.271 0.2904 0.0166 0.0219
0 0.3208 0.2904 0.0205 0.0274
0 0.3306 0.2568 0.0107 0.0178
0 0.3975 0.2548 0.0156 0.0274
0 0.3784 0.2795 0.0146 0.0192
0 0.4468 0.2938 0.0244 0.0288
0 0.4536 0.3356 0.0205 0.0356
0 0.4575 0.3863 0.0264 0.0356
0 0.3877 0.4473 0.041 0.0562
0 0.5015 0.3623 0.0322 0.0534
0 0.519 0.4178 0.04 0.0685
0 0.5454 0.361 0.04 0.0726
0 0.5239 0.2459 0.0264 0.0425
0 0.4463 0.2404 0.0117 0.0205
0 0.4053 0.226 0.0059 0.0164
0 0.5469 0.1932 0.0098 0.0192
0 0.5967 0.2568 0.0312 0.0562
0 0.6074 0.1753 0.0117 0.0219
0 0.6323 0.1719 0.0107 0.0205
0 0.6533 0.1986 0.0195 0.0274
0 0.6577 0.2301 0.0205 0.0356
0 0.646 0.2842 0.0264 0.0534
0 0.6606 0.3781 0.0459 0.0712
0 0.604 0.4562 0.0381 0.0932
0 0.4595 0.2068 0.0068 0.011
0 0.7554 0.4459 0.0596 0.1164
0 0.7803 0.337 0.0469 0.063
0 0.9038 0.3377 0.0791 0.1329
0 0.8491 0.3685 0.0361 0.0712
0 0.8638 0.2959 0.0381 0.0603
0 0.7188 0.2842 0.0293 0.0479
0 0.6846 0.3082 0.0469 0.0767
0 0.7139 0.2349 0.0254 0.0397
0 0.6851 0.1781 0.0146 0.0219
0 0.6948 0.1418 0.0127 0.0205
0 0.7729 0.1801 0.0264 0.0507
0 0.7441 0.1438 0.0156 0.0247
0 0.7935 0.1288 0.0088 0.0137
0 0.8467 0.1788 0.0215 0.0342
0 0.9126 0.1178 0.0146 0.0219
0 0.9268 0.1116 0.0117 0.0178
0 0.8911 0.1082 0.0146 0.0247
0 0.8613 0.1253 0.0117 0.0205
0 0.9819 0.0877 0.0107 0.0219
0 0.9932 0.1068 0.0098 0.0274
0 0.9741 0.1801 0.0361 0.0507
0 0.9868 0.2452 0.0244 0.063
0 0.9839 0.7452 0.0303 0.1589
0 0.9346 0.137 0.0176 0.0274
0 0.7764 0.2808 0.0352 0.0521
