0 0.0215 0.4229 0.0312 0.0705
0 0.0078 0.4413 0.0176 0.0808
0 0.0464 0.3744 0.0205 0.0323
0 0.0835 0.3267 0.0146 0.0162
0 0.1167 0.4141 0.0518 0.0852
0 0.1279 0.3737 0.0391 0.0808
0 0.1626 0.4251 0.0537 0.0866
0 0.2822 0.3223 0.0508 0.1689
0 0.3647 0.3054 0.0537 0.0999
0 0.3037 0.3341 0.041 0.0896
0 0.375 0.2614 0.0391 0.0646
0 0.3101 0.2394 0.0107 0.0235
0 0.3857 0.243 0.0312 0.0631
0 0.4146 0.2298 0.0225 0.0367
0 0.4321 0.3209 0.04 0.072
0 0.4473 0.2195 0.0137 0.025
0 0.4824 0.4581 0.0488 0.0764
0 0.5337 0.1924 0.04 0.0881
0 0.4922 0.2203 0.0117 0.0235
0 0.7329 0.141 0.0615 0.094
0 0.6533 0.1211 0.0059 0.0103
0 0.8145 0.1791 0.0293 0.0587
0 0.7993 0.1263 0.0166 0.0235
0 0.7827 0.1138 0.0088 0.0162
0 0.9175 0.2305 0.0693 0.1233
0 0.8872 0.3164 0.0498 0.1043
0 0.8438 0.1836 0.0156 0.0323
0 0.8833 0.1065 0.0088 0.022
0 0.9326 0.1065 0.0215 0.0485
0 0.9746 0.141 0.0312 0.0529
0 0.8174 0.2379 0.0352 0.0793
