0 0.0137 0.4425 0.0273 0.0532
0 0.0283 0.3459 0.0117 0.0136
0 0.0645 0.4208 0.0352 0.0569
0 0.1338 0.4845 0.0508 0.0879
0 0.1128 0.4257 0.0303 0.0545
0 0.1675 0.4387 0.042 0.0631
0 0.2134 0.3948 0.0186 0.0272
0 0.2573 0.3781 0.0244 0.0433
0 0.2598 0.3175 0.0117 0.0161
0 0.2793 0.3007 0.0137 0.0149
0 0.188 0.2847 0.0068 0.0074
0 0.0591 0.5241 0.0381 0.0483
0 0.0376 0.6225 0.0518 0.0644
0 0.2598 0.7438 0.0352 0.0693
0 0.3735 0.8001 0.1123 0.1547
0 0.2983 0.3459 0.0303 0.0507
0 0.3052 0.4066 0.0283 0.0384
0 0.3872 0.349 0.0342 0.0495
0 0.3613 0.2618 0.0098 0.0136
0 0.4087 0.2624 0.0088 0.0173
0 0.5024 0.2741 0.0186 0.026
0 0.5845 0.1745 0.0146 0.0198
0 0.5386 0.1955 0.0127 0.0198
0 0.7261 0.2741 0.0342 0.0557
0 0.7979 0.2222 0.0273 0.0408
0 0.9702 0.1182 0.0186 0.0285
0 0.9248 0.1361 0.0156 0.0272
0 0.936 0.2469 0.0615 0.0928
0 0.9731 0.3911 0.0518 0.104
0 0.8267 0.4666 0.0771 0.1064
0 0.7905 0.771 0.1709 0.25
0 0.6636 0.6015 0.0615 0.0495
0 0.2051 0.2785 0.0078 0.0099
0 0.144 0.3001 0.0049 0.0087
