0 0.5098 0.4941 0.0352 0.0618
0 0.5957 0.4257 0.0234 0.0544
0 0.7739 0.3706 0.0225 0.0441
0 0.877 0.4279 0.0254 0.05
0 0.9067 0.4353 0.0264 0.0529
0 0.6865 0.7485 0.0469 0.0765
0 0.0444 0.614 0.0244 0.0456
0 0.1802 0.4287 0.0303 0.0603
0 0.3594 0.3831 0.0293 0.0544
0 0.3057 0.3088 0.0195 0.0353
0 0.2339 0.3765 0.0186 0.0382
0 0.0635 0.3669 0.0156 0.0309
0 0.4951 0.3368 0.0215 0.0382
0 0.5347 0.3316 0.0186 0.0338
0 0.5464 0.3191 0.0186 0.0324
0 0.521 0.2779 0.0127 0.0265
0 0.8838 0.3081 0.0176 0.0338
0 0.0542 0.3191 0.0166 0.0353
0 0.0615 0.3118 0.0215 0.0471
0 0.7397 0.4419 0.0322 0.0632
0 0.6255 0.3338 0.0146 0.0353
0 0.6045 0.3199 0.0156 0.0338
