0 0.812 0.7859 0.0049 0.0059
0 0.8208 0.8453 0.0107 0.0279
0 0.8799 0.8688 0.0156 0.0279
0 0.7715 0.9062 0.0156 0.0264
0 0.8076 0.9355 0.0156 0.0264
0 0.8564 0.893 0.0137 0.0293
0 0.8721 0.9032 0.0137 0.0205
0 0.1177 0.6261 0.0049 0.0088
0 0.0225 0.1877 0.0078 0.0147
0 0.0581 0.1466 0.0049 0.0088
0 0.1899 0.1598 0.0049 0.0059
0 0.6572 0.9831 0.0156 0.0308
0 0.4575 0.9758 0.0225 0.0308
0 0.4736 0.9677 0.0137 0.0293
0 0.4829 0.9523 0.0186 0.0308
0 0.5171 0.9421 0.0186 0.0337
0 0.5381 0.9545 0.0156 0.0235
0 0.5552 0.9523 0.0166 0.0279
0 0.5269 0.9846 0.0186 0.0279
0 0.5747 0.9472 0.0186 0.0381
0 0.6016 0.8746 0.0137 0.0073
0 0.5981 0.8981 0.0166 0.0308
0 0.6069 0.9282 0.0166 0.044
0 0.7783 0.9883 0.0176 0.0205
0 0.8237 0.9809 0.0146 0.0323
0 0.9106 0.9846 0.0166 0.0249
0 0.3027 0.9223 0.0137 0.0264
0 0.4116 0.6745 0.0127 0.0352
0 0.3887 0.6554 0.0098 0.0264
0 0.5688 0.5938 0.0068 0.0088
0 0.9766 0.393 0.0234 0.0557
0 0.8701 0.4545 0.0078 0.0147
0 0.8574 0.5257 0.0098 0.0161
0 0.8901 0.4846 0.0049 0.0132
0 0.8882 0.4648 0.0068 0.0147
0 0.8384 0.4098 0.0049 0.0103
0 0.8511 0.4135 0.0088 0.0176
0 0.9136 0.4157 0.0068 0.0161
0 0.8271 0.4567 0.0039 0.0103
0 0.8232 0.4831 0.0039 0.0073
0 0.7686 0.5191 0.0117 0.0176
0 0.7793 0.5447 0.0078 0.0132
0 0.7808 0.5161 0.0068 0.0088
0 0.8926 0.2691 0.0059 0.0073
0 0.0879 0.5227 0.0078 0.0191
0 0.0054 0.5051 0.0088 0.0191
0 0.021 0.4355 0.0068 0.0147
0 0.0166 0.3856 0.0078 0.0117
0 0.0586 0.4905 0.0078 0.0132
0 0.0557 0.3746 0.0078 0.0073
0 0.1587 0.4919 0.0068 0.0103
0 0.189 0.5638 0.0068 0.0132
0 0.0254 0.5946 0.0098 0.0132
0 0.0791 0.5154 0.0078 0.0132
0 0.0293 0.4619 0.0059 0.0117
0 0.0015 0.5286 0.0049 0.0103
0 0.1968 0.1532 0.0029 0.0044
0 0.1611 0.165 0.0039 0.0073
0 0.1743 0.1518 0.0049 0.0073
0 0.0605 0.2515 0.0039 0.0103
0 0.0537 0.2566 0.0059 0.0088
0 0.0166 0.2544 0.0059 0.0073
0 0.0386 0.272 0.0068 0.0073
0 0.1191 0.1767 0.0059 0.0073
0 0.1177 0.1891 0.0088 0.0117
0 0.1606 0.1188 0.0029 0.0059
0 0.0811 0.2412 0.0059 0.0103
0 0.0918 0.2515 0.0059 0.0073
0 0.0752 0.2573 0.0059 0.0132
0 0.248 0.1613 0.0039 0.0088
0 0.165 0.9194 0.0195 0.0411
0 0.0156 0.9062 0.0078 0.0205
0 0.3022 0.9824 0.0186 0.0264
0 0.3696 0.9707 0.0205 0.0352
0 0.3711 0.8475 0.0137 0.0176
0 0.3691 0.9186 0.0176 0.0279
0 0.3359 0.9795 0.0117 0.0235
0 0.6235 0.8732 0.0107 0.0249
0 0.6406 0.9069 0.0156 0.0279
0 0.6533 0.9054 0.0098 0.0191
0 0.6631 0.9018 0.0117 0.0264
0 0.6553 0.9479 0.0176 0.0249
0 0.6816 0.9457 0.0156 0.0235
0 0.6953 0.989 0.0156 0.0191
0 0.7256 0.956 0.0098 0.0176
0 0.604 0.8475 0.0088 0.0176
0 0.0918 0.2639 0.0059 0.0088
0 0.0298 0.2896 0.0049 0.0073
0 0.064 0.5191 0.0049 0.0088
0 0.0278 0.4164 0.0049 0.0088
0 0.2354 0.5095 0.0059 0.0103
0 0.1753 0.5183 0.0088 0.0132
0 0.1685 0.4912 0.0088 0.0147
0 0.1694 0.4707 0.0107 0.0117
0 0.1045 0.4589 0.002 0.0059
0 0.1821 0.4663 0.0029 0.0059
0 0.1885 0.4663 0.0059 0.0059
0 0.8057 0.7845 0.0059 0.0088
0 0.3696 0.8834 0.0166 0.0191
0 0.5952 0.9362 0.0049 0.0073
0 0.9824 0.8233 0.0137 0.0161
0 0.8384 0.9861 0.0146 0.0191
0 0.751 0.816 0.0156 0.022
0 0.7373 0.8057 0.0098 0.0161
0 0.7886 0.9047 0.0146 0.0264
0 0.9541 0.5403 0.0098 0.0161
0 0.8306 0.5499 0.0107 0.0147
0 0.7437 0.5389 0.0088 0.0132
0 0.7139 0.5411 0.0078 0.0147
0 0.793 0.5161 0.0059 0.0117
0 0.8794 0.4831 0.0068 0.0103
0 0.5474 0.563 0.0088 0.0147
0 0.5649 0.5623 0.0107 0.022
0 0.4902 0.5814 0.0078 0.0161
0 0.4829 0.566 0.0068 0.0147
0 0.5093 0.5609 0.0068 0.0132
0 0.0718 0.3204 0.0068 0.0132
0 0.0293 0.3365 0.0059 0.0103
0 0.0723 0.1987 0.0039 0.0073
0 0.0654 0.2016 0.0039 0.0073
0 0.0815 0.4384 0.0088 0.0147
0 0.0747 0.4348 0.0049 0.0132
0 0.0791 0.4223 0.0059 0.0117
0 0.2798 0.2038 0.0068 0.0088
0 0.165 0.1818 0.0039 0.0088
0 0.0605 0.143 0.0078 0.0103
0 0.0474 0.1906 0.0049 0.0088
0 0.2783 0.1767 0.0059 0.0073
0 0.1836 0.1019 0.0039 0.0073
0 0.0635 0.2089 0.0059 0.0103
0 0.0605 0.1943 0.0039 0.0073
0 0.0728 0.1481 0.0049 0.0088
0 0.9873 0.1276 0.0059 0.0117
0 0.9775 0.1642 0.0059 0.0147
0 0.9536 0.2302 0.0049 0.0147
0 0.3936 0.9311 0.0156 0.0264
0 0.2549 0.379 0.0078 0.0161
0 0.6455 0.4787 0.0078 0.0132
0 0.6392 0.544 0.0107 0.0176
0 0.6362 0.5946 0.0107 0.0161
0 0.6392 0.5667 0.0088 0.0191
0 0.8198 0.8087 0.0088 0.0249
0 0.7559 0.7566 0.0098 0.0176
0 0.9487 0.7507 0.0127 0.0235
0 0.9536 0.7815 0.0107 0.0235
0 0.9336 0.7405 0.0117 0.0205
0 0.9233 0.7551 0.0107 0.0235
0 0.918 0.9304 0.0137 0.0279
0 0.9004 0.9128 0.0156 0.0308
0 0.9731 0.8314 0.0088 0.0176
0 0.8291 0.9582 0.0059 0.0161
0 0.8667 0.9274 0.0166 0.0279
0 0.8311 0.9135 0.0117 0.0147
0 0.8237 0.9304 0.0068 0.0132
0 0.7632 0.7691 0.0068 0.0161
0 0.7153 0.9201 0.0146 0.0191
0 0.6763 0.912 0.0049 0.0117
0 0.7002 0.9172 0.0059 0.0103
0 0.5811 0.9135 0.0078 0.0147
0 0.6641 0.8065 0.0098 0.0117
0 0.7729 0.7661 0.0068 0.0132
0 0.1528 0.9633 0.0107 0.0264
0 0.1206 0.923 0.0068 0.0132
0 0.1353 0.9186 0.0068 0.0132
0 0.1396 0.9501 0.0098 0.0205
0 0.2437 0.9443 0.0088 0.0147
0 0.2549 0.9538 0.0078 0.0161
0 0.0986 0.9751 0.0098 0.0352
0 0.1138 0.9289 0.0088 0.0161
0 0.0044 0.9179 0.0088 0.0147
0 0.0498 0.8959 0.0078 0.0117
0 0.0083 0.9069 0.0068 0.0161
0 0.0781 0.9296 0.0098 0.0147
0 0.0444 0.4685 0.0068 0.0161
0 0.0488 0.4435 0.0078 0.0103
0 0.0859 0.3996 0.0039 0.0073
0 0.1528 0.349 0.0088 0.0147
0 0.1611 0.3548 0.0059 0.0088
0 0.2466 0.3908 0.0088 0.0132
0 0.2349 0.3658 0.0049 0.0132
0 0.2441 0.349 0.0078 0.0117
0 0.2441 0.368 0.0059 0.0088
0 0.1196 0.3944 0.0049 0.0117
0 0.0508 0.4633 0.0098 0.0147
0 0.0664 0.4597 0.0059 0.0103
0 0.0605 0.4677 0.0059 0.0117
0 0.0757 0.5007 0.0049 0.0103
0 0.8164 0.3167 0.0156 0.0205
0 0.7993 0.2749 0.0088 0.0161
0 0.8472 0.3116 0.0049 0.0073
0 0.8501 0.3226 0.0049 0.0059
0 0.8589 0.2881 0.0107 0.0161
0 0.8774 0.3043 0.0186 0.0191
0 0.916 0.2925 0.0117 0.022
0 0.936 0.154 0.0068 0.0176
0 0.9609 0.1503 0.0078 0.022
0 0.3188 0.3087 0.0088 0.0132
0 0.3208 0.2859 0.0068 0.0117
0 0.3125 0.3028 0.0059 0.0132
0 0.3784 0.3021 0.0068 0.0117
0 0.4233 0.3167 0.0088 0.0117
0 0.188 0.3057 0.0068 0.0132
0 0.1758 0.2918 0.0059 0.0088
0 0.2339 0.1642 0.0029 0.0059
0 0.1943 0.1239 0.0039 0.0073
0 0.0342 0.2507 0.0098 0.0147
0 0.3232 0.0733 0.0059 0.0117
0 0.4312 0.5894 0.0049 0.0088
0 0.4541 0.632 0.0078 0.0117
0 0.2051 0.4032 0.0059 0.0117
0 0.8276 0.2566 0.0127 0.0176
0 0.7681 0.2507 0.0107 0.0147
0 0.7803 0.2207 0.0117 0.0191
0 0.7173 0.1921 0.0127 0.0147
0 0.521 0.4348 0.0107 0.0161
0 0.4141 0.3952 0.0098 0.0132
0 0.3843 0.3732 0.0107 0.0132
0 0.3989 0.6085 0.0088 0.0147
0 0.3179 0.1466 0.0088 0.0176
0 0.374 0.4223 0.0078 0.0117
