0 0.0303 0.3451 0.0078 0.0104
0 0.0015 0.3581 0.0049 0.0234
0 0.0137 0.4336 0.0293 0.0599
0 0.0737 0.4831 0.0479 0.0807
0 0.0835 0.3913 0.0107 0.0221
0 0.1348 0.4785 0.0273 0.043
0 0.1729 0.3568 0.0195 0.0312
0 0.1777 0.3828 0.0117 0.0312
0 0.2061 0.3939 0.0293 0.0273
0 0.2051 0.4362 0.0332 0.0651
0 0.2476 0.3548 0.0264 0.0404
0 0.4004 0.6413 0.0898 0.1523
0 0.5562 0.2025 0.0381 0.0482
0 0.4497 0.127 0.04 0.0742
0 0.3486 0.179 0.0352 0.0612
0 0.6641 0.2207 0.0488 0.069
0 0.8911 0.2012 0.0596 0.0872
0 0.7622 0.5378 0.0596 0.1302
