0 0.7798 0.1499 0.0479 0.0469
0 0.8208 0.1465 0.0439 0.0447
0 0.1172 0.4902 0.0918 0.1098
0 0.7754 0.5742 0.0312 0.0492
0 0.5586 0.7597 0.0449 0.0462
0 0.6304 0.7059 0.0322 0.0341
0 0.1978 0.8437 0.0361 0.0522
0 0.2622 0.9406 0.0732 0.0689
0 0.4443 0.6915 0.0273 0.0235
0 0.3184 0.5836 0.0137 0.0121
0 0.3154 0.5579 0.0117 0.0106
0 0.3701 0.5632 0.0117 0.0121
0 0.4004 0.5579 0.0098 0.0091
0 0.4507 0.5621 0.0107 0.0114
0 0.8857 0.5742 0.0117 0.0114
0 0.8672 0.5579 0.0098 0.0106
0 0.2397 0.5802 0.0107 0.0098
0 0.041 0.5844 0.0078 0.0106
0 0.0854 0.7933 0.0283 0.0333
0 0.1123 0.7403 0.0254 0.0257
0 0.4863 0.8418 0.0508 0.0469
0 0.9839 0.5749 0.0166 0.0144
0 0.6162 0.5666 0.0137 0.0114
0 0.6567 0.5689 0.0127 0.0129
0 0.6328 0.5659 0.0078 0.0083
0 0.5571 0.5734 0.0107 0.0114
0 0.4834 0.5598 0.0098 0.0083
0 0.6489 0.6238 0.0146 0.0167
0 0.478 0.5863 0.0088 0.0098
