0 0.8906 0.5599 0.0547 0.1233
0 0.7393 0.5443 0.0664 0.1233
0 0.8516 0.4167 0.0449 0.0903
0 0.7861 0.4071 0.0371 0.0747
0 0.7241 0.4314 0.0576 0.1024
0 0.6543 0.408 0.0469 0.0903
0 0.9712 0.217 0.0244 0.059
0 0.6821 0.2535 0.0303 0.0625
0 0.5967 0.2917 0.0273 0.0451
0 0.751 0.263 0.0156 0.0503
0 0.8608 0.2457 0.0146 0.0469
0 0.4756 0.5469 0.0723 0.1771
0 0.5942 0.4792 0.0596 0.1285
0 0.5361 0.4271 0.041 0.0799
0 0.5171 0.3342 0.0381 0.0816
0 0.4067 0.3932 0.0381 0.0816
0 0.4453 0.3238 0.0332 0.0781
0 0.4614 0.2448 0.0225 0.059
0 0.5439 0.2526 0.0254 0.0573
0 0.2729 0.4314 0.042 0.0885
0 0.1069 0.6102 0.0771 0.1406
0 0.2144 0.6024 0.0654 0.1215
0 0.1729 0.4054 0.043 0.0747
0 0.1646 0.303 0.0264 0.0538
0 0.251 0.2856 0.0293 0.0608
0 0.3188 0.2604 0.0264 0.0521
0 0.396 0.2717 0.0244 0.0503
0 0.0278 0.5382 0.0518 0.1146
0 0.3472 0.4028 0.0596 0.1389
0 0.2598 0.2057 0.0195 0.0399
0 0.3745 0.2543 0.0186 0.0365
0 0.9546 0.6797 0.0654 0.1649
0 0.0264 0.3342 0.0234 0.0573
