0 0.1128 0.5104 0.0068 0.0139
0 0.1362 0.4965 0.0049 0.0139
0 0.1523 0.4931 0.0059 0.0139
0 0.1714 0.4922 0.0068 0.0156
0 0.1816 0.4826 0.0059 0.0139
0 0.1904 0.4644 0.0059 0.0122
0 0.2227 0.4436 0.0059 0.0156
0 0.2271 0.4835 0.0068 0.0156
0 0.2065 0.487 0.0068 0.0156
0 0.1895 0.5 0.0039 0.0104
0 0.1753 0.5182 0.0068 0.0191
0 0.1606 0.5365 0.0068 0.0174
0 0.1968 0.5582 0.0088 0.0191
0 0.2261 0.5182 0.0068 0.0191
0 0.25 0.513 0.0059 0.0122
0 0.2695 0.5512 0.0078 0.0191
0 0.2832 0.5503 0.0078 0.0174
0 0.2729 0.5347 0.0068 0.0174
0 0.2842 0.526 0.0059 0.0174
0 0.2959 0.5069 0.0059 0.0174
0 0.2319 0.513 0.0049 0.0156
0 0.2397 0.4783 0.0068 0.0156
0 0.2573 0.4913 0.0049 0.0139
0 0.2832 0.4844 0.0059 0.0174
0 0.3271 0.4618 0.0059 0.0139
0 0.3037 0.5512 0.0098 0.026
0 0.2754 0.6424 0.0098 0.0208
0 0.2495 0.6285 0.0088 0.0208
0 0.2861 0.6102 0.0078 0.0191
0 0.3125 0.6128 0.0098 0.0208
0 0.3193 0.5859 0.0078 0.0191
0 0.3354 0.6814 0.0127 0.0295
0 0.3354 0.6146 0.0088 0.0174
0 0.1733 0.5946 0.0088 0.0156
0 0.3818 0.5668 0.0098 0.0226
0 0.3848 0.5946 0.0098 0.026
0 0.374 0.5503 0.0078 0.0174
0 0.3438 0.559 0.0078 0.0174
0 0.332 0.5373 0.0078 0.0156
0 0.3765 0.52 0.0068 0.0191
0 0.3975 0.5278 0.0059 0.0174
0 0.4082 0.526 0.0078 0.0174
0 0.4136 0.5208 0.0068 0.0174
0 0.3525 0.5182 0.0078 0.0156
0 0.4395 0.4905 0.0078 0.0156
0 0.4258 0.553 0.0059 0.0122
0 0.397 0.5946 0.0088 0.0191
0 0.4272 0.5799 0.0088 0.0208
0 0.439 0.5729 0.0088 0.0208
0 0.4385 0.6042 0.0078 0.0174
0 0.4253 0.6267 0.0088 0.0174
0 0.4058 0.6337 0.0088 0.0208
0 0.418 0.6606 0.0137 0.0295
0 0.4385 0.6641 0.0117 0.0295
0 0.4482 0.6372 0.0078 0.0243
0 0.4541 0.5946 0.0078 0.0226
0 0.4531 0.5712 0.0078 0.0174
0 0.4556 0.5451 0.0088 0.0243
0 0.4409 0.572 0.0088 0.0191
0 0.2861 0.6502 0.0098 0.0156
0 0.2031 0.5955 0.0059 0.0174
0 0.3447 0.6398 0.0098 0.026
0 0.3813 0.7109 0.0107 0.0295
0 0.4409 0.7595 0.0107 0.033
0 0.4678 0.6276 0.0117 0.026
0 0.4482 0.7118 0.0137 0.0312
0 0.502 0.8047 0.0156 0.0365
0 0.4917 0.5104 0.0068 0.0174
0 0.4795 0.4965 0.0059 0.0139
0 0.4644 0.5286 0.0068 0.0156
0 0.4683 0.4792 0.0049 0.0208
0 0.5151 0.5217 0.0068 0.0191
0 0.5142 0.5538 0.0068 0.0208
0 0.4888 0.5747 0.0127 0.0174
0 0.5293 0.5668 0.0098 0.0191
0 0.542 0.6215 0.0078 0.0243
0 0.52 0.7005 0.0088 0.033
0 0.5513 0.6016 0.0068 0.0226
0 0.5679 0.612 0.0127 0.0226
0 0.54 0.5 0.0059 0.0174
0 0.6162 0.6042 0.0098 0.0174
0 0.6304 0.5833 0.0088 0.0208
0 0.6348 0.5503 0.0078 0.0208
0 0.5996 0.5434 0.0078 0.0139
0 0.6133 0.5599 0.0078 0.0191
0 0.6367 0.4939 0.0059 0.0156
0 0.6069 0.4714 0.0049 0.0122
0 0.5811 0.4766 0.0078 0.0156
0 0.5908 0.5877 0.0098 0.0226
0 0.5396 0.6458 0.0088 0.0208
0 0.5288 0.6493 0.0068 0.0208
0 0.5073 0.5712 0.0088 0.0174
0 0.5552 0.7847 0.0146 0.0347
0 0.5781 0.7786 0.0117 0.0295
0 0.5791 0.6024 0.0078 0.0243
0 0.5449 0.5295 0.0059 0.0174
0 0.5869 0.5512 0.0078 0.0156
0 0.5273 0.6198 0.0078 0.0208
0 0.6895 0.5434 0.0078 0.0174
0 0.7285 0.5773 0.0098 0.0226
0 0.7212 0.5356 0.0068 0.0191
0 0.7051 0.5712 0.0059 0.0208
0 0.687 0.5851 0.0088 0.0208
0 0.6729 0.5443 0.0078 0.0191
0 0.668 0.5556 0.0078 0.0174
0 0.7583 0.5234 0.0068 0.0191
0 0.749 0.5399 0.0078 0.0208
0 0.7476 0.5668 0.0068 0.0191
0 0.7266 0.6701 0.0078 0.0278
0 0.7349 0.7318 0.0107 0.0226
0 0.7559 0.7648 0.0137 0.0365
0 0.7603 0.7014 0.0127 0.0174
0 0.7026 0.7561 0.0088 0.0226
0 0.7305 0.8351 0.0137 0.0347
0 0.6064 0.7161 0.0137 0.033
0 0.6069 0.6345 0.0088 0.0226
0 0.6016 0.6745 0.0078 0.026
0 0.5947 0.6189 0.0078 0.0226
0 0.6641 0.6901 0.0098 0.026
0 0.7271 0.7127 0.0088 0.0295
0 0.6484 0.6146 0.0117 0.0243
0 0.6602 0.559 0.0078 0.0174
0 0.6426 0.5712 0.0078 0.0208
0 0.6675 0.5903 0.0068 0.0174
0 0.6538 0.5755 0.0068 0.0156
0 0.6934 0.5104 0.0059 0.0174
0 0.6846 0.4957 0.0078 0.0122
0 0.6562 0.5104 0.0059 0.0139
0 0.6641 0.5104 0.0059 0.0139
0 0.6387 0.5295 0.0078 0.0104
0 0.7222 0.4774 0.0088 0.0243
0 0.7563 0.4644 0.0068 0.0122
0 0.7314 0.599 0.0059 0.0208
0 0.731 0.6345 0.0068 0.0156
0 0.7817 0.6198 0.0088 0.0243
0 0.7549 0.4896 0.0039 0.0104
0 0.6562 0.4774 0.0059 0.0139
0 0.6709 0.4323 0.0059 0.0139
0 0.7407 0.5625 0.0068 0.0174
0 0.7495 0.5174 0.0049 0.0104
0 0.8096 0.467 0.0059 0.0139
0 0.8223 0.5 0.0059 0.0174
0 0.8584 0.5365 0.0059 0.0174
0 0.8501 0.5304 0.0068 0.0156
0 0.8423 0.5321 0.0068 0.0156
0 0.8188 0.533 0.0068 0.0174
0 0.854 0.6042 0.0088 0.0243
0 0.8394 0.6172 0.0068 0.0295
0 0.8247 0.6163 0.0068 0.0208
0 0.8359 0.5625 0.0078 0.0208
0 0.8081 0.5182 0.0068 0.0122
0 0.7939 0.5113 0.0059 0.0122
0 0.8032 0.4939 0.0049 0.0122
0 0.8477 0.6389 0.0117 0.0278
0 0.8125 0.6146 0.0078 0.0174
0 0.7959 0.6345 0.0078 0.0191
0 0.7769 0.6554 0.0068 0.0226
0 0.7876 0.4878 0.0068 0.0139
0 0.8115 0.4913 0.0078 0.0139
0 0.7852 0.4792 0.0039 0.0139
0 0.8589 0.4991 0.0049 0.0122
0 0.8706 0.4939 0.0068 0.0156
0 0.8721 0.5139 0.0059 0.0139
0 0.8833 0.5052 0.0068 0.0139
0 0.9307 0.5052 0.0059 0.0104
0 0.9297 0.5417 0.0098 0.0208
0 0.918 0.5156 0.0059 0.0139
0 0.9077 0.5113 0.0049 0.0156
0 0.9023 0.5174 0.0059 0.0139
0 0.8818 0.5556 0.0078 0.0174
0 0.8965 0.6293 0.0098 0.0226
0 0.9302 0.6293 0.0127 0.0295
0 0.9048 0.5929 0.0107 0.026
0 0.9102 0.5634 0.0098 0.0191
0 0.9834 0.5243 0.0059 0.0174
0 0.9717 0.5582 0.0098 0.0226
0 0.9526 0.5243 0.0068 0.0139
0 0.9409 0.6024 0.0068 0.0139
0 0.9556 0.5998 0.0107 0.0226
0 0.9609 0.5946 0.0078 0.0191
0 0.9189 0.6267 0.0078 0.0208
0 0.9609 0.6432 0.0078 0.0191
0 0.9077 0.6832 0.0107 0.026
0 0.9761 0.6519 0.0107 0.0226
0 0.9258 0.6693 0.0098 0.026
0 0.9033 0.6519 0.0098 0.026
0 0.9678 0.6267 0.0059 0.0139
0 0.9692 0.5946 0.0088 0.026
0 0.9937 0.645 0.0088 0.0226
0 0.9897 0.7222 0.0088 0.0208
0 0.9521 0.6901 0.0137 0.026
0 0.9346 0.7092 0.0117 0.033
0 0.8726 0.6918 0.0107 0.0295
0 0.8433 0.7066 0.0146 0.0312
0 0.8501 0.7474 0.0166 0.026
0 0.8867 0.7734 0.0117 0.0365
0 0.8999 0.7344 0.0107 0.0243
0 0.8628 0.8924 0.0166 0.0312
0 0.876 0.8524 0.0117 0.0347
0 0.895 0.8142 0.0166 0.0347
0 0.9268 0.8637 0.0176 0.0399
0 0.8882 0.8741 0.0127 0.0295
0 0.9653 0.8628 0.0146 0.0417
0 0.8242 0.7266 0.0117 0.033
0 0.7939 0.7648 0.0117 0.0295
0 0.7769 0.8264 0.0146 0.0347
0 0.5396 0.7075 0.0088 0.0156
0 0.5171 0.4644 0.0049 0.0122
0 0.5239 0.4601 0.0049 0.0139
0 0.564 0.4288 0.0049 0.0139
0 0.4946 0.434 0.0049 0.0139
0 0.5049 0.4262 0.0039 0.0122
0 0.4897 0.3967 0.0049 0.0156
0 0.4419 0.4601 0.0068 0.0208
0 0.7075 0.6146 0.0088 0.0174
0 0.6943 0.6345 0.0098 0.0191
0 0.6831 0.4401 0.0068 0.0122
0 0.6177 0.4549 0.0049 0.0104
0 0.5908 0.4566 0.0039 0.0104
0 0.5957 0.4861 0.0059 0.0139
0 0.728 0.4427 0.0049 0.0104
0 0.6274 0.3993 0.0049 0.0104
0 0.6328 0.408 0.0039 0.0104
0 0.6289 0.4262 0.0059 0.0087
0 0.6426 0.4306 0.0039 0.0104
0 0.688 0.776 0.0088 0.0208
0 0.9951 0.5634 0.0078 0.0226
0 0.877 0.6016 0.0078 0.0156
0 0.1709 0.4722 0.0078 0.0139
0 0.646 0.8724 0.0166 0.0365
0 0.6079 0.9028 0.0166 0.0347
0 0.9478 0.9601 0.0127 0.0312
0 0.9951 0.9036 0.0078 0.033
0 0.9541 0.9323 0.0098 0.0347
