0 0.2192 0.3523 0.0615 0.1374
0 0.3784 0.7844 0.0127 0.0278
0 0.394 0.7741 0.0088 0.0132
0 0.4004 0.7909 0.0117 0.0205
0 0.416 0.7675 0.0098 0.0175
0 0.4385 0.7712 0.0137 0.0278
0 0.4609 0.7683 0.0117 0.0219
0 0.4736 0.7675 0.0098 0.0205
0 0.498 0.7822 0.0137 0.0292
0 0.5166 0.758 0.0117 0.0132
0 0.5176 0.7807 0.0098 0.0205
0 0.5527 0.8004 0.0156 0.019
0 0.5811 0.7829 0.0098 0.019
0 0.5479 0.7646 0.0059 0.0117
0 0.5601 0.7573 0.0068 0.0117
0 0.5684 0.7507 0.0098 0.0161
0 0.604 0.8012 0.0146 0.0205
0 0.6543 0.7946 0.0137 0.0278
0 0.6177 0.7675 0.0107 0.0205
0 0.6025 0.7544 0.0059 0.0117
0 0.6685 0.7756 0.0107 0.019
0 0.7056 0.8129 0.0146 0.0292
0 0.6909 0.7632 0.0068 0.0117
0 0.7012 0.7529 0.0059 0.0117
0 0.7261 0.7997 0.0127 0.0234
0 0.7148 0.758 0.0059 0.0132
0 0.7515 0.7632 0.0049 0.0117
0 0.7886 0.8041 0.0088 0.0175
0 0.8066 0.8056 0.0156 0.0263
0 0.8442 0.7982 0.0127 0.0292
0 0.8843 0.8165 0.0166 0.0307
0 0.9053 0.8077 0.0117 0.0249
0 0.7861 0.7105 0.0059 0.0117
0 0.8291 0.7383 0.0059 0.0146
0 0.835 0.7273 0.0059 0.0102
