0 0.0254 0.5514 0.0098 0.0143
0 0.0708 0.5534 0.0107 0.0156
0 0.1064 0.5508 0.0078 0.0156
0 0.1533 0.541 0.0098 0.0143
0 0.1934 0.5495 0.0098 0.0182
0 0.2163 0.5501 0.0107 0.0169
0 0.2402 0.554 0.0098 0.0169
0 0.2637 0.5573 0.0059 0.013
0 0.3022 0.556 0.0127 0.0156
0 0.3462 0.5527 0.0088 0.0143
0 0.3237 0.5853 0.0049 0.0117
0 0.3271 0.5814 0.0059 0.0117
0 0.439 0.5456 0.0068 0.013
0 0.4702 0.5508 0.0068 0.013
0 0.4814 0.5417 0.0078 0.0182
0 0.5156 0.5423 0.0098 0.0169
0 0.4873 0.6276 0.0098 0.0286
0 0.5493 0.554 0.0107 0.0169
0 0.6274 0.6009 0.0127 0.0326
0 0.6416 0.6198 0.0137 0.0312
0 0.5874 0.5501 0.0088 0.0143
0 0.6382 0.5482 0.0088 0.0156
0 0.6841 0.5423 0.0088 0.0169
0 0.5962 0.5645 0.0088 0.0169
0 0.73 0.5488 0.0107 0.0195
0 0.7793 0.5475 0.0098 0.0169
0 0.8223 0.554 0.0098 0.0169
0 0.8652 0.5579 0.0098 0.0143
0 0.9165 0.5566 0.0107 0.0195
0 0.9575 0.5645 0.0107 0.0169
0 0.9878 0.5579 0.0107 0.0169
0 0.083 0.6322 0.0117 0.0117
0 0.1533 0.6634 0.0078 0.0117
0 0.3931 0.569 0.0088 0.0104
