0 0.0381 0.3338 0.0195 0.0226
0 0.1206 0.3269 0.0127 0.0163
0 0.1528 0.3507 0.0186 0.0263
0 0.0405 0.5301 0.0205 0.0514
0 0.1846 0.5 0.0156 0.0188
0 0.3516 0.3381 0.0176 0.0364
0 0.2954 0.3896 0.0068 0.0113
0 0.4175 0.3124 0.0186 0.0326
0 0.4414 0.3381 0.0273 0.0339
0 0.4868 0.2892 0.0303 0.059
0 0.4077 0.367 0.0205 0.0339
0 0.5386 0.3664 0.0225 0.0402
0 0.4619 0.3124 0.0215 0.0376
0 0.6221 0.33 0.0234 0.0452
0 0.7432 0.313 0.0293 0.0464
0 0.7935 0.3074 0.0283 0.0427
0 0.9282 0.298 0.0303 0.054
