0 0.9194 0.4525 0.0107 0.0221
0 0.9927 0.4408 0.0127 0.0195
0 0.9771 0.431 0.0127 0.0182
0 0.9087 0.4336 0.0127 0.0208
0 0.8711 0.4525 0.0137 0.0221
0 0.7603 0.4596 0.0127 0.0208
0 0.729 0.4492 0.0127 0.0182
0 0.7314 0.4395 0.0117 0.0195
0 0.6729 0.4414 0.0059 0.0234
0 0.6167 0.4479 0.0088 0.013
0 0.6064 0.4557 0.0098 0.013
0 0.5215 0.4329 0.0156 0.0247
0 0.5381 0.4434 0.0098 0.0169
0 0.5576 0.4388 0.0078 0.013
0 0.458 0.4342 0.0176 0.0273
0 0.4326 0.429 0.0098 0.0169
0 0.3979 0.4466 0.0166 0.0234
0 0.3413 0.4401 0.0127 0.0208
0 0.3345 0.4518 0.0088 0.0234
0 0.2617 0.4225 0.0098 0.0247
0 0.2651 0.4336 0.0107 0.0156
0 0.187 0.4518 0.0127 0.0182
0 0.1963 0.4466 0.0059 0.0078
0 0.1719 0.4323 0.0039 0.0052
0 0.1509 0.4583 0.0049 0.0182
0 0.1191 0.4375 0.0137 0.0234
0 0.0557 0.4362 0.0156 0.0208
0 0.0303 0.4583 0.0078 0.013
