0 0.8647 0.9322 0.0225 0.0162
0 0.8647 0.9326 0.0225 0.0169
0 0.8188 0.9303 0.0479 0.0318
0 0.895 0.9478 0.0615 0.0396
0 0.9043 0.9089 0.041 0.0331
0 0.8433 0.8625 0.0322 0.0285
0 0.708 0.8645 0.0352 0.0298
0 0.7095 0.8045 0.0322 0.0266
0 0.7354 0.7837 0.0293 0.0266
0 0.9839 0.8868 0.0283 0.0253
0 0.9868 0.9202 0.0244 0.0311
0 0.9473 0.8771 0.0156 0.0123
0 0.9624 0.7328 0.0322 0.0298
0 0.9565 0.6855 0.0283 0.0259
0 0.8911 0.7117 0.0303 0.0318
0 0.8862 0.6848 0.0264 0.0233
0 0.8389 0.666 0.0254 0.0169
0 0.8027 0.7023 0.0293 0.0272
0 0.8242 0.7237 0.0391 0.0298
0 0.7451 0.6949 0.0273 0.0227
0 0.7412 0.6715 0.0254 0.0188
0 0.689 0.6719 0.0264 0.0233
0 0.6509 0.7153 0.0303 0.022
0 0.6235 0.7104 0.0244 0.0214
0 0.5381 0.7224 0.0566 0.0389
0 0.5928 0.7656 0.0449 0.0473
0 0.4707 0.7046 0.0254 0.0214
0 0.4023 0.6777 0.0215 0.0143
0 0.6279 0.1102 0.0938 0.1077
0 0.187 0.2983 0.0557 0.0506
0 0.3608 0.6881 0.0322 0.0259
0 0.3267 0.6813 0.0225 0.0188
0 0.2749 0.6693 0.0264 0.0195
0 0.23 0.6926 0.0342 0.0298
0 0.1406 0.6573 0.0273 0.0227
0 0.1636 0.6676 0.0186 0.0175
0 0.2114 0.6534 0.0186 0.0175
0 0.1123 0.6586 0.0254 0.0201
0 0.04 0.6599 0.0234 0.0188
0 0.0391 0.6839 0.0234 0.0175
0 0.0771 0.6803 0.0176 0.0117
0 0.0137 0.6735 0.0293 0.0357
0 0.3794 0.8278 0.0283 0.0253
0 0.3457 0.8317 0.0273 0.0214
0 0.3193 0.8311 0.0254 0.0201
0 0.3403 0.8645 0.0342 0.0272
0 0.3613 0.8982 0.0332 0.0233
0 0.373 0.9355 0.0488 0.0331
0 0.4248 0.9377 0.0469 0.0363
0 0.3442 0.9822 0.0615 0.0344
0 0.2983 0.9514 0.0615 0.0506
0 0.228 0.9692 0.0283 0.046
0 0.2598 0.9125 0.041 0.0324
0 0.2778 0.8612 0.0342 0.0272
0 0.1948 0.8343 0.0303 0.0227
0 0.2261 0.8538 0.0303 0.0279
0 0.1421 0.847 0.0303 0.0195
0 0.1738 0.892 0.0371 0.0318
0 0.1514 0.904 0.0273 0.0233
0 0.0767 0.881 0.0459 0.0344
0 0.0742 0.8142 0.0293 0.0227
0 0.0923 0.9235 0.0557 0.0441
0 0.1182 0.9831 0.0586 0.0324
0 0.0225 0.9737 0.0469 0.0512
0 0.3389 0.4274 0.043 0.0324
0 0.3691 0.6608 0.0195 0.0143
0 0.5693 0.6657 0.0176 0.0149
0 0.4634 0.6637 0.0205 0.0136
0 0.4395 0.665 0.0195 0.0175
0 0.6011 0.69 0.0205 0.0195
