0 0.5508 0.446 0.084 0.1289
0 0.5869 0.4388 0.0547 0.0885
0 0.4419 0.4479 0.0459 0.0677
0 0.6709 0.4154 0.0312 0.0573
0 0.7441 0.4049 0.0293 0.0469
0 0.3579 0.5169 0.0498 0.0703
0 0.5298 0.5859 0.0361 0.1276
0 0.2085 0.7279 0.0908 0.1484
0 0.2881 0.4447 0.0352 0.0612
0 0.2432 0.4798 0.0723 0.1107
0 0.126 0.4466 0.0449 0.0599
0 0.8521 0.4805 0.0869 0.1094
0 0.4258 0.8184 0.0742 0.1888
0 0.0283 0.8392 0.0586 0.1758
0 0.0537 0.4414 0.0566 0.0938
0 0.4194 0.416 0.0205 0.0352
0 0.6191 0.3945 0.0176 0.0312
