0 0.8208 0.2176 0.0381 0.0544
0 0.894 0.1937 0.04 0.0712
0 0.9404 0.3718 0.043 0.0674
0 0.8794 0.3472 0.0361 0.0648
0 0.9443 0.4922 0.041 0.0881
0 0.8145 0.4799 0.0371 0.0712
0 0.8394 0.581 0.0557 0.1023
0 0.7295 0.2027 0.0371 0.0712
0 0.7856 0.3847 0.042 0.0492
0 0.6646 0.2552 0.0361 0.0725
0 0.6162 0.1846 0.0391 0.0661
0 0.6904 0.3588 0.0391 0.0674
0 0.6353 0.3407 0.0439 0.0725
0 0.4199 0.1975 0.0391 0.0764
0 0.3926 0.283 0.0391 0.0635
0 0.4438 0.2396 0.04 0.0674
0 0.5308 0.2144 0.0381 0.0687
0 0.5889 0.2591 0.0352 0.0648
0 0.5 0.3038 0.043 0.0738
0 0.7236 0.5091 0.041 0.0751
0 0.6562 0.4741 0.0371 0.0699
0 0.5986 0.4093 0.0469 0.0751
0 0.5566 0.4812 0.043 0.0712
0 0.6362 0.5512 0.0498 0.0894
0 0.3315 0.3692 0.04 0.0674
0 0.439 0.4307 0.0479 0.0816
0 0.333 0.4573 0.0469 0.0881
0 0.4033 0.4974 0.0469 0.0803
0 0.4951 0.489 0.043 0.0738
0 0.2324 0.1354 0.041 0.0557
0 0.2368 0.2189 0.0381 0.0725
0 0.2446 0.4352 0.0381 0.0829
0 0.2192 0.4728 0.0654 0.1192
0 0.1323 0.1878 0.0381 0.0725
0 0.082 0.2604 0.041 0.0829
0 0.1396 0.3212 0.041 0.0751
0 0.0498 0.3763 0.0391 0.0712
0 0.1445 0.4307 0.0527 0.092
0 0.0801 0.5006 0.041 0.0712
0 0.0127 0.3815 0.0273 0.079
