0 0.9829 0.2977 0.0322 0.0816
0 0.9224 0.1997 0.0303 0.066
0 0.9038 0.2292 0.0264 0.0625
0 0.8062 0.2439 0.0303 0.0747
0 0.7881 0.3151 0.0391 0.0851
0 0.7871 0.3142 0.0371 0.0833
0 0.7134 0.3212 0.0342 0.066
0 0.6904 0.3976 0.0449 0.1007
0 0.6523 0.2839 0.0449 0.0851
0 0.5229 0.3186 0.0381 0.0851
0 0.4844 0.3012 0.0332 0.0642
0 0.4639 0.474 0.0449 0.0938
0 0.4155 0.3403 0.0342 0.0833
0 0.3384 0.3073 0.0322 0.0764
0 0.1162 0.3689 0.0449 0.1997
0 0.0225 0.3828 0.0371 0.1198
0 0.2319 0.355 0.0303 0.092
0 0.4541 0.3385 0.0215 0.0486
