0 0.0493 0.6847 0.0186 0.0232
0 0.1484 0.5225 0.0293 0.0463
0 0.2173 0.5019 0.0498 0.0721
0 0.2905 0.4768 0.0127 0.0193
0 0.3989 0.4852 0.0186 0.0232
0 0.3403 0.4929 0.0166 0.0283
0 0.3784 0.4691 0.0107 0.0142
0 0.3047 0.4659 0.0078 0.0103
0 0.3203 0.4743 0.0098 0.0167
0 0.4966 0.5824 0.04 0.0579
0 0.5249 0.5495 0.0186 0.0335
0 0.5825 0.435 0.0264 0.036
0 0.5176 0.4273 0.0156 0.0206
0 0.4712 0.4389 0.0186 0.0257
0 0.4326 0.4479 0.0117 0.018
0 0.689 0.417 0.0303 0.036
0 0.6406 0.4099 0.0156 0.0219
0 0.7241 0.3945 0.0166 0.027
0 0.7471 0.4035 0.0156 0.0296
0 0.5762 0.4537 0.0117 0.0116
0 0.7974 0.3996 0.0146 0.0219
0 0.8125 0.3983 0.0117 0.0167
0 0.7822 0.3816 0.0117 0.0193
0 0.8438 0.583 0.0527 0.0721
0 0.8618 0.3951 0.0283 0.0386
0 0.9741 0.4556 0.0381 0.0772
0 0.9873 0.343 0.0176 0.0322
0 0.9746 0.3243 0.0195 0.0309
0 0.1431 0.4852 0.0244 0.036
0 0.4116 0.4537 0.0127 0.0193
