0 0.0073 0.046 0.0146 0.033
0 0.02 0.0408 0.0088 0.026
0 0.0425 0.0599 0.0146 0.0295
0 0.0332 0.0851 0.0137 0.0278
0 0.0552 0.0816 0.0146 0.0347
0 0.0874 0.0486 0.0107 0.0208
0 0.1011 0.059 0.0127 0.0347
0 0.0913 0.0755 0.0146 0.0295
0 0.1245 0.0286 0.0127 0.0295
0 0.1318 0.0729 0.0156 0.0347
0 0.002 0.1059 0.0059 0.0382
0 0.0059 0.1701 0.0137 0.0312
0 0.0259 0.1797 0.0166 0.033
0 0.0454 0.1493 0.0127 0.0347
0 0.0762 0.138 0.0137 0.033
0 0.1187 0.1502 0.0127 0.026
0 0.1416 0.1884 0.0137 0.0295
0 0.1152 0.191 0.0137 0.0347
0 0.0864 0.1866 0.0127 0.0365
0 0.0703 0.2135 0.0137 0.0278
0 0.0674 0.1849 0.0078 0.026
0 0.0493 0.2561 0.0146 0.033
0 0.0283 0.2726 0.0137 0.0278
0 0.0127 0.3116 0.0137 0.026
0 0.0654 0.2934 0.0078 0.0243
0 0.0449 0.3455 0.0156 0.0382
0 0.0815 0.2951 0.0166 0.0382
0 0.0889 0.3342 0.0137 0.0399
0 0.1006 0.3385 0.0117 0.0347
0 0.1035 0.2483 0.0137 0.0382
0 0.1211 0.25 0.0137 0.0347
0 0.1523 0.2483 0.0137 0.0382
0 0.1519 0.2951 0.0166 0.0382
0 0.1606 0.3472 0.0166 0.0347
0 0.1855 0.3394 0.0137 0.0399
0 0.1255 0.3585 0.0107 0.0365
0 0.1709 0.072 0.0137 0.033
0 0.1777 0.0434 0.0137 0.0312
0 0.9668 0.0078 0.0156 0.0156
0 0.9526 0.033 0.0146 0.0312
0 0.918 0.0095 0.0176 0.0226
0 0.8682 0.0208 0.0156 0.0312
0 0.9336 0.0599 0.0098 0.0295
0 0.9746 0.0425 0.0176 0.0365
0 0.9521 0.0868 0.0117 0.0312
0 0.8979 0.092 0.0127 0.0382
0 0.8496 0.072 0.0137 0.0365
0 0.9922 0.1111 0.0117 0.0347
0 0.9897 0.1858 0.0146 0.0347
0 0.9243 0.1554 0.0127 0.0295
0 0.918 0.1198 0.0137 0.0312
0 0.8916 0.1467 0.0098 0.026
0 0.8711 0.1693 0.0137 0.0399
0 0.8555 0.1736 0.0117 0.0347
0 0.8491 0.2005 0.0146 0.033
0 0.8481 0.2431 0.0146 0.0347
0 0.937 0.2613 0.0166 0.0365
0 0.9829 0.2552 0.0166 0.0347
0 0.959 0.2248 0.0098 0.033
0 0.9399 0.224 0.0107 0.0312
0 0.9014 0.1892 0.0117 0.0312
0 0.8818 0.2613 0.0117 0.0365
0 0.8423 0.2977 0.0186 0.0434
0 0.8413 0.3759 0.0166 0.0365
0 0.8589 0.4462 0.0146 0.0417
0 0.8623 0.4167 0.0176 0.0347
0 0.9834 0.3238 0.0156 0.0399
0 0.9707 0.4314 0.0156 0.0399
0 0.9419 0.3672 0.0107 0.033
0 0.9058 0.4036 0.0146 0.026
0 0.9141 0.454 0.0117 0.0295
0 0.9282 0.4557 0.0166 0.0399
0 0.9917 0.5286 0.0127 0.0399
0 0.9736 0.5582 0.0156 0.033
0 0.9458 0.5104 0.0186 0.0417
0 0.9492 0.5469 0.0137 0.0382
0 0.8252 0.0495 0.0098 0.033
0 0.8066 0.0174 0.0137 0.0312
0 0.8096 0.0938 0.0137 0.0382
0 0.7603 0.0434 0.0127 0.0347
0 0.7515 0.1198 0.0127 0.0382
0 0.7764 0.158 0.0137 0.0347
0 0.7739 0.079 0.0107 0.026
0 0.8286 0.1562 0.0127 0.0382
0 0.7837 0.1337 0.0107 0.0382
0 0.811 0.1597 0.0127 0.0312
0 0.7856 0.2014 0.0166 0.0347
0 0.7959 0.2274 0.0137 0.0382
0 0.7896 0.2795 0.0146 0.0347
0 0.8159 0.2865 0.0166 0.0278
0 0.7686 0.2066 0.0098 0.0243
0 0.8018 0.3273 0.0156 0.033
0 0.7612 0.3177 0.0127 0.0347
0 0.7876 0.4106 0.0146 0.0365
0 0.8311 0.441 0.0195 0.0347
0 0.8066 0.4071 0.0156 0.0365
0 0.7866 0.3568 0.0146 0.0295
0 0.7515 0.362 0.0146 0.026
0 0.8037 0.3724 0.0098 0.026
0 0.8037 0.4826 0.0156 0.0312
0 0.8281 0.513 0.0176 0.0399
0 0.7881 0.5417 0.0156 0.0417
0 0.7812 0.5009 0.0117 0.0226
0 0.8267 0.5738 0.0127 0.0365
0 0.8486 0.5825 0.0117 0.0365
0 0.8628 0.5981 0.0146 0.0295
0 0.8921 0.6398 0.0146 0.0365
0 0.873 0.4792 0.0117 0.0312
0 0.9512 0.6415 0.0137 0.0365
0 0.9805 0.6571 0.0137 0.0365
0 0.9331 0.6693 0.0146 0.033
0 0.9292 0.7292 0.0146 0.0417
0 0.9443 0.7517 0.0137 0.0451
0 0.9771 0.7569 0.0166 0.0382
0 0.981 0.8316 0.0186 0.0347
0 0.9766 0.901 0.0156 0.0382
0 0.9355 0.8602 0.0156 0.033
0 0.9097 0.8655 0.0146 0.0399
0 0.917 0.8186 0.0156 0.0295
0 0.8936 0.7795 0.0117 0.0347
0 0.8765 0.7535 0.0146 0.0347
0 0.8691 0.783 0.0156 0.0278
0 0.853 0.829 0.0166 0.0469
0 0.8481 0.8715 0.0166 0.0417
0 0.8062 0.9002 0.0186 0.0434
0 0.8188 0.901 0.0107 0.0486
0 0.8042 0.651 0.0166 0.0417
0 0.8086 0.7031 0.0176 0.0417
0 0.9629 0.9766 0.0176 0.0434
0 0.9087 0.954 0.0146 0.0469
0 0.7915 0.9809 0.0166 0.0347
0 0.7358 0.9557 0.0186 0.0399
0 0.7515 0.9036 0.0146 0.0434
0 0.71 0.9167 0.0176 0.0451
0 0.6821 0.8924 0.0186 0.0486
0 0.6885 0.9887 0.0137 0.0191
0 0.6548 0.9835 0.0205 0.0295
0 0.6323 0.9809 0.0166 0.0312
0 0.6343 0.8203 0.0146 0.0434
0 0.7793 0.8108 0.0156 0.0417
0 0.7446 0.8047 0.0186 0.0434
0 0.7017 0.849 0.0127 0.0312
0 0.6655 0.829 0.0127 0.033
0 0.7515 0.6997 0.0146 0.0382
0 0.7725 0.6345 0.0156 0.0365
0 0.7539 0.5807 0.0176 0.0365
0 0.6934 0.553 0.0156 0.0365
0 0.6587 0.5564 0.0166 0.0399
0 0.6924 0.5981 0.0098 0.033
0 0.6104 0.5677 0.0195 0.0451
0 0.6201 0.5877 0.0176 0.0399
0 0.6069 0.6736 0.0146 0.0417
0 0.6421 0.671 0.0186 0.0469
0 0.6602 0.7812 0.0156 0.0451
0 0.6152 0.7118 0.0156 0.0417
0 0.6157 0.7483 0.0088 0.0243
0 0.7505 0.0035 0.0107 0.0104
0 0.686 0.0139 0.0146 0.0312
0 0.6514 0.0113 0.0137 0.026
0 0.7065 0.0781 0.0146 0.0347
0 0.6973 0.112 0.0176 0.0399
0 0.7183 0.1597 0.0146 0.0312
0 0.7397 0.1979 0.0146 0.0347
0 0.6958 0.197 0.0146 0.0399
0 0.6772 0.2031 0.0166 0.0347
0 0.6973 0.2448 0.0137 0.0347
0 0.7295 0.026 0.0117 0.0417
0 0.6704 0.0269 0.0127 0.0399
0 0.6348 0.0417 0.0137 0.0278
0 0.6431 0.0816 0.0166 0.0347
0 0.5947 0.0417 0.0137 0.0347
0 0.6509 0.1484 0.0107 0.0538
0 0.6313 0.1858 0.0146 0.0312
0 0.7134 0.2769 0.0127 0.0365
0 0.7285 0.2517 0.0117 0.0382
0 0.7251 0.322 0.0146 0.0365
0 0.6748 0.2543 0.0117 0.033
0 0.6182 0.1606 0.0117 0.0295
0 0.5981 0.2595 0.0146 0.0399
0 0.6436 0.2595 0.0156 0.0399
0 0.6729 0.316 0.0156 0.0451
0 0.6523 0.3325 0.0156 0.0399
0 0.6392 0.3247 0.0146 0.0417
0 0.7051 0.3681 0.0156 0.0382
0 0.6089 0.3568 0.0146 0.033
0 0.6846 0.1293 0.0098 0.0295
0 0.6729 0.4123 0.0176 0.0365
0 0.6255 0.395 0.0146 0.0399
0 0.5957 0.4123 0.0137 0.033
0 0.6006 0.4618 0.0117 0.0347
0 0.7158 0.4661 0.0156 0.0399
0 0.6704 0.474 0.0166 0.0347
0 0.6807 0.6007 0.0195 0.0521
0 0.6685 0.6675 0.0166 0.0365
0 0.6885 0.7161 0.0137 0.0295
0 0.75 0.4566 0.0098 0.0347
0 0.7485 0.5139 0.0166 0.0382
0 0.7236 0.5451 0.0137 0.0347
0 0.104 0.1094 0.0107 0.0278
0 0.1245 0.1398 0.0146 0.0226
0 0.1504 0.0104 0.0078 0.0174
0 0.1519 0.033 0.0068 0.0174
0 0.1611 0.0365 0.0078 0.0174
0 0.2007 0.0208 0.0107 0.0243
0 0.229 0.0052 0.0127 0.0139
0 0.2842 0.0148 0.0156 0.033
0 0.2061 0.0469 0.0117 0.0312
0 0.2075 0.0833 0.0146 0.0312
0 0.2554 0.0599 0.0146 0.033
0 0.2803 0.1137 0.0156 0.0365
0 0.2656 0.1432 0.0156 0.0399
0 0.2505 0.1406 0.0146 0.0243
0 0.2173 0.112 0.0146 0.0365
0 0.1636 0.2839 0.0127 0.033
0 0.208 0.224 0.0137 0.0312
0 0.2241 0.2405 0.0127 0.0365
0 0.2529 0.2161 0.0137 0.0365
0 0.2354 0.2014 0.0117 0.0278
0 0.2246 0.2057 0.0137 0.0226
0 0.2407 0.1224 0.0107 0.0295
0 0.23 0.1137 0.0107 0.0191
0 0.2715 0.2378 0.0176 0.0382
0 0.2593 0.2769 0.0127 0.0365
0 0.2812 0.3464 0.0137 0.033
0 0.2524 0.3533 0.0186 0.0399
0 0.2031 0.3359 0.0137 0.033
0 0.1934 0.3811 0.0137 0.033
0 0.23 0.4097 0.0127 0.0417
0 0.2886 0.4262 0.0166 0.0399
0 0.0771 0.4115 0.0156 0.0347
0 0.0552 0.3915 0.0146 0.0365
0 0.1426 0.4271 0.0137 0.0278
0 0.1079 0.4332 0.0146 0.0295
0 0.0962 0.3845 0.0146 0.0365
0 0.0869 0.4514 0.0137 0.0382
0 0.1006 0.4844 0.0156 0.0347
0 0.0967 0.5295 0.0156 0.0382
0 0.0757 0.5278 0.0146 0.0278
0 0.0405 0.4939 0.0127 0.0295
0 0.0186 0.4618 0.0156 0.0417
0 0.0488 0.4549 0.0156 0.0451
0 0.0674 0.5382 0.0137 0.0312
0 0.0527 0.4957 0.0117 0.026
0 0.0605 0.5686 0.0156 0.033
0 0.0278 0.5582 0.0166 0.0399
0 0.0127 0.6102 0.0137 0.033
0 0.0864 0.5938 0.0146 0.0417
0 0.085 0.6337 0.0176 0.0417
0 0.0371 0.6398 0.0156 0.0365
0 0.0161 0.217 0.0107 0.0312
0 0.0093 0.4219 0.0107 0.0347
0 0.0093 0.4965 0.0127 0.0382
0 0.1597 0.5139 0.0166 0.0382
0 0.1782 0.4878 0.0146 0.0347
0 0.1797 0.4392 0.0137 0.0382
0 0.1538 0.4054 0.0146 0.033
0 0.147 0.4549 0.0088 0.0208
0 0.1382 0.5113 0.0107 0.0226
0 0.1289 0.5087 0.0117 0.0278
0 0.0361 0.6727 0.0176 0.0399
0 0.0752 0.671 0.0176 0.0399
0 0.0244 0.7344 0.0156 0.0312
0 0.0107 0.691 0.0098 0.0243
0 0.0771 0.7153 0.0156 0.0347
0 0.0381 0.8125 0.0176 0.0417
0 0.0781 0.7448 0.0137 0.0278
0 0.106 0.7639 0.0166 0.0417
0 0.1396 0.7378 0.0156 0.0382
0 0.1606 0.7474 0.0186 0.0365
0 0.1855 0.7292 0.0117 0.0243
0 0.2012 0.7578 0.0156 0.033
0 0.2178 0.7969 0.0176 0.0382
0 0.1611 0.8481 0.0195 0.0399
0 0.1089 0.8116 0.0186 0.033
0 0.0742 0.8229 0.0156 0.0451
0 0.0352 0.8889 0.0156 0.0382
0 0.0225 0.9297 0.0117 0.0469
0 0.063 0.8872 0.0186 0.0417
0 0.0732 0.8724 0.0137 0.0434
0 0.1206 0.8663 0.0146 0.0347
0 0.0669 0.9384 0.0186 0.0469
0 0.1265 0.9245 0.0146 0.0365
0 0.1738 0.9028 0.0195 0.0417
0 0.2144 0.8793 0.0186 0.0434
0 0.2158 0.9262 0.0176 0.033
0 0.166 0.9505 0.0137 0.0434
0 0.0586 0.9766 0.0176 0.0399
0 0.1162 0.9844 0.0176 0.0278
0 0.1641 0.9887 0.0195 0.0191
0 0.3149 0.0156 0.0127 0.0312
0 0.2935 0.0712 0.0127 0.0312
0 0.314 0.0938 0.0127 0.0243
0 0.2983 0.1267 0.0146 0.0347
0 0.2905 0.1858 0.0127 0.0347
0 0.3218 0.1571 0.0166 0.0399
0 0.313 0.204 0.0146 0.0399
0 0.333 0.1736 0.0156 0.0347
0 0.3159 0.2639 0.0107 0.0208
0 0.3271 0.2474 0.0098 0.026
0 0.3188 0.316 0.0127 0.0312
0 0.3335 0.3342 0.0146 0.0434
0 0.3579 0.2526 0.0166 0.0399
0 0.3672 0.2873 0.0176 0.0469
0 0.3936 0.2674 0.0137 0.0243
0 0.3955 0.2205 0.0176 0.0382
0 0.355 0.2031 0.0166 0.0312
0 0.3428 0.1259 0.0195 0.033
0 0.373 0.1441 0.0137 0.0312
0 0.4292 0.0651 0.0107 0.033
0 0.4136 0.0929 0.0127 0.0295
0 0.3994 0.1311 0.0137 0.0365
0 0.4043 0.1606 0.0156 0.0295
0 0.417 0.151 0.0137 0.0347
0 0.4453 0.0139 0.0156 0.0208
0 0.4932 0.0356 0.0137 0.0365
0 0.4683 0.0738 0.0146 0.033
0 0.4424 0.0998 0.0156 0.0365
0 0.5005 0.079 0.0088 0.026
0 0.5166 0.0668 0.0137 0.026
0 0.4766 0.1415 0.0117 0.0365
0 0.5161 0.1554 0.0088 0.033
0 0.4443 0.1745 0.0117 0.0295
0 0.4429 0.2439 0.0146 0.0399
0 0.4824 0.2205 0.0176 0.0417
0 0.4995 0.2179 0.0107 0.026
0 0.5112 0.2639 0.0127 0.0347
0 0.502 0.2517 0.0117 0.0278
0 0.4775 0.3038 0.0156 0.0347
0 0.46 0.3247 0.0137 0.0451
0 0.4351 0.3568 0.0166 0.0365
0 0.4712 0.2708 0.0166 0.0417
0 0.4526 0.2535 0.0127 0.0243
0 0.4863 0.1562 0.0098 0.0312
0 0.5439 0.033 0.0117 0.0382
0 0.5625 0.0642 0.0098 0.0243
0 0.5405 0.1398 0.0127 0.026
0 0.5503 0.1684 0.0127 0.0243
0 0.5239 0.2153 0.0127 0.0347
0 0.5391 0.2457 0.0137 0.033
0 0.5601 0.2665 0.0166 0.0365
0 0.5835 0.2101 0.0146 0.0382
0 0.4907 0.0052 0.0166 0.0139
0 0.4717 0.026 0.0098 0.0174
0 0.4683 0.2075 0.0127 0.033
0 0.2671 0.4575 0.0146 0.0365
0 0.2144 0.5217 0.0166 0.0365
0 0.1929 0.5625 0.0146 0.0382
0 0.2354 0.5521 0.0156 0.0347
0 0.3003 0.5399 0.0146 0.0417
0 0.3154 0.5139 0.0098 0.0312
0 0.2563 0.592 0.0166 0.0347
0 0.2329 0.6224 0.0127 0.033
0 0.271 0.5929 0.0146 0.0365
0 0.2417 0.678 0.0127 0.033
0 0.2715 0.5113 0.0176 0.0434
0 0.3022 0.645 0.0146 0.0399
0 0.2852 0.6424 0.0176 0.0347
0 0.2358 0.6562 0.0146 0.0278
0 0.3809 0.3602 0.0137 0.0365
0 0.3799 0.3932 0.0156 0.0399
0 0.3452 0.3967 0.0166 0.0399
0 0.335 0.3984 0.0137 0.0434
0 0.4839 0.3663 0.0146 0.0382
0 0.4966 0.3924 0.0127 0.0347
0 0.4712 0.4036 0.0146 0.0399
0 0.4395 0.4366 0.0137 0.0295
0 0.459 0.467 0.0156 0.0382
0 0.4976 0.4905 0.0166 0.0399
0 0.4424 0.5 0.0176 0.0417
0 0.3999 0.4774 0.0166 0.0417
0 0.3564 0.4896 0.0156 0.0347
0 0.3716 0.5061 0.0146 0.0399
0 0.4126 0.5095 0.0186 0.0365
0 0.4165 0.5477 0.0146 0.033
0 0.3779 0.5495 0.0156 0.0399
0 0.3662 0.5642 0.0176 0.0417
0 0.3447 0.6085 0.0176 0.0434
0 0.3706 0.6424 0.0166 0.0382
0 0.418 0.612 0.0156 0.0434
0 0.4795 0.6128 0.0156 0.0382
0 0.4946 0.6562 0.0166 0.0347
0 0.4336 0.6519 0.0156 0.0434
0 0.4092 0.671 0.0117 0.033
0 0.3921 0.6745 0.0166 0.0434
0 0.3467 0.6753 0.0156 0.0417
0 0.543 0.3377 0.0137 0.0399
0 0.5308 0.3568 0.0146 0.0399
0 0.521 0.4497 0.0146 0.0451
0 0.479 0.4905 0.0146 0.0365
0 0.5669 0.4592 0.0146 0.0365
0 0.5674 0.3819 0.0156 0.0382
0 0.583 0.401 0.0156 0.0417
0 0.5068 0.5304 0.0156 0.0399
0 0.5503 0.5104 0.0146 0.0347
0 0.5356 0.5573 0.0166 0.0382
0 0.5693 0.5321 0.0156 0.033
0 0.5835 0.5052 0.0127 0.0347
0 0.5903 0.6137 0.0166 0.0399
0 0.5518 0.5469 0.0098 0.0243
0 0.4512 0.5929 0.0117 0.026
0 0.6074 0.1267 0.0156 0.0278
0 0.5962 0.1224 0.0127 0.033
0 0.5259 0.6224 0.0166 0.0399
0 0.5161 0.6597 0.0107 0.0243
0 0.5464 0.6658 0.0166 0.0365
0 0.5757 0.7335 0.0186 0.0434
0 0.5298 0.7413 0.0146 0.0382
0 0.4927 0.7161 0.0127 0.033
0 0.501 0.7656 0.0156 0.0347
0 0.4692 0.7934 0.0166 0.0417
0 0.4648 0.7066 0.0117 0.0347
0 0.521 0.822 0.0186 0.0399
0 0.5674 0.8229 0.0176 0.0382
0 0.4985 0.9028 0.0205 0.0451
0 0.4678 0.9132 0.0176 0.0347
0 0.4668 0.8819 0.0156 0.0382
0 0.2539 0.7587 0.0176 0.0347
0 0.2695 0.7118 0.0156 0.0347
0 0.3154 0.6988 0.0176 0.0399
0 0.3125 0.7457 0.0156 0.0399
0 0.2842 0.7847 0.0156 0.0347
0 0.2739 0.8385 0.0186 0.0417
0 0.2451 0.8177 0.0195 0.0382
0 0.2729 0.6866 0.0146 0.0399
0 0.3667 0.7075 0.0166 0.0399
0 0.3423 0.737 0.0127 0.0365
0 0.3384 0.7708 0.0127 0.0347
0 0.2935 0.8411 0.0186 0.0365
0 0.3159 0.8767 0.0166 0.0417
0 0.3325 0.8576 0.0186 0.0417
0 0.3999 0.7483 0.0166 0.0417
0 0.4419 0.7804 0.0186 0.0365
0 0.4062 0.809 0.0137 0.0382
0 0.3877 0.8186 0.0176 0.0434
0 0.4438 0.8481 0.0166 0.0365
0 0.4238 0.8906 0.0176 0.0417
0 0.3921 0.9314 0.0166 0.0399
0 0.3677 0.895 0.0166 0.0434
0 0.2588 0.9332 0.0156 0.0365
0 0.3657 0.9731 0.0166 0.0434
0 0.3267 0.9861 0.0166 0.0243
0 0.2129 0.7352 0.0137 0.026
0 0.103 0.7023 0.0088 0.0295
0 0.582 0.6571 0.0137 0.0365
0 0.4897 0.9731 0.0127 0.0365
0 0.5361 0.9288 0.0156 0.0382
0 0.5601 0.9028 0.0127 0.0382
0 0.585 0.9306 0.0156 0.0312
0 0.5786 0.9661 0.0146 0.0365
0 0.2676 0.3542 0.0117 0.0347
0 0.3257 0.5451 0.0146 0.0312
0 0.8613 0.9653 0.0117 0.0347
0 0.8135 0.7734 0.0137 0.0434
0 0.8979 0.5156 0.0146 0.0382
0 0.9424 0.5538 0.0117 0.0382
0 0.0693 0.329 0.0117 0.026
0 0.125 0.3915 0.0137 0.026
0 0.2153 0.474 0.0146 0.0347
0 0.2378 0.0608 0.0107 0.0312
0 0.353 0.1519 0.0127 0.033
0 0.1372 0.3003 0.0127 0.0451
0 0.3433 0.0582 0.0107 0.026
0 0.3452 0.1007 0.0127 0.0278
0 0.4263 0.2118 0.0107 0.0278
0 0.4082 0.4575 0.0137 0.0365
0 0.5493 0.4679 0.0127 0.026
0 0.5396 0.4627 0.0127 0.026
0 0.0825 0.9219 0.0127 0.0278
0 0.7441 0.3247 0.0156 0.0278
0 0.6055 0.8967 0.0176 0.033
0 0.6118 0.8082 0.0166 0.033
0 0.5513 0.8003 0.0127 0.0278
0 0.6758 0.9549 0.0098 0.0278
0 0.7017 0.7899 0.0107 0.0208
0 0.7944 0.7101 0.0127 0.0208
0 0.9214 0.2613 0.0127 0.026
0 0.8354 0.1198 0.0107 0.0208
0 0.833 0.0833 0.0117 0.0347
0 0.7861 0.0582 0.0078 0.0365
0 0.8672 0.105 0.0098 0.033
0 0.9214 0.5833 0.0127 0.0312
0 0.4062 0.6172 0.0098 0.0295
0 0.147 0.1684 0.0166 0.0278
0 0.0879 0.2491 0.0137 0.0295
0 0.1738 0.1736 0.0117 0.0312
0 0.2422 0.171 0.0137 0.0434
0 0.4565 0.6432 0.0146 0.033
0 0.4307 0.77 0.0195 0.0399
0 0.4219 0.2917 0.0078 0.0174
0 0.3843 0.0981 0.0068 0.0156
0 0.5288 0.1102 0.0127 0.026
0 0.2153 0.3212 0.0107 0.0278
