0 0.6636 0.8264 0.0498 0.1076
0 0.5229 0.6684 0.042 0.0938
0 0.5581 0.5946 0.0342 0.0747
0 0.6836 0.5512 0.0293 0.0677
0 0.709 0.4653 0.0234 0.0556
0 0.6104 0.4887 0.0273 0.0608
0 0.5552 0.4983 0.0244 0.0521
0 0.5273 0.5642 0.0254 0.0486
0 0.4824 0.5052 0.0234 0.059
0 0.4414 0.4722 0.0273 0.0625
0 0.4541 0.4149 0.0234 0.0486
0 0.5557 0.3811 0.0273 0.0573
0 0.5186 0.4184 0.0195 0.0347
0 0.5239 0.3854 0.0166 0.0347
0 0.481 0.395 0.0166 0.0365
0 0.4956 0.3915 0.0166 0.0434
0 0.8638 0.4905 0.0381 0.0712
0 0.9692 0.4722 0.0342 0.0868
0 0.9541 0.3672 0.0234 0.0503
0 0.8379 0.3837 0.0254 0.0556
0 0.7334 0.3767 0.0254 0.0556
0 0.6587 0.3993 0.0244 0.0556
0 0.5972 0.3863 0.0244 0.0469
0 0.8994 0.3715 0.0195 0.0382
0 0.7944 0.467 0.0264 0.066
0 0.2822 0.6155 0.0371 0.0885
0 0.4043 0.6293 0.0332 0.0712
0 0.3154 0.5495 0.0352 0.0747
0 0.2021 0.5278 0.041 0.0764
0 0.1016 0.5226 0.0371 0.0764
0 0.0762 0.8099 0.0273 0.1024
0 0.0767 0.7005 0.0381 0.0851
0 0.0586 0.5174 0.0312 0.066
0 0.0225 0.447 0.0215 0.0399
0 0.041 0.4375 0.0176 0.0382
0 0.0635 0.4392 0.0215 0.0312
0 0.1177 0.4193 0.0225 0.0399
0 0.1558 0.4253 0.0244 0.0521
0 0.1367 0.4826 0.0293 0.0556
0 0.1748 0.5043 0.0293 0.0642
0 0.229 0.4609 0.0244 0.0573
0 0.2451 0.4358 0.0195 0.0451
0 0.2949 0.4427 0.0254 0.0556
0 0.2651 0.5304 0.0283 0.0538
0 0.3779 0.4288 0.0234 0.0521
0 0.4131 0.4227 0.0215 0.0469
0 0.3979 0.5148 0.0264 0.0781
0 0.3364 0.4097 0.0166 0.0486
0 0.354 0.4175 0.0166 0.0434
0 0.2808 0.3889 0.0186 0.0417
0 0.2271 0.4019 0.0186 0.026
0 0.1777 0.3759 0.0195 0.033
0 0.1353 0.3759 0.0166 0.033
0 0.0894 0.375 0.0166 0.0278
0 0.0635 0.375 0.0215 0.0312
0 0.145 0.3377 0.0166 0.033
0 0.1177 0.355 0.0127 0.026
0 0.0249 0.3637 0.0166 0.0365
0 0.0483 0.3351 0.0088 0.0347
0 0.1001 0.3168 0.0127 0.0226
0 0.1294 0.3359 0.0107 0.026
0 0.1646 0.3134 0.0107 0.0226
0 0.0278 0.2908 0.0107 0.0191
0 0.019 0.2656 0.0088 0.0208
0 0.3037 0.3715 0.0176 0.0382
0 0.2402 0.3576 0.0195 0.0417
0 0.2183 0.3776 0.0146 0.0365
0 0.2578 0.3707 0.0117 0.026
0 0.3403 0.322 0.0107 0.0226
0 0.2871 0.3342 0.0156 0.0399
0 0.2988 0.3316 0.0117 0.0208
0 0.4121 0.3194 0.0117 0.0312
0 0.4355 0.3411 0.0156 0.0365
0 0.2407 0.3212 0.0127 0.0243
0 0.2334 0.3064 0.0117 0.033
0 0.2432 0.2865 0.0117 0.0278
0 0.2524 0.2925 0.0088 0.0226
0 0.3584 0.3325 0.0137 0.0295
0 0.3794 0.3168 0.0107 0.0191
0 0.438 0.303 0.0127 0.026
0 0.4253 0.2734 0.0107 0.026
0 0.3682 0.2821 0.0117 0.0226
0 0.3257 0.2561 0.0068 0.0191
0 0.2754 0.2613 0.0078 0.0226
0 0.2822 0.2812 0.0078 0.0174
0 0.2573 0.2656 0.0088 0.0208
0 0.2344 0.2552 0.0078 0.0174
0 0.2192 0.2535 0.0088 0.0174
0 0.1108 0.2535 0.0088 0.0174
0 0.0591 0.2483 0.0088 0.0174
0 0.1265 0.2552 0.0049 0.0174
0 0.1406 0.2431 0.0059 0.0139
0 0.167 0.2821 0.0078 0.0191
0 0.1572 0.2795 0.0078 0.0174
0 0.2656 0.2405 0.0059 0.0156
0 0.3008 0.2526 0.0059 0.0156
0 0.3081 0.2483 0.0068 0.0174
0 0.3452 0.2569 0.0088 0.0174
0 0.3833 0.263 0.0088 0.0226
0 0.3311 0.3056 0.0078 0.0139
0 0.3423 0.2352 0.0068 0.0156
0 0.458 0.303 0.0117 0.0295
0 0.4746 0.2734 0.0078 0.0191
0 0.4346 0.25 0.0078 0.0208
0 0.3608 0.2535 0.0068 0.0174
0 0.0742 0.2622 0.0078 0.0174
0 0.377 0.3715 0.0156 0.0278
0 0.3901 0.3594 0.0127 0.0278
0 0.1865 0.2925 0.0078 0.026
0 0.3936 0.2708 0.0078 0.0208
0 0.4712 0.2344 0.0088 0.0139
0 0.625 0.3264 0.0137 0.0312
0 0.6777 0.3464 0.0176 0.0399
0 0.5688 0.316 0.0107 0.0208
0 0.5347 0.3047 0.0127 0.0226
0 0.501 0.3481 0.0176 0.0365
0 0.4863 0.2865 0.0137 0.0312
0 0.4995 0.3021 0.0107 0.0243
0 0.5879 0.2969 0.0117 0.0243
0 0.6216 0.2847 0.0107 0.0243
0 0.6406 0.2977 0.0098 0.0226
0 0.5879 0.27 0.0098 0.0156
0 0.5508 0.2726 0.0117 0.0278
0 0.5215 0.2552 0.0117 0.0243
0 0.4868 0.2595 0.0068 0.0156
0 0.4868 0.2344 0.0068 0.0139
0 0.5576 0.2361 0.0078 0.0139
0 0.5903 0.23 0.0088 0.0191
0 0.6157 0.2361 0.0088 0.0174
0 0.6304 0.2387 0.0088 0.0156
0 0.6733 0.2613 0.0107 0.0226
0 0.6509 0.2526 0.0088 0.0191
0 0.6938 0.3003 0.0127 0.0278
0 0.7432 0.3464 0.0176 0.0399
0 0.7183 0.296 0.0107 0.0226
0 0.7319 0.2812 0.0088 0.0174
0 0.8652 0.2995 0.0156 0.0365
0 0.7822 0.3394 0.0195 0.0469
0 0.7598 0.3524 0.0156 0.0312
0 0.8506 0.3602 0.0137 0.0399
0 0.9224 0.329 0.0186 0.0399
0 0.9575 0.329 0.0225 0.033
0 0.9805 0.2986 0.0195 0.0451
0 0.9736 0.2535 0.0156 0.0278
0 0.9438 0.2387 0.0107 0.0191
0 0.9048 0.2804 0.0127 0.0226
0 0.8511 0.2795 0.0127 0.0243
0 0.833 0.2865 0.0137 0.0243
0 0.8447 0.3186 0.0137 0.0226
0 0.8062 0.276 0.0146 0.0312
0 0.7568 0.2648 0.0156 0.033
0 0.7764 0.2908 0.0117 0.0191
0 0.8086 0.237 0.0098 0.0156
0 0.8701 0.2483 0.0078 0.0174
0 0.9189 0.2344 0.0078 0.0174
0 0.8735 0.1944 0.0088 0.0174
0 0.8398 0.1927 0.0059 0.0139
0 0.7432 0.2144 0.0059 0.0156
0 0.8413 0.2292 0.0088 0.0174
0 0.9683 0.2257 0.0107 0.0208
0 0.9937 0.2387 0.0088 0.0226
0 0.8638 0.2318 0.0068 0.0156
0 0.8262 0.2274 0.0078 0.0139
0 0.7886 0.2231 0.0068 0.0156
0 0.4131 0.2188 0.0078 0.0139
0 0.4033 0.2222 0.0059 0.0139
0 0.5342 0.204 0.0059 0.0122
0 0.6523 0.2188 0.0078 0.0174
0 0.7632 0.0503 0.0127 0.0694
0 0.1089 0.0122 0.0264 0.0278
0 0.7051 0.2188 0.0059 0.0139
0 0.6572 0.1901 0.0059 0.0122
