0 0.9741 0.7854 0.0186 0.0264
0 0.8096 0.8345 0.0059 0.024
0 0.8643 0.8219 0.0098 0.03
0 0.9683 0.7068 0.0049 0.0108
0 0.7612 0.7242 0.0088 0.0168
0 0.8691 0.696 0.0078 0.0132
0 0.958 0.6906 0.0039 0.0072
0 0.9473 0.6745 0.0039 0.0084
0 0.8696 0.7194 0.0088 0.0144
0 0.875 0.6493 0.0039 0.006
0 0.9277 0.6559 0.0039 0.0072
0 0.8418 0.6757 0.0039 0.006
0 0.9829 0.6966 0.0088 0.012
0 0.7397 0.6876 0.0049 0.0084
0 0.7754 0.69 0.0059 0.0084
0 0.79 0.6894 0.0059 0.0096
0 0.6963 0.7092 0.0078 0.0108
0 0.6709 0.7014 0.0059 0.0096
0 0.6592 0.7296 0.0098 0.0132
0 0.5879 0.726 0.0059 0.0156
0 0.6587 0.6996 0.0049 0.0084
0 0.5835 0.6984 0.0049 0.0084
0 0.5386 0.744 0.0088 0.0132
0 0.502 0.78 0.0098 0.0156
0 0.5005 0.693 0.0049 0.0072
0 0.4805 0.7224 0.0059 0.0084
0 0.4629 0.705 0.0078 0.0096
0 0.4375 0.708 0.0059 0.0084
0 0.4854 0.6876 0.0039 0.006
0 0.543 0.7032 0.0078 0.0108
0 0.4116 0.756 0.0088 0.0228
0 0.3574 0.7578 0.0156 0.024
0 0.3848 0.735 0.0117 0.0144
0 0.3154 0.7092 0.0078 0.0108
0 0.2822 0.7344 0.0117 0.018
0 0.2666 0.6817 0.0078 0.0156
0 0.2534 0.6853 0.0029 0.0156
0 0.3804 0.7104 0.0068 0.0108
0 0.5786 0.7224 0.0068 0.0108
0 0.5845 0.7092 0.0088 0.0132
0 0.5654 0.6912 0.0059 0.0108
0 0.1147 0.6811 0.0049 0.0096
0 0.0996 0.6781 0.0059 0.0084
0 0.0889 0.6924 0.0039 0.006
0 0.4282 0.69 0.0049 0.0084
0 0.4038 0.7122 0.0068 0.0096
0 0.3008 0.693 0.0059 0.0072
0 0.3765 0.6954 0.0049 0.0072
0 0.3638 0.6936 0.0068 0.0108
0 0.3569 0.6823 0.0049 0.0072
0 0.8203 0.7062 0.0059 0.012
0 0.8208 0.6787 0.0029 0.0072
0 0.7212 0.6912 0.0049 0.006
0 0.7964 0.7146 0.0088 0.012
0 0.7065 0.6978 0.0068 0.0096
0 0.7002 0.6685 0.0039 0.006
0 0.7598 0.6697 0.0039 0.006
0 0.9604 0.6859 0.0049 0.0072
0 0.8911 0.6936 0.0049 0.0108
0 0.8896 0.6739 0.0078 0.0096
0 0.9648 0.6739 0.0059 0.0072
0 0.9707 0.6787 0.0059 0.0048
0 0.9609 0.6912 0.0039 0.006
0 0.9639 0.6817 0.0039 0.006
0 0.6284 0.7368 0.0068 0.0132
0 0.6489 0.7248 0.0107 0.0132
0 0.5654 0.7122 0.0078 0.0096
0 0.5742 0.7008 0.0059 0.0084
0 0.6938 0.6841 0.0049 0.0084
0 0.623 0.6841 0.0059 0.006
0 0.4292 0.72 0.0049 0.0132
0 0.4507 0.7566 0.0068 0.0168
0 0.7305 0.7062 0.0059 0.0096
0 0.9141 0.6948 0.0059 0.0084
0 0.9185 0.7182 0.0068 0.0144
0 0.6875 0.6679 0.0039 0.0048
