0 0.248 0.978 0.0625 0.041
0 0.3428 0.9751 0.0645 0.0469
0 0.3765 0.8609 0.0498 0.0966
0 0.4053 0.8148 0.0488 0.104
0 0.2363 0.8726 0.0645 0.1113
0 0.124 0.9736 0.0703 0.0498
0 0.04 0.8909 0.0605 0.1303
0 0.0635 0.8397 0.0488 0.0776
0 0.125 0.7914 0.0488 0.0776
0 0.1426 0.8902 0.0586 0.1025
0 0.2979 0.7269 0.0508 0.0776
0 0.3804 0.694 0.0439 0.0878
0 0.2959 0.6596 0.043 0.0688
0 0.2505 0.7145 0.042 0.0849
0 0.1699 0.7365 0.041 0.0732
0 0.1245 0.716 0.0439 0.0673
0 0.0391 0.7482 0.041 0.0937
0 0.0996 0.675 0.0391 0.0732
0 0.0298 0.6574 0.042 0.0849
0 0.0845 0.5988 0.04 0.0586
0 0.0254 0.6127 0.0312 0.0717
0 0.1528 0.6376 0.042 0.0776
0 0.1924 0.6362 0.0312 0.0659
0 0.2964 0.5695 0.0342 0.0586
0 0.3125 0.6252 0.0352 0.0703
0 0.3423 0.623 0.0342 0.0717
0 0.4951 0.4575 0.0645 0.0952
0 0.561 0.9261 0.0518 0.1245
0 0.4702 0.9122 0.0518 0.0996
0 0.7373 0.9429 0.0605 0.1113
0 0.7661 0.8616 0.0576 0.1186
0 0.5659 0.7796 0.0459 0.104
0 0.5947 0.7211 0.0352 0.0805
0 0.6152 0.6142 0.041 0.0747
0 0.6377 0.7108 0.0449 0.0835
0 0.688 0.6764 0.04 0.082
0 0.7407 0.6962 0.042 0.0776
0 0.771 0.7657 0.0479 0.0908
0 0.6772 0.8177 0.0596 0.104
0 0.8589 0.8477 0.0518 0.0996
0 0.8926 0.9341 0.0586 0.1113
0 0.9551 0.8814 0.0527 0.0791
0 0.9277 0.9619 0.043 0.0732
0 0.9331 0.7387 0.0439 0.0893
0 0.894 0.798 0.0322 0.0849
0 0.8569 0.7167 0.0479 0.0835
0 0.7939 0.7225 0.0508 0.0922
0 0.8384 0.6508 0.04 0.0659
0 0.9321 0.6471 0.042 0.0761
0 0.7256 0.6135 0.0391 0.0703
0 0.7837 0.6318 0.04 0.0717
0 0.8193 0.5893 0.0332 0.0659
0 0.8613 0.5996 0.0371 0.0659
0 0.9878 0.7321 0.0205 0.082
0 0.9614 0.582 0.04 0.0805
0 0.8882 0.5688 0.0322 0.063
0 0.9141 0.519 0.0293 0.06
0 0.8169 0.522 0.0342 0.06
0 0.9629 0.4824 0.0293 0.0512
0 0.9839 0.5044 0.0264 0.0542
0 0.8994 0.4436 0.0273 0.0439
0 0.9868 0.4429 0.0244 0.0483
0 0.8857 0.4004 0.0254 0.0454
0 0.96 0.3821 0.0195 0.041
0 0.7705 0.4488 0.0215 0.0366
0 0.7432 0.4766 0.0234 0.0483
0 0.6709 0.5761 0.0332 0.0659
0 0.7197 0.5512 0.0391 0.063
0 0.6621 0.4824 0.0332 0.0571
0 0.6201 0.5344 0.0332 0.0673
0 0.5869 0.5637 0.0352 0.0732
0 0.604 0.4634 0.0322 0.06
0 0.6191 0.4458 0.0215 0.0454
0 0.5532 0.4729 0.0283 0.0556
0 0.5825 0.4041 0.0244 0.0498
0 0.6157 0.3982 0.0225 0.041
0 0.5425 0.4129 0.0244 0.0439
0 0.686 0.3426 0.0186 0.0381
0 0.6079 0.3704 0.0244 0.0469
0 0.6851 0.4927 0.0205 0.0571
0 0.7495 0.4392 0.0205 0.0351
0 0.6934 0.418 0.0254 0.0395
0 0.9683 0.3324 0.0186 0.0322
0 0.9897 0.3228 0.0146 0.0366
0 0.9219 0.3565 0.0176 0.0366
0 0.3433 0.4817 0.0303 0.0556
0 0.4048 0.4685 0.0244 0.0498
0 0.4243 0.4495 0.0244 0.0469
0 0.4531 0.4429 0.0293 0.06
0 0.4429 0.3507 0.0205 0.0395
0 0.3384 0.4078 0.0264 0.0454
0 0.3623 0.3873 0.0195 0.0395
0 0.3779 0.3587 0.0215 0.0498
0 0.5181 0.3404 0.0186 0.0337
0 0.5771 0.3448 0.0234 0.0366
0 0.0337 0.5564 0.0361 0.0615
0 0.0225 0.4612 0.0254 0.0469
0 0.0522 0.4422 0.0205 0.041
0 0.0752 0.4414 0.0254 0.0542
0 0.0596 0.519 0.0293 0.06
0 0.0454 0.5278 0.0303 0.063
0 0.1318 0.4927 0.0273 0.0512
0 0.2622 0.5483 0.0264 0.0542
0 0.0254 0.41 0.0254 0.0439
0 0.0854 0.4187 0.0264 0.0469
0 0.0352 0.358 0.0195 0.0366
0 0.3057 0.3397 0.0215 0.0381
0 0.3506 0.3594 0.0156 0.022
0 0.417 0.3236 0.0195 0.0439
0 0.6567 0.3638 0.0146 0.0307
0 0.1997 0.2775 0.0146 0.0307
0 0.2998 0.2884 0.0156 0.0264
0 0.3242 0.3119 0.0156 0.0293
