0 0.7588 0.6278 0.0625 0.1101
0 0.6074 0.6858 0.0469 0.091
0 0.5474 0.6116 0.0264 0.0602
0 0.6484 0.5485 0.0293 0.0543
0 0.6787 0.5132 0.0215 0.0455
0 0.6724 0.4809 0.0166 0.025
0 0.541 0.5264 0.0195 0.0367
0 0.417 0.6461 0.0391 0.0734
0 0.4883 0.475 0.0176 0.0338
0 0.5176 0.4655 0.0156 0.0264
0 0.5391 0.4464 0.0117 0.0235
0 0.4966 0.4317 0.0107 0.0206
0 0.4248 0.4471 0.0156 0.0338
0 0.4062 0.5051 0.0195 0.0441
0 0.3687 0.4141 0.0107 0.0235
0 0.3418 0.4523 0.0137 0.0294
0 0.3384 0.4251 0.0107 0.0191
0 0.3247 0.4178 0.0107 0.022
0 0.4551 0.4471 0.0098 0.025
0 0.4663 0.4222 0.0088 0.0162
0 0.4521 0.4163 0.0059 0.0191
0 0.4443 0.3957 0.0078 0.0132
0 0.2812 0.4794 0.0215 0.0426
0 0.269 0.5477 0.0303 0.047
0 0.1982 0.5132 0.0215 0.0514
0 0.2271 0.442 0.0166 0.0294
0 0.2495 0.4325 0.0146 0.0279
0 0.2075 0.3803 0.0088 0.0235
0 0.0815 0.6953 0.0615 0.1101
0 0.2451 0.6373 0.0332 0.0705
0 0.1206 0.5565 0.0303 0.0558
0 0.168 0.4266 0.0156 0.0308
0 0.0957 0.4163 0.0156 0.0308
0 0.0991 0.359 0.0127 0.022
0 0.1318 0.3407 0.0117 0.0206
0 0.2017 0.3385 0.0068 0.0162
0 0.0508 0.3157 0.0098 0.0206
0 0.0156 0.3554 0.0156 0.0294
0 0.0225 0.1894 0.0156 0.0264
0 0.0488 0.2093 0.0098 0.0191
0 0.0825 0.2203 0.0127 0.0176
0 0.144 0.2019 0.0107 0.022
0 0.1172 0.2269 0.0078 0.0191
0 0.0981 0.2313 0.0088 0.0162
0 0.2109 0.2342 0.0117 0.0162
0 0.23 0.2276 0.0088 0.0176
0 0.2515 0.2379 0.0166 0.0264
0 0.1821 0.2394 0.0107 0.0206
0 0.2651 0.2283 0.0107 0.0191
0 0.2983 0.2592 0.0107 0.0191
0 0.2852 0.2474 0.0078 0.0162
0 0.3198 0.2548 0.0068 0.0132
0 0.3086 0.2702 0.0059 0.0088
0 0.3623 0.2636 0.0078 0.0132
0 0.3477 0.2834 0.0078 0.0206
0 0.3716 0.2717 0.0068 0.0117
0 0.4004 0.2731 0.0078 0.0176
0 0.4214 0.2819 0.0068 0.0147
0 0.4058 0.2665 0.0068 0.0132
0 0.3911 0.3025 0.0088 0.0206
0 0.4619 0.304 0.0098 0.0206
0 0.4697 0.279 0.0059 0.0117
0 0.4844 0.2937 0.0078 0.0147
0 0.5166 0.2952 0.0117 0.0206
0 0.5479 0.3091 0.0098 0.0191
0 0.541 0.3054 0.0059 0.0147
0 0.5381 0.2915 0.0059 0.0132
0 0.5039 0.2959 0.0098 0.0191
0 0.4922 0.3054 0.0098 0.0176
0 0.6611 0.3076 0.0098 0.022
0 0.6719 0.3245 0.0059 0.0117
0 0.6162 0.2988 0.0078 0.0191
0 0.6226 0.3891 0.0107 0.0206
0 0.5923 0.4148 0.0088 0.0191
0 0.0117 0.4699 0.0156 0.0382
