0 0.9824 0.6175 0.0059 0.0111
0 0.9438 0.6127 0.0068 0.0097
0 0.8804 0.6099 0.0068 0.0125
0 0.7729 0.6029 0.0068 0.0097
0 0.8345 0.6147 0.0049 0.0111
0 0.9692 0.7378 0.0088 0.0153
0 0.8403 0.7594 0.0107 0.0195
0 0.894 0.8095 0.0107 0.0167
0 0.9292 0.8046 0.0107 0.0209
0 0.8569 0.742 0.0068 0.0125
0 0.7603 0.7378 0.0068 0.0097
0 0.7295 0.815 0.0098 0.0139
0 0.7358 0.783 0.0107 0.0139
0 0.772 0.7545 0.0068 0.0125
0 0.8198 0.8213 0.0088 0.0153
0 0.7446 0.751 0.0068 0.0083
0 0.7314 0.7371 0.0059 0.0111
0 0.7153 0.7942 0.0068 0.0167
0 0.5425 0.299 0.0244 0.0556
0 0.5181 0.299 0.0283 0.0556
0 0.1899 0.637 0.0146 0.0417
0 0.1123 0.614 0.0215 0.0459
0 0.3213 0.7406 0.0059 0.0125
0 0.3574 0.7413 0.0059 0.0111
0 0.1675 0.7886 0.0088 0.0167
0 0.2563 0.7455 0.0088 0.0167
0 0.061 0.7976 0.0088 0.0125
0 0.0195 0.8088 0.0078 0.0153
0 0.0688 0.838 0.0068 0.0153
0 0.5796 0.8741 0.0146 0.0209
0 0.5806 0.8978 0.0127 0.0209
0 0.624 0.8922 0.0137 0.0209
0 0.5068 0.8943 0.0137 0.025
0 0.4434 0.7969 0.0078 0.0139
0 0.4624 0.7879 0.0088 0.0153
0 0.4834 0.7976 0.0078 0.0125
0 0.4844 0.7789 0.0078 0.0111
0 0.478 0.7587 0.0088 0.0125
0 0.4932 0.7531 0.0078 0.0097
0 0.519 0.7566 0.0088 0.0139
0 0.5303 0.7587 0.0078 0.0125
0 0.625 0.7323 0.0078 0.0125
0 0.646 0.751 0.0068 0.0111
0 0.627 0.7497 0.0059 0.0083
0 0.6768 0.8039 0.0098 0.0167
0 0.9355 0.7427 0.0078 0.0139
0 0.896 0.7663 0.0088 0.0139
0 0.7949 0.8908 0.0117 0.0181
0 0.8667 0.9061 0.0107 0.0181
0 0.8013 0.9207 0.0146 0.0278
0 0.9238 0.9117 0.0137 0.0236
0 0.9414 0.904 0.0098 0.0223
0 0.9463 0.9284 0.0117 0.0209
0 0.9668 0.9166 0.0117 0.0195
0 0.9858 0.9159 0.0107 0.0153
0 0.189 0.767 0.0068 0.0125
0 0.2383 0.7747 0.0078 0.0139
