0 0.0508 0.354 0.0449 0.0619
0 0.1367 0.3149 0.0391 0.0565
0 0.1812 0.3506 0.04 0.0686
0 0.2363 0.3338 0.0312 0.0511
0 0.2944 0.3735 0.0439 0.0633
0 0.4468 0.2187 0.0049 0.0094
0 0.4731 0.216 0.0049 0.0067
0 0.4985 0.216 0.0049 0.0094
0 0.6699 0.2073 0.0039 0.0108
0 0.687 0.2147 0.0049 0.0094
0 0.6953 0.2133 0.0039 0.0067
0 0.7031 0.2214 0.0039 0.0121
0 0.7114 0.2227 0.0049 0.0094
0 0.7231 0.2221 0.0049 0.0108
0 0.7368 0.2207 0.0049 0.0108
0 0.7661 0.2201 0.0049 0.0094
0 0.7852 0.2227 0.0059 0.0094
0 0.7983 0.2194 0.0049 0.0081
0 0.8032 0.2308 0.0049 0.0094
0 0.8516 0.2268 0.0039 0.0094
0 0.8701 0.2261 0.0059 0.0108
0 0.9043 0.2301 0.0039 0.0081
0 0.9326 0.2254 0.0039 0.0094
0 0.9526 0.2301 0.0049 0.0081
0 0.9961 0.2355 0.0059 0.0108
0 0.3672 0.3297 0.0352 0.0538
0 0.4512 0.3297 0.0312 0.0592
0 0.4458 0.3809 0.04 0.0673
0 0.4971 0.3782 0.0371 0.0646
0 0.502 0.3324 0.0215 0.035
0 0.5981 0.3392 0.0342 0.0646
0 0.5791 0.4273 0.0332 0.0552
0 0.6597 0.3264 0.0244 0.0498
0 0.7266 0.3849 0.0371 0.0619
0 0.7588 0.3459 0.0312 0.0565
0 0.832 0.3641 0.0371 0.0633
0 0.9199 0.3331 0.0332 0.0525
0 0.9619 0.3526 0.041 0.0673
0 0.9819 0.4092 0.0342 0.0673
0 0.2246 0.1353 0.0352 0.0713
