0 0.9243 0.3686 0.0166 0.0596
0 0.8579 0.4282 0.0186 0.0596
0 0.8604 0.3266 0.0156 0.0569
0 0.8086 0.374 0.0195 0.0596
0 0.7891 0.3591 0.0137 0.0461
0 0.7285 0.4566 0.0195 0.0569
0 0.752 0.4051 0.0156 0.0569
0 0.6885 0.4024 0.0176 0.0623
0 0.6694 0.3103 0.0107 0.0407
0 0.6357 0.3862 0.0176 0.0515
0 0.5688 0.3537 0.0166 0.0569
0 0.5557 0.3699 0.0137 0.0515
0 0.5288 0.4214 0.0146 0.0515
0 0.522 0.3211 0.0166 0.0569
0 0.4951 0.3482 0.0176 0.0569
0 0.459 0.3686 0.0176 0.0542
0 0.4331 0.336 0.0166 0.0542
0 0.6963 0.3157 0.0117 0.0515
0 0.3818 0.3577 0.0195 0.0596
0 0.4009 0.3442 0.0146 0.0488
0 0.3682 0.3875 0.0137 0.0488
0 0.2935 0.3875 0.0166 0.0488
0 0.3403 0.332 0.0127 0.0461
0 0.2769 0.3835 0.0146 0.0515
0 0.2397 0.4051 0.0146 0.0515
0 0.2144 0.3699 0.0166 0.0569
0 0.2607 0.3645 0.0117 0.0461
0 0.165 0.3442 0.0156 0.0542
0 0.1284 0.355 0.0166 0.0542
0 0.0679 0.3564 0.0166 0.0515
0 0.0723 0.3103 0.0156 0.0515
0 0.0142 0.3252 0.0166 0.0542
0 0.3428 0.3902 0.0176 0.0596
0 0.4785 0.3008 0.0137 0.0488
0 0.6562 0.3889 0.0137 0.0515
0 0.7607 0.3808 0.0176 0.0569
0 0.8267 0.3686 0.0166 0.0596
0 0.9922 0.3943 0.0137 0.0515
0 0.6431 0.3238 0.0146 0.0515
