0 0.4453 0.7607 0.0137 0.0579
0 0.4775 0.6951 0.0156 0.0549
0 0.3877 0.6707 0.0098 0.0427
0 0.4292 0.561 0.0088 0.0427
0 0.3706 0.7165 0.0127 0.0488
0 0.3691 0.5412 0.0137 0.0457
0 0.3364 0.5777 0.0127 0.0457
0 0.5825 0.7729 0.0166 0.0579
0 0.6016 0.596 0.0098 0.0396
0 0.6577 0.7744 0.0107 0.0366
0 0.6831 0.6677 0.0186 0.0671
0 0.3569 0.9665 0.0322 0.061
0 0.4609 0.6006 0.0176 0.0549
0 0.2915 0.753 0.0186 0.061
0 0.2983 0.6113 0.0146 0.0518
0 0.2739 0.6113 0.0146 0.0518
0 0.2505 0.8704 0.0186 0.0579
0 0.2236 0.5457 0.0117 0.0427
0 0.3945 0.5442 0.0098 0.0396
0 0.2207 0.4787 0.0078 0.0305
0 0.2432 0.4665 0.0078 0.0305
0 0.2314 0.4771 0.0098 0.0335
0 0.5791 0.4665 0.0098 0.0366
0 0.5747 0.6265 0.0127 0.0518
0 0.2158 0.6159 0.0137 0.0488
0 0.3447 0.843 0.0234 0.0762
0 0.0928 0.7012 0.0137 0.0549
0 0.0479 0.622 0.0137 0.0549
0 0.0254 0.7393 0.0195 0.0701
0 0.0205 0.5793 0.0137 0.0488
0 0.2783 0.3963 0.0098 0.0427
0 0.3174 0.4085 0.0117 0.0427
0 0.1318 0.628 0.0137 0.061
0 0.3706 0.4116 0.0107 0.0427
0 0.3218 0.4665 0.0107 0.0427
0 0.3193 0.5168 0.0117 0.0457
0 0.3174 0.5473 0.0098 0.0457
0 0.4199 0.4329 0.0078 0.0305
0 0.8555 0.6143 0.0098 0.0335
0 0.8203 0.5564 0.0098 0.0335
0 0.8027 0.5091 0.0078 0.0305
0 0.7202 0.4619 0.0088 0.0335
0 0.8267 0.3857 0.0088 0.0274
0 0.8164 0.3994 0.0078 0.0305
0 0.771 0.4543 0.0107 0.0366
0 0.6519 0.468 0.0088 0.0274
0 0.6523 0.4253 0.0098 0.0335
0 0.6367 0.4634 0.0059 0.0244
0 0.6396 0.4299 0.0078 0.0305
0 0.627 0.4101 0.0059 0.0213
0 0.6094 0.4329 0.0059 0.0244
0 0.4258 0.7104 0.0117 0.0549
0 0.4937 0.622 0.0107 0.0427
0 0.4741 0.4512 0.0107 0.0366
0 0.4487 0.4787 0.0127 0.0427
0 0.563 0.9634 0.0381 0.0671
0 0.4629 0.8735 0.0156 0.0518
0 0.4282 0.4375 0.0088 0.0396
0 0.4004 0.4299 0.0078 0.0427
0 0.5259 0.4619 0.0088 0.0274
0 0.5342 0.4909 0.0098 0.0366
0 0.9229 0.4512 0.0078 0.0366
0 0.9487 0.5579 0.0088 0.0305
0 0.9019 0.4314 0.0088 0.0335
0 0.7524 0.4619 0.0088 0.0335
0 0.7764 0.5549 0.0078 0.0305
0 0.4004 0.3933 0.0059 0.0244
0 0.4473 0.4085 0.0078 0.0244
