0 0.7739 0.2236 0.0361 0.0272
0 0.8716 0.2417 0.0303 0.0246
0 0.5039 0.2077 0.0312 0.024
0 0.5298 0.3493 0.0381 0.0337
0 0.6221 0.3331 0.0449 0.0272
0 0.4033 0.2929 0.041 0.0506
0 0.459 0.2541 0.0117 0.0091
0 0.564 0.2602 0.0166 0.0162
0 0.6841 0.2599 0.0107 0.0065
0 0.6304 0.2583 0.0127 0.0084
0 0.7505 0.2667 0.0088 0.0071
0 0.708 0.2673 0.0098 0.0071
0 0.8247 0.2732 0.0107 0.0084
0 0.7769 0.2706 0.0088 0.0071
0 0.4302 0.2884 0.0361 0.0363
0 0.0479 0.3189 0.0293 0.0337
0 0.1128 0.3989 0.042 0.0395
