0 0.1392 0.4194 0.1865 0.4252
0 0.3945 0.588 0.0078 0.0176
0 0.3647 0.5762 0.0049 0.0059
0 0.4199 0.5872 0.0078 0.0161
0 0.4883 0.5887 0.0059 0.0132
0 0.501 0.5924 0.0098 0.0176
0 0.5171 0.588 0.0049 0.0147
0 0.5332 0.5968 0.0059 0.0176
0 0.542 0.5982 0.0059 0.0147
0 0.5381 0.5828 0.0078 0.0103
0 0.5591 0.6004 0.0088 0.0161
0 0.5498 0.596 0.0039 0.0132
0 0.5605 0.687 0.0117 0.0161
0 0.4775 0.7507 0.0137 0.0293
0 0.4673 0.8079 0.0244 0.044
0 0.5327 0.8226 0.0205 0.044
0 0.5928 0.687 0.0098 0.0191
0 0.6802 0.7441 0.0791 0.1657
0 0.5923 0.5997 0.0068 0.0176
0 0.6035 0.5982 0.0059 0.0147
0 0.6138 0.6019 0.0088 0.0161
0 0.6235 0.6056 0.0088 0.0176
0 0.6475 0.5968 0.0098 0.0176
0 0.6533 0.6158 0.0098 0.0176
0 0.6792 0.5938 0.0088 0.0176
0 0.6914 0.6173 0.0098 0.0235
0 0.7295 0.6085 0.0117 0.0176
0 0.7544 0.6012 0.0088 0.0205
0 0.7754 0.6107 0.0098 0.0249
0 0.7837 0.6078 0.0088 0.0191
0 0.8086 0.6092 0.0117 0.022
0 0.7915 0.7104 0.0107 0.0249
0 0.7808 0.7845 0.0166 0.0352
0 0.8027 0.7903 0.0195 0.0352
0 0.7939 0.7383 0.0078 0.022
0 0.832 0.6092 0.0117 0.0249
0 0.8652 0.618 0.0137 0.0249
0 0.8696 0.6532 0.0186 0.0337
0 0.8257 0.7265 0.0107 0.0279
0 0.8979 0.6246 0.0146 0.0264
0 0.9438 0.6217 0.0146 0.0293
0 0.9546 0.6254 0.0107 0.022
0 0.9663 0.6078 0.0107 0.022
0 0.9829 0.629 0.0127 0.0264
0 0.9902 0.8343 0.0176 0.0411
0 0.9634 0.8776 0.0244 0.0455
0 0.9238 0.8365 0.0215 0.0425
0 0.9038 0.8739 0.0264 0.0528
0 0.8457 0.8761 0.0312 0.0572
0 0.3608 0.5894 0.0068 0.0147
0 0.6953 0.599 0.0098 0.0191
0 0.5723 0.5931 0.0078 0.0161
0 0.668 0.6349 0.0117 0.0205
