0 0.0488 0.4499 0.0117 0.0169
0 0.0835 0.4342 0.0107 0.0169
0 0.127 0.4323 0.0215 0.0391
0 0.1602 0.4238 0.0273 0.0378
0 0.2305 0.4141 0.0176 0.0234
0 0.2563 0.4421 0.0244 0.0404
0 0.2852 0.5436 0.0098 0.0169
0 0.3027 0.5527 0.0098 0.0169
0 0.2915 0.5905 0.0068 0.0117
0 0.3032 0.5924 0.0068 0.0104
0 0.29 0.6419 0.0059 0.0104
0 0.2998 0.6419 0.0039 0.0078
0 0.3833 0.4043 0.0303 0.0378
0 0.4575 0.4108 0.0107 0.0169
0 0.4766 0.4056 0.0273 0.0508
0 0.5376 0.4069 0.0205 0.0404
0 0.5991 0.4316 0.0264 0.0456
0 0.6333 0.4434 0.0166 0.0378
0 0.6685 0.431 0.0225 0.0391
0 0.5869 0.5534 0.0098 0.0156
0 0.5981 0.5521 0.0088 0.0182
0 0.584 0.6094 0.0117 0.0182
0 0.6016 0.6061 0.0117 0.0195
0 0.5791 0.6602 0.0098 0.0182
0 0.5942 0.6576 0.0088 0.0182
0 0.7256 0.4232 0.0273 0.0443
0 0.7773 0.401 0.0234 0.0417
0 0.8047 0.4212 0.0293 0.043
0 0.8242 0.319 0.0098 0.0182
0 0.834 0.332 0.0078 0.0104
0 0.8423 0.3132 0.0107 0.0169
0 0.8628 0.3242 0.0049 0.0078
0 0.8696 0.3242 0.0049 0.0078
0 0.8579 0.3509 0.0049 0.0117
0 0.8662 0.3483 0.0059 0.0091
0 0.8325 0.3574 0.0049 0.0091
0 0.8276 0.3926 0.0068 0.0117
0 0.8481 0.4036 0.0049 0.0078
0 0.855 0.3978 0.0049 0.0091
0 0.8652 0.4089 0.0059 0.0104
0 0.9858 0.4206 0.0244 0.0365
