0 0.0469 0.3194 0.0215 0.0395
0 0.2324 0.9956 0.0059 0.0058
0 0.2427 0.9342 0.0049 0.0088
0 0.2339 0.8852 0.0029 0.0073
0 0.2861 0.894 0.0039 0.0073
0 0.2974 0.9452 0.0049 0.0073
0 0.3247 0.9598 0.0029 0.0073
0 0.2861 0.9678 0.0039 0.0088
0 0.29 0.9444 0.0039 0.0058
0 0.3247 0.8969 0.0049 0.0073
0 0.3203 0.8545 0.0039 0.0073
0 0.3291 0.8545 0.0039 0.0073
0 0.4878 0.8925 0.0049 0.0073
0 0.4731 0.9145 0.0049 0.0073
0 0.4644 0.9532 0.0049 0.0088
0 0.4253 0.9635 0.0029 0.0058
0 0.3906 0.9437 0.0039 0.0044
0 0.3916 0.9189 0.0039 0.0044
0 0.4087 0.886 0.0029 0.0058
0 0.4116 0.8684 0.0029 0.0058
0 0.4365 0.9115 0.0039 0.0073
0 0.4307 0.9781 0.0039 0.0058
0 0.3672 0.8385 0.0039 0.0073
0 0.3696 0.8187 0.0029 0.0029
0 0.3931 0.7997 0.0029 0.0058
0 0.3354 0.769 0.0029 0.0058
0 0.3813 0.7632 0.0029 0.0058
0 0.3901 0.7902 0.0029 0.0044
0 0.4106 0.7639 0.0029 0.0044
0 0.4038 0.7763 0.0029 0.0058
0 0.4043 0.7683 0.002 0.0044
0 0.4136 0.7719 0.0029 0.0058
0 0.4473 0.8012 0.002 0.0029
0 0.436 0.7931 0.0029 0.0044
0 0.4497 0.8253 0.0029 0.0044
0 0.4614 0.8531 0.0029 0.0044
0 0.4883 0.8246 0.002 0.0029
0 0.4863 0.8538 0.002 0.0058
0 0.4927 0.8538 0.0029 0.0058
0 0.5103 0.8333 0.0029 0.0058
0 0.5771 0.8772 0.0039 0.0058
0 0.5962 0.8838 0.0029 0.0073
0 0.5464 0.9145 0.0029 0.0073
0 0.5264 0.9086 0.0039 0.0044
0 0.5098 0.9671 0.0039 0.0102
0 0.5933 0.9379 0.0029 0.0073
0 0.5869 0.8626 0.0039 0.0058
0 0.5625 0.8494 0.0039 0.0058
0 0.5444 0.8794 0.0049 0.0073
0 0.5366 0.8611 0.0029 0.0058
0 0.6489 0.9145 0.0049 0.0073
0 0.6201 0.8618 0.0039 0.0073
0 0.5386 0.8209 0.0049 0.0073
0 0.5664 0.8085 0.0039 0.0058
0 0.5781 0.8019 0.0039 0.0073
0 0.5889 0.7997 0.002 0.0058
0 0.5044 0.7858 0.0029 0.0044
0 0.5332 0.777 0.0039 0.0073
0 0.4492 0.7734 0.0039 0.0058
0 0.4673 0.7602 0.0029 0.0058
0 0.479 0.7632 0.0029 0.0058
0 0.4746 0.75 0.0039 0.0058
0 0.7427 0.9854 0.0049 0.0088
0 0.7451 0.9664 0.0039 0.0088
0 0.6729 0.9715 0.0059 0.0073
0 0.6777 0.9708 0.0039 0.0058
0 0.6836 0.9825 0.0039 0.0088
0 0.6802 0.9613 0.0049 0.0073
0 0.7354 0.9525 0.0039 0.0073
0 0.7515 0.9101 0.0049 0.0073
0 0.7007 0.9123 0.0029 0.0058
0 0.6953 0.9035 0.0039 0.0058
0 0.6826 0.8955 0.0039 0.0073
0 0.6641 0.7997 0.0039 0.0058
0 0.6636 0.8107 0.0029 0.0073
0 0.6689 0.8151 0.0039 0.0073
0 0.6729 0.8004 0.0039 0.0073
0 0.6743 0.8121 0.0029 0.0073
0 0.6826 0.8428 0.0039 0.0073
0 0.6323 0.8056 0.0029 0.0058
0 0.7983 0.9327 0.0049 0.0088
0 0.7817 0.9086 0.0049 0.0073
0 0.751 0.8779 0.0039 0.0073
0 0.7271 0.8567 0.0029 0.0058
0 0.7476 0.8129 0.0029 0.0058
0 0.751 0.8129 0.0039 0.0058
0 0.7979 0.7997 0.0039 0.0058
0 0.8345 0.8187 0.0029 0.0058
0 0.8193 0.883 0.0039 0.0058
0 0.8096 0.8728 0.0039 0.0058
0 0.7988 0.886 0.0039 0.0058
0 0.8389 0.883 0.0039 0.0058
0 0.8315 0.8757 0.0029 0.0058
0 0.8452 0.845 0.0029 0.0058
0 0.7734 0.8012 0.0039 0.0058
0 0.7798 0.7719 0.0029 0.0029
0 0.7988 0.7865 0.0039 0.0058
0 0.8594 0.7529 0.002 0.0029
0 0.856 0.7456 0.0029 0.0029
0 0.8081 0.7573 0.0029 0.0029
0 0.8765 0.883 0.0029 0.0058
0 0.9048 0.8575 0.0029 0.0073
0 0.9058 0.8487 0.0029 0.0044
0 0.9336 0.7705 0.0039 0.0058
0 0.9219 0.7639 0.002 0.0044
0 0.9116 0.8538 0.0049 0.0088
0 0.0435 0.7259 0.0029 0.0073
0 0.0513 0.7222 0.0029 0.0058
0 0.0493 0.7442 0.0029 0.0058
0 0.0713 0.7295 0.0039 0.0058
0 0.0874 0.7361 0.0049 0.0073
0 0.083 0.7427 0.0039 0.0058
0 0.0664 0.7113 0.0039 0.0073
0 0.0933 0.7105 0.0029 0.0058
0 0.0986 0.6974 0.0039 0.0058
0 0.0029 0.9452 0.0059 0.0102
0 0.0024 0.8757 0.0029 0.0058
0 0.0225 0.8947 0.0039 0.0058
0 0.0015 0.913 0.0029 0.0073
0 0.0107 0.9284 0.0039 0.0058
0 0.021 0.8882 0.0049 0.0073
0 0.0234 0.8626 0.0039 0.0058
0 0.0386 0.8699 0.0029 0.0058
