0 0.3853 0.1066 0.0088 0.0191
0 0.4907 0.2201 0.0088 0.0173
0 0.5425 0.234 0.0088 0.0173
0 0.6636 0.3042 0.0068 0.0121
0 0.5532 0.1265 0.0068 0.0104
0 0.5986 0.1127 0.0078 0.0173
0 0.5166 0.1326 0.0059 0.0087
0 0.4233 0.1031 0.0088 0.0191
0 0.4629 0.0823 0.0059 0.0121
0 0.3525 0.1222 0.0098 0.0191
0 0.3813 0.0624 0.0088 0.0139
0 0.4116 0.0875 0.0068 0.0121
0 0.437 0.0667 0.0049 0.0121
0 0.0356 0.539 0.0166 0.0312
0 0.126 0.5754 0.0156 0.0416
0 0.1729 0.5555 0.0137 0.026
0 0.1982 0.5113 0.0137 0.0347
0 0.2407 0.5546 0.0166 0.0451
0 0.2578 0.5017 0.0117 0.026
0 0.3018 0.5945 0.0176 0.0381
0 0.3452 0.5945 0.0166 0.0416
0 0.3208 0.5139 0.0127 0.0225
0 0.3857 0.5685 0.0176 0.0381
0 0.4111 0.4714 0.0137 0.0139
0 0.4106 0.5511 0.0127 0.0208
0 0.4375 0.565 0.0156 0.0243
0 0.4824 0.5407 0.0195 0.0381
0 0.5332 0.5078 0.0137 0.0243
0 0.5488 0.5425 0.0215 0.0347
0 0.5728 0.5997 0.0244 0.052
0 0.5796 0.487 0.0127 0.0243
0 0.5986 0.5598 0.0137 0.0208
0 0.6406 0.474 0.0117 0.026
0 0.6348 0.5433 0.0195 0.0468
0 0.6826 0.3882 0.0059 0.0104
0 0.7085 0.4289 0.0088 0.0121
0 0.7349 0.4697 0.0107 0.0243
0 0.9165 0.4601 0.0107 0.0156
0 0.9653 0.4463 0.0107 0.0191
0 0.9087 0.539 0.0127 0.0243
0 0.9375 0.5338 0.0195 0.0485
0 0.9478 0.5945 0.0146 0.0381
0 0.7656 0.5061 0.0078 0.0139
0 0.771 0.4905 0.0068 0.0104
0 0.9937 0.5494 0.0107 0.0485
0 0.9814 0.5087 0.0117 0.0156
0 0.9888 0.4757 0.0088 0.0156
0 0.0493 0.5373 0.0068 0.0139
0 0.2915 0.5503 0.0127 0.0225
0 0.3096 0.5355 0.0156 0.0277
0 0.5039 0.5355 0.0137 0.0208
0 0.4824 0.4818 0.0059 0.0139
0 0.5532 0.4549 0.0107 0.026
0 0.6582 0.5563 0.0137 0.0347
0 0.7002 0.5156 0.0137 0.0191
0 0.7729 0.4645 0.0068 0.0139
0 0.7896 0.4428 0.0088 0.0156
0 0.9487 0.487 0.0068 0.0139
0 0.897 0.4671 0.0068 0.0121
0 0.8813 0.513 0.0068 0.0139
0 0.3447 0.0589 0.0078 0.0208
0 0.4121 0.1456 0.0078 0.0173
0 0.4556 0.1464 0.0068 0.0121
0 0.4937 0.1906 0.0088 0.0139
0 0.5459 0.2088 0.0078 0.0121
0 0.5605 0.1499 0.0098 0.0156
0 0.6548 0.2912 0.0068 0.0243
0 0.6147 0.149 0.0068 0.0173
0 0.7334 0.513 0.0117 0.0277
0 0.7422 0.5251 0.0098 0.0312
