0 0.0703 0.563 0.0391 0.0557
0 0.1938 0.5579 0.0361 0.0484
0 0.0688 0.4282 0.0361 0.0557
0 0.1519 0.437 0.0283 0.044
0 0.2026 0.4318 0.0283 0.0543
0 0.271 0.4487 0.0283 0.0499
0 0.3452 0.5125 0.0283 0.0484
0 0.4351 0.5 0.0342 0.0674
0 0.4697 0.4809 0.0273 0.0499
0 0.4346 0.4531 0.0312 0.0499
0 0.5078 0.4223 0.0254 0.0499
0 0.5625 0.4267 0.0273 0.0499
0 0.3623 0.3996 0.0273 0.0425
0 0.4653 0.3776 0.0166 0.0396
0 0.5 0.3431 0.0195 0.0381
0 0.4072 0.3548 0.0195 0.0381
0 0.4365 0.2977 0.0156 0.0352
0 0.4561 0.3101 0.0137 0.0279
0 0.4814 0.3262 0.0137 0.0308
0 0.5439 0.2984 0.0176 0.0337
0 0.5737 0.2852 0.0146 0.0279
0 0.583 0.4106 0.0156 0.044
0 0.4209 0.2793 0.0117 0.0249
0 0.2856 0.2038 0.0107 0.0176
0 0.3496 0.2287 0.0078 0.0147
0 0.6577 0.5161 0.0225 0.0528
0 0.7417 0.5462 0.0342 0.0572
0 0.8232 0.5205 0.0273 0.0528
0 0.9707 0.5323 0.0332 0.0528
0 0.9243 0.5029 0.0166 0.0381
0 0.7749 0.2779 0.0186 0.0367
0 0.9141 0.3196 0.0215 0.0323
0 0.9297 0.3094 0.0156 0.0323
0 0.9458 0.3776 0.0244 0.0425
0 0.9385 0.2801 0.0098 0.0205
0 0.9424 0.2001 0.0098 0.0161
0 0.6958 0.2199 0.0107 0.0205
0 0.7295 0.1884 0.0098 0.0191
0 0.7085 0.2009 0.0107 0.0176
0 0.709 0.1635 0.0078 0.0132
0 0.1733 0.511 0.0322 0.0601
0 0.334 0.4333 0.0215 0.0425
0 0.1421 0.3761 0.0205 0.0367
0 0.9907 0.335 0.0146 0.0308
0 0.9937 0.3739 0.0107 0.0352
0 0.6587 0.5762 0.0205 0.0381
0 0.5088 0.2837 0.0156 0.0249
0 0.5796 0.3453 0.0225 0.0367
