0 0.0591 0.2535 0.042 0.0504
0 0.1274 0.2673 0.0225 0.0353
0 0.167 0.2963 0.0273 0.0353
0 0.1899 0.2673 0.0225 0.0378
0 0.2495 0.2869 0.0342 0.0416
0 0.2217 0.43 0.0273 0.0429
0 0.334 0.3077 0.0195 0.0277
0 0.3994 0.2768 0.0195 0.0315
0 0.4043 0.4098 0.0215 0.0353
0 0.478 0.2995 0.0186 0.029
0 0.5347 0.3361 0.0264 0.0441
0 0.5054 0.4395 0.0283 0.0492
0 0.6792 0.2938 0.0283 0.0378
0 0.6602 0.4237 0.0215 0.0429
0 0.7402 0.3178 0.0273 0.0479
0 0.8506 0.3266 0.0215 0.0328
0 0.9185 0.3361 0.0303 0.0467
0 0.9038 0.466 0.0381 0.0492
0 0.9521 0.3222 0.0176 0.029
