0 0.0034 0.4583 0.0088 0.0167
0 0.0376 0.4896 0.0127 0.0181
0 0.0903 0.6451 0.0146 0.0403
0 0.0532 0.4542 0.0088 0.0167
0 0.0225 0.4208 0.0059 0.0111
0 0.0742 0.4743 0.0117 0.0181
0 0.0459 0.416 0.0078 0.0097
0 0.0596 0.4146 0.0078 0.0125
0 0.0664 0.4507 0.0078 0.0097
0 0.1162 0.5208 0.0156 0.0222
0 0.1211 0.4854 0.0137 0.0181
0 0.1406 0.4826 0.0117 0.0208
0 0.1118 0.4576 0.0088 0.0181
0 0.1084 0.4375 0.0117 0.0194
0 0.1694 0.5139 0.0127 0.0194
0 0.1895 0.5285 0.0117 0.0208
0 0.186 0.6625 0.0225 0.0472
0 0.1958 0.5875 0.0166 0.0306
0 0.2095 0.5743 0.0146 0.0264
0 0.1484 0.4563 0.0078 0.0153
0 0.0713 0.4278 0.0059 0.0111
0 0.1475 0.416 0.0078 0.0125
0 0.1812 0.4125 0.0088 0.0139
0 0.1885 0.4611 0.0098 0.0194
0 0.2734 0.5021 0.0117 0.0181
0 0.2319 0.4694 0.0088 0.0167
0 0.3564 0.4306 0.0098 0.0139
0 0.2935 0.4243 0.0088 0.0125
0 0.3022 0.4278 0.0088 0.0111
0 0.3911 0.4194 0.0068 0.0111
0 0.5127 0.5194 0.0098 0.0167
0 0.4644 0.5069 0.0068 0.0194
0 0.3696 0.4347 0.0068 0.0111
0 0.5078 0.5736 0.0098 0.0194
0 0.3652 0.4083 0.0078 0.0111
0 0.3833 0.4062 0.0068 0.0097
0 0.499 0.4083 0.0039 0.0083
0 0.3911 0.7181 0.0283 0.0417
0 0.5571 0.4563 0.0107 0.0181
0 0.5503 0.534 0.0146 0.0236
0 0.5674 0.4528 0.0078 0.0139
0 0.5874 0.4632 0.0068 0.0181
0 0.6006 0.4715 0.0098 0.0181
0 0.6328 0.4507 0.0098 0.0153
0 0.6274 0.4757 0.0068 0.0153
0 0.6572 0.4326 0.0059 0.0125
0 0.6777 0.4583 0.0098 0.0111
0 0.6704 0.4806 0.0127 0.0167
0 0.7139 0.484 0.0098 0.0153
0 0.7632 0.4375 0.0088 0.0111
0 0.814 0.425 0.0068 0.0111
0 0.8428 0.4215 0.0078 0.0125
0 0.8496 0.4813 0.0137 0.0264
0 0.8848 0.4278 0.0098 0.0139
0 0.9897 0.4792 0.0166 0.0306
0 0.9243 0.4431 0.0088 0.0139
