0 0.936 0.8481 0.04 0.1075
0 0.9854 0.6565 0.0273 0.1121
0 0.9434 0.5736 0.0215 0.0537
0 0.9268 0.7862 0.0234 0.0958
0 0.8237 0.8738 0.0361 0.1262
0 0.8726 0.6425 0.0146 0.0421
0 0.9102 0.6075 0.0137 0.0374
0 0.8638 0.9486 0.0342 0.0981
0 0.7256 0.9276 0.0469 0.1028
0 0.7041 0.8692 0.0293 0.0841
0 0.77 0.9451 0.0361 0.1005
0 0.854 0.4287 0.0146 0.0444
0 0.3979 0.9544 0.042 0.0818
0 0.6401 0.5724 0.0303 0.0794
0 0.5977 0.5841 0.0332 0.0888
0 0.7461 0.4007 0.0195 0.0537
0 0.4517 0.3715 0.0361 0.1402
0 0.6035 0.4439 0.0137 0.0421
0 0.6616 0.4661 0.0205 0.0818
0 0.2676 0.6355 0.0098 0.0421
0 0.21 0.8283 0.0215 0.0864
0 0.0723 0.8867 0.0293 0.1005
0 0.0938 0.5666 0.0273 0.0724
0 0.1284 0.5023 0.0225 0.0607
0 0.1479 0.4988 0.0146 0.0491
0 0.1968 0.7325 0.0303 0.1005
0 0.1348 0.9486 0.043 0.0981
0 0.0459 0.7079 0.0195 0.0794
0 0.0078 0.5467 0.0176 0.0607
0 0.2305 0.6227 0.0312 0.0911
0 0.1138 0.3633 0.0166 0.0397
0 0.127 0.4065 0.0137 0.0421
0 0.8906 0.3353 0.0137 0.0491
0 0.7598 0.3072 0.0156 0.0491
0 0.8081 0.229 0.0186 0.0467
0 0.0054 0.4322 0.0127 0.0888
