0 0.1387 0.3652 0.0234 0.0392
0 0.1855 0.3542 0.0371 0.0662
0 0.229 0.3272 0.0264 0.0368
0 0.2529 0.3695 0.0273 0.0404
0 0.3213 0.3199 0.0215 0.0368
0 0.3687 0.394 0.042 0.065
0 0.3853 0.3272 0.0303 0.0294
0 0.4292 0.3444 0.0342 0.0564
0 0.4639 0.337 0.0117 0.0294
0 0.4531 0.3082 0.0078 0.011
0 0.5259 0.3891 0.0498 0.0723
0 0.5767 0.3609 0.0439 0.0674
0 0.5376 0.3205 0.0186 0.0184
0 0.5444 0.2978 0.0205 0.0196
0 0.5747 0.288 0.0361 0.0343
0 0.625 0.2972 0.0098 0.0159
0 0.6787 0.3909 0.0469 0.0588
0 0.606 0.3113 0.0088 0.0123
0 0.6938 0.2929 0.0283 0.0441
0 0.832 0.3217 0.0371 0.0576
0 0.8389 0.3683 0.0254 0.0257
0 0.897 0.3284 0.0225 0.0294
0 0.9209 0.3438 0.0234 0.0355
0 0.8779 0.4087 0.0527 0.0748
