0 0.083 0.2338 0.0547 0.0597
0 0.2061 0.1952 0.0352 0.0463
0 0.1133 0.1952 0.0352 0.0402
0 0.1528 0.1447 0.0283 0.034
0 0.167 0.0963 0.0195 0.0237
0 0.2324 0.1581 0.0312 0.0381
0 0.2363 0.31 0.0684 0.0865
0 0.2446 0.0927 0.0146 0.0206
0 0.2603 0.1159 0.0244 0.0319
0 0.2725 0.0973 0.0156 0.0237
0 0.2925 0.1318 0.0186 0.033
0 0.3408 0.0947 0.0156 0.0227
0 0.3569 0.0659 0.0088 0.0124
0 0.3696 0.0798 0.0088 0.0093
0 0.3647 0.121 0.0146 0.0154
0 0.3984 0.0917 0.0176 0.0206
0 0.4297 0.0901 0.0156 0.0196
0 0.458 0.1076 0.0234 0.0299
0 0.4785 0.0968 0.0156 0.0227
0 0.5229 0.0937 0.0146 0.0206
0 0.4165 0.0731 0.0107 0.0124
0 0.3848 0.0649 0.0078 0.0103
0 0.4248 0.0644 0.0078 0.0093
0 0.4336 0.0788 0.0117 0.0175
0 0.4463 0.0762 0.0078 0.0124
0 0.4629 0.0752 0.0098 0.0124
0 0.4751 0.0752 0.0088 0.0144
0 0.5312 0.1267 0.0215 0.0268
0 0.5186 0.1509 0.0234 0.036
0 0.5601 0.0922 0.0088 0.0134
0 0.5464 0.0639 0.0068 0.0103
0 0.5547 0.0742 0.0078 0.0103
0 0.5654 0.0767 0.0059 0.0113
0 0.5859 0.0726 0.0078 0.0113
0 0.605 0.0711 0.0107 0.0144
0 0.6235 0.0742 0.0068 0.0103
0 0.6357 0.0803 0.0098 0.0144
0 0.6816 0.0798 0.0098 0.0154
0 0.6777 0.1081 0.0156 0.0227
0 0.7021 0.1138 0.0137 0.0196
0 0.5947 0.1102 0.0176 0.0227
0 0.6167 0.1087 0.0127 0.0196
0 0.6431 0.1452 0.0205 0.0309
0 0.6577 0.1462 0.0186 0.0288
0 0.6606 0.1117 0.0107 0.0154
0 0.7271 0.1437 0.0205 0.0319
0 0.7837 0.1349 0.0146 0.0247
0 0.8237 0.1416 0.0146 0.0257
0 0.8662 0.171 0.0273 0.0391
0 0.9546 0.19 0.0244 0.0381
0 0.8628 0.2379 0.0439 0.0618
0 0.7549 0.2013 0.0332 0.0422
0 0.7192 0.1874 0.0342 0.0474
0 0.5693 0.2075 0.0449 0.0566
0 0.7202 0.2884 0.0576 0.0906
0 0.4976 0.2554 0.0615 0.0844
0 0.4932 0.1102 0.0137 0.0206
0 0.5625 0.0685 0.0059 0.0072
0 0.5693 0.0618 0.0039 0.0082
0 0.5796 0.0726 0.0049 0.0072
0 0.5537 0.0659 0.0059 0.0062
0 0.5586 0.0623 0.0039 0.0051
0 0.5239 0.0783 0.0088 0.0082
0 0.5151 0.0824 0.0088 0.0103
0 0.4976 0.0664 0.0068 0.0093
0 0.501 0.0561 0.0059 0.0072
0 0.5073 0.052 0.0049 0.0051
0 0.5337 0.0675 0.0088 0.0113
0 0.4761 0.0453 0.0029 0.0041
0 0.4604 0.0597 0.0049 0.0062
0 0.4551 0.0556 0.0039 0.0062
0 0.4453 0.0551 0.0039 0.0051
0 0.439 0.0412 0.0068 0.0103
0 0.4087 0.0695 0.0049 0.0051
0 0.355 0.0798 0.0088 0.0072
0 0.3809 0.0479 0.0039 0.0051
0 0.396 0.051 0.0029 0.0051
0 0.3911 0.0525 0.0029 0.0041
0 0.4087 0.0484 0.0029 0.0041
0 0.4106 0.0484 0.0029 0.0041
0 0.4316 0.0499 0.0039 0.0051
0 0.4077 0.0402 0.0049 0.0041
0 0.2866 0.1143 0.0166 0.0227
0 0.3862 0.0767 0.0049 0.0051
0 0.3877 0.1143 0.0098 0.0144
0 0.3315 0.0973 0.0127 0.0237
0 0.3657 0.0515 0.0049 0.0062
0 0.8418 0.1725 0.0352 0.0484
0 0.3462 0.2085 0.0322 0.0422
