0 0.2051 0.8268 0.0176 0.0278
0 0.2637 0.856 0.0215 0.0395
0 0.1538 0.8531 0.0205 0.0482
0 0.064 0.9013 0.0127 0.0365
0 0.0947 0.8406 0.0215 0.0409
0 0.127 0.8399 0.0117 0.0249
0 0.1191 0.8311 0.0078 0.019
0 0.125 0.8004 0.0156 0.0307
0 0.188 0.7829 0.0166 0.0336
0 0.2163 0.7851 0.0127 0.0263
0 0.2026 0.7566 0.0107 0.0219
0 0.0801 0.8092 0.0176 0.0307
0 0.0557 0.8092 0.0176 0.0365
0 0.02 0.8012 0.0127 0.0322
0 0.019 0.777 0.0127 0.0249
0 0.0693 0.7544 0.0098 0.0234
0 0.0645 0.769 0.0078 0.0146
0 0.0464 0.7741 0.0107 0.0132
0 0.0947 0.799 0.0078 0.0219
0 0.1328 0.7544 0.0078 0.0146
0 0.1255 0.7558 0.0068 0.0117
0 0.1631 0.7427 0.0117 0.0263
0 0.1265 0.7266 0.0127 0.0205
0 0.0947 0.7273 0.0078 0.0161
0 0.0879 0.7266 0.0059 0.0117
0 0.1025 0.6959 0.0078 0.0146
0 0.1284 0.7061 0.0049 0.0117
0 0.1226 0.7113 0.0049 0.0073
0 0.1646 0.7215 0.0088 0.0132
0 0.1729 0.6959 0.0117 0.0117
0 0.1465 0.7069 0.0078 0.019
0 0.0708 0.7215 0.0049 0.0132
0 0.0664 0.7244 0.0039 0.0073
0 0.0596 0.7251 0.0078 0.0146
0 0.1748 0.72 0.0078 0.0102
0 0.2114 0.6915 0.0088 0.0175
0 0.1421 0.6754 0.0049 0.0058
0 0.1729 0.652 0.0059 0.0088
0 0.1509 0.6477 0.0068 0.0088
0 0.1113 0.6338 0.0039 0.0073
0 0.1255 0.6447 0.0049 0.0058
0 0.1274 0.6813 0.0068 0.0117
0 0.1343 0.7061 0.0049 0.0117
0 0.1094 0.6813 0.0059 0.0117
0 0.1021 0.6776 0.0049 0.0073
0 0.0825 0.6988 0.0068 0.0088
0 0.0781 0.7113 0.0078 0.0132
0 0.0459 0.7018 0.0059 0.0117
0 0.0381 0.7193 0.0078 0.0146
0 0.0649 0.6747 0.0049 0.0102
0 0.0107 0.6952 0.0039 0.0102
0 0.1558 0.6637 0.0049 0.0088
0 0.1826 0.6404 0.0039 0.0088
0 0.0781 0.663 0.0039 0.0073
0 0.0474 0.6601 0.0029 0.0073
0 0.0854 0.6513 0.0049 0.0073
0 0.062 0.6513 0.0029 0.0044
0 0.0122 0.6535 0.0068 0.0058
0 0.0195 0.6447 0.0059 0.0088
0 0.0098 0.6623 0.0039 0.0088
0 0.126 0.6265 0.0039 0.0073
0 0.2368 0.6433 0.0029 0.0088
0 0.2456 0.6462 0.0029 0.0088
0 0.2329 0.6696 0.0068 0.0117
0 0.2373 0.6937 0.0098 0.0219
0 0.2368 0.7113 0.0107 0.019
0 0.2471 0.7164 0.0078 0.0146
0 0.1797 0.7032 0.0078 0.0146
0 0.1826 0.7434 0.0059 0.0102
0 0.1685 0.7522 0.0107 0.0219
0 0.1304 0.7727 0.0107 0.019
0 0.1104 0.8721 0.0254 0.0395
0 0.2339 0.7705 0.0146 0.0205
0 0.2427 0.7566 0.0127 0.0249
0 0.2271 0.7537 0.0127 0.019
0 0.2456 0.7325 0.0068 0.0117
0 0.2505 0.7463 0.0127 0.0219
0 0.2578 0.818 0.0176 0.0307
0 0.2676 0.7522 0.0117 0.019
0 0.2876 0.6923 0.0088 0.0132
0 0.2773 0.7325 0.0059 0.0088
0 0.2847 0.7346 0.0068 0.0132
0 0.2974 0.7471 0.0107 0.0234
0 0.3076 0.731 0.0098 0.0146
0 0.3076 0.758 0.0117 0.0161
0 0.2959 0.7822 0.0098 0.0292
0 0.2871 0.7924 0.0078 0.0175
0 0.3325 0.7895 0.0127 0.0234
0 0.3374 0.7756 0.0127 0.0219
0 0.3198 0.6594 0.0088 0.0146
0 0.3062 0.6988 0.0049 0.0088
0 0.313 0.6944 0.0049 0.0058
0 0.3218 0.6981 0.0088 0.0132
0 0.3389 0.6747 0.0078 0.0132
0 0.3618 0.6594 0.0068 0.0146
0 0.3594 0.7054 0.0078 0.0132
0 0.3643 0.6901 0.0059 0.0117
0 0.3403 0.7003 0.0068 0.0146
0 0.3467 0.6952 0.0078 0.0161
0 0.3677 0.739 0.0146 0.0249
0 0.3643 0.7164 0.0098 0.0146
0 0.3428 0.7427 0.0098 0.0117
0 0.3584 0.7595 0.0078 0.019
0 0.335 0.7558 0.0098 0.0175
0 0.3267 0.8545 0.0225 0.0482
0 0.4067 0.913 0.0244 0.0541
0 0.3413 0.8231 0.0107 0.0292
0 0.3936 0.8582 0.0098 0.0205
0 0.5254 0.7485 0.0098 0.0117
0 0.5195 0.7792 0.0098 0.0117
0 0.5708 0.7661 0.0049 0.0088
0 0.5762 0.7675 0.0078 0.0117
0 0.5532 0.7595 0.0049 0.0073
0 0.5933 0.7873 0.0088 0.0132
0 0.5386 0.8216 0.0068 0.0088
0 0.5454 0.8209 0.0068 0.0102
0 0.5566 0.8377 0.0137 0.0205
0 0.5747 0.8516 0.0107 0.0161
0 0.5903 0.8706 0.0127 0.0249
0 0.6133 0.875 0.0137 0.0249
0 0.647 0.8969 0.0146 0.0249
0 0.668 0.9108 0.0137 0.0292
0 0.6948 0.9218 0.0146 0.0278
0 0.6011 0.8984 0.0107 0.0161
0 0.9175 0.9839 0.0186 0.0234
0 0.7437 0.826 0.0205 0.0263
0 0.7988 0.9181 0.0156 0.0234
0 0.9844 0.9642 0.0176 0.0395
0 0.9331 0.932 0.0146 0.0249
0 0.897 0.9064 0.0146 0.0234
0 0.9546 0.8772 0.0146 0.0234
0 0.9937 0.9211 0.0068 0.0175
0 0.9961 0.875 0.0039 0.0132
0 0.9873 0.8421 0.0117 0.0175
0 0.9731 0.8165 0.0107 0.019
0 0.9512 0.8246 0.0117 0.0146
0 0.9175 0.8662 0.0127 0.019
0 0.873 0.8918 0.0156 0.0205
0 0.9004 0.8487 0.0117 0.019
0 0.9268 0.8224 0.0098 0.0161
0 0.9717 0.7807 0.0078 0.0088
0 0.9663 0.8085 0.0049 0.0088
0 0.9062 0.8187 0.0078 0.0117
0 0.9199 0.8034 0.0078 0.0073
0 0.8457 0.8808 0.0137 0.019
0 0.8491 0.8523 0.0107 0.0146
0 0.8706 0.8319 0.0107 0.0205
0 0.8599 0.826 0.0088 0.0175
0 0.8813 0.8114 0.0088 0.0117
0 0.9033 0.7982 0.0059 0.0088
0 0.8682 0.8056 0.0078 0.0146
0 0.8232 0.8611 0.0137 0.0234
0 0.7886 0.8596 0.0127 0.0175
0 0.8198 0.8428 0.0107 0.0102
0 0.8271 0.8107 0.0078 0.0161
0 0.8545 0.8151 0.0078 0.019
0 0.8423 0.8041 0.0088 0.0117
0 0.8633 0.7858 0.0059 0.0073
0 0.8794 0.7873 0.0068 0.0102
0 0.9248 0.7705 0.0059 0.0088
0 0.7744 0.8143 0.0098 0.0146
0 0.688 0.867 0.0127 0.0175
0 0.8076 0.8326 0.0098 0.019
0 0.7949 0.8121 0.0078 0.0102
0 0.7822 0.7968 0.0098 0.0117
0 0.7583 0.8121 0.0068 0.0132
0 0.73 0.8034 0.0068 0.0132
0 0.7188 0.8012 0.0098 0.0146
0 0.7129 0.8041 0.0059 0.0088
0 0.71 0.8304 0.0117 0.0205
0 0.7002 0.8275 0.0098 0.0175
0 0.6636 0.8487 0.0127 0.019
0 0.6455 0.845 0.0117 0.0175
0 0.6167 0.8238 0.0088 0.0161
0 0.6084 0.8253 0.0098 0.019
0 0.6445 0.7887 0.0078 0.0102
0 0.6357 0.7822 0.0078 0.0088
0 0.625 0.7734 0.0039 0.0058
0 0.647 0.7442 0.0068 0.0088
0 0.5845 0.7865 0.0068 0.0088
0 0.6655 0.7982 0.0068 0.0088
0 0.6743 0.8063 0.0068 0.0102
0 0.7017 0.7975 0.0088 0.0132
0 0.687 0.7887 0.0068 0.0132
0 0.6748 0.7749 0.0059 0.0117
0 0.7041 0.7661 0.0059 0.0088
0 0.7148 0.7829 0.0059 0.0073
0 0.7192 0.7734 0.0049 0.0058
0 0.7285 0.7836 0.0059 0.0088
0 0.7544 0.7887 0.0068 0.0073
0 0.7363 0.761 0.0059 0.0102
0 0.7495 0.7675 0.0068 0.0088
0 0.8179 0.7946 0.0068 0.0102
0 0.814 0.7851 0.0068 0.0117
0 0.7812 0.7756 0.0059 0.0102
0 0.7759 0.7544 0.0049 0.0088
0 0.7959 0.7558 0.0059 0.0117
0 0.8311 0.7968 0.0098 0.0146
0 0.8354 0.7734 0.0049 0.0058
0 0.8594 0.7785 0.0059 0.0102
0 0.8721 0.7639 0.0059 0.0102
0 0.8716 0.7339 0.0029 0.0058
0 0.8916 0.7251 0.0059 0.0117
0 0.9165 0.7303 0.0068 0.0102
0 0.9419 0.7346 0.0068 0.0073
0 0.958 0.7427 0.0059 0.0088
0 0.835 0.6901 0.0039 0.0088
0 0.9824 0.7339 0.0059 0.0088
0 0.9194 0.7697 0.0029 0.0102
0 0.9033 0.7639 0.0059 0.0102
0 0.9414 0.7602 0.0078 0.0117
0 0.9946 0.8107 0.0068 0.0219
0 0.6929 0.7785 0.0049 0.0073
0 0.2373 0.9232 0.0137 0.0482
0 0.3413 0.9649 0.0225 0.0673
0 0.3906 0.7376 0.0117 0.019
