0 0.2217 0.4218 0.0996 0.1968
0 0.3447 0.3612 0.0605 0.1248
0 0.4175 0.2996 0.0479 0.0896
0 0.4937 0.2285 0.0186 0.0387
0 0.5225 0.2162 0.0273 0.0703
0 0.4424 0.2803 0.0195 0.0545
0 0.5537 0.2039 0.0176 0.0422
0 0.2935 0.2513 0.0205 0.0422
0 0.5894 0.268 0.0205 0.0404
0 0.6445 0.0536 0.0293 0.0545
0 0.7373 0.2047 0.0332 0.1072
0 0.6924 0.2293 0.0293 0.0791
0 0.8125 0.1511 0.0391 0.0844
0 0.6743 0.2812 0.0205 0.0492
0 0.8872 0.2399 0.0205 0.058
0 0.5908 0.3392 0.0195 0.0703
0 0.6167 0.3366 0.0361 0.0896
0 0.6685 0.5316 0.0576 0.181
0 0.7407 0.5571 0.1162 0.2812
0 0.0508 0.2891 0.0117 0.0299
0 0.1128 0.3005 0.0107 0.0211
