0 0.0352 0.4553 0.0117 0.0227
0 0.0806 0.4454 0.0107 0.0142
0 0.1172 0.4376 0.0117 0.0326
0 0.1743 0.4482 0.0205 0.0369
0 0.1982 0.461 0.0195 0.0284
0 0.2925 0.4553 0.0186 0.0369
0 0.3745 0.466 0.0205 0.044
0 0.4121 0.4582 0.0176 0.0426
0 0.4634 0.4496 0.0127 0.0284
0 0.4814 0.4723 0.0176 0.034
0 0.5435 0.4362 0.0166 0.0298
0 0.5918 0.4546 0.0234 0.0496
0 0.6782 0.4716 0.0146 0.0326
0 0.7197 0.4553 0.0195 0.034
0 0.7505 0.4915 0.0225 0.0383
0 0.8232 0.4766 0.0156 0.0369
0 0.8691 0.4255 0.0098 0.0199
0 0.9619 0.434 0.0215 0.0397
0 0.8472 0.4028 0.0068 0.0113
0 0.625 0.4418 0.0137 0.0355
0 0.6094 0.4362 0.0117 0.0355
0 0.5542 0.4475 0.0127 0.0184
0 0.5723 0.439 0.0137 0.0241
0 0.5059 0.4454 0.0098 0.0227
0 0.5171 0.4482 0.0068 0.0142
0 0.4858 0.4312 0.0107 0.017
0 0.479 0.4255 0.0088 0.0142
0 0.437 0.4426 0.0088 0.017
0 0.3984 0.4312 0.0117 0.0199
0 0.3701 0.4305 0.0137 0.0213
0 0.3398 0.4617 0.0078 0.0184
0 0.3267 0.466 0.0088 0.0213
0 0.3394 0.4312 0.0088 0.0113
0 0.3047 0.4227 0.0078 0.0113
0 0.2959 0.4191 0.0059 0.0099
0 0.2666 0.4418 0.0117 0.0213
0 0.2471 0.4504 0.0098 0.0128
0 0.2554 0.4468 0.0068 0.0142
0 0.2266 0.456 0.0078 0.0128
0 0.2212 0.4262 0.0088 0.0128
0 0.1387 0.4376 0.0098 0.0156
0 0.063 0.4291 0.0049 0.0099
0 0.147 0.4284 0.0068 0.017
0 0.1904 0.4376 0.0078 0.0099
0 0.2285 0.4447 0.0059 0.0128
0 0.1538 0.4291 0.0068 0.0128
0 0.3257 0.422 0.0068 0.0099
0 0.2817 0.4149 0.0068 0.0099
