0 0.0483 0.3123 0.0166 0.0568
0 0.0859 0.3959 0.0137 0.0473
0 0.1479 0.3233 0.0107 0.0473
0 0.1709 0.3612 0.0156 0.0599
0 0.2256 0.3849 0.0098 0.0442
0 0.084 0.3533 0.0098 0.0315
0 0.0723 0.3912 0.0078 0.0379
0 0.1416 0.3312 0.0059 0.0252
0 0.2524 0.3502 0.0088 0.0379
0 0.2759 0.3218 0.0068 0.0315
0 0.314 0.3691 0.0088 0.0379
0 0.2725 0.3959 0.0078 0.0284
0 0.4004 0.4401 0.0078 0.0347
0 0.4067 0.3943 0.0068 0.0315
0 0.4077 0.3312 0.0068 0.0252
0 0.4028 0.3438 0.0049 0.0189
0 0.376 0.336 0.0098 0.0347
0 0.3994 0.3927 0.0059 0.0221
0 0.4683 0.3849 0.0068 0.0252
0 0.5576 0.3864 0.0078 0.0284
0 0.502 0.3628 0.0098 0.0379
0 0.4585 0.3959 0.0049 0.0158
0 0.4551 0.4085 0.0039 0.0158
0 0.4634 0.3754 0.0049 0.0189
0 0.5493 0.4022 0.0088 0.0221
0 0.5361 0.4274 0.0078 0.0221
0 0.6675 0.3943 0.0049 0.0252
0 0.6367 0.4401 0.0039 0.0158
0 0.6235 0.4117 0.0049 0.0158
0 0.6455 0.3833 0.0039 0.0158
0 0.6318 0.4164 0.0039 0.0126
0 0.5815 0.3975 0.0049 0.0189
0 0.6152 0.4306 0.0039 0.0158
0 0.6572 0.4196 0.0039 0.0126
0 0.6851 0.3991 0.0049 0.0221
0 0.6929 0.3959 0.0049 0.0221
0 0.6997 0.418 0.0049 0.0221
0 0.7212 0.4432 0.0049 0.0221
0 0.7124 0.4006 0.0049 0.0189
0 0.708 0.4117 0.0039 0.0158
0 0.7637 0.429 0.0039 0.0126
0 0.7773 0.4527 0.0039 0.0158
0 0.7925 0.4511 0.0029 0.0189
0 0.7681 0.4211 0.0029 0.0158
0 0.813 0.4259 0.0029 0.0126
0 0.7935 0.3959 0.0029 0.0158
0 0.7642 0.3896 0.0029 0.0158
0 0.7783 0.4006 0.002 0.0126
0 0.8076 0.4038 0.0039 0.0126
0 0.8477 0.3912 0.0039 0.0126
0 0.8169 0.3975 0.0029 0.0126
0 0.811 0.388 0.0029 0.0126
0 0.7969 0.3785 0.0039 0.0126
0 0.856 0.4038 0.0029 0.0126
0 0.8828 0.4132 0.0039 0.0126
