0 0.0308 0.1943 0.0068 0.0102
0 0.043 0.1761 0.0059 0.0087
0 0.0762 0.182 0.0059 0.0087
0 0.0957 0.1703 0.0059 0.0116
0 0.0542 0.1681 0.0049 0.0102
0 0.1387 0.1725 0.0039 0.0073
0 0.1504 0.171 0.0039 0.0102
0 0.1699 0.1725 0.0039 0.0102
0 0.188 0.1761 0.0049 0.0087
0 0.2183 0.1776 0.0049 0.0116
0 0.1826 0.2285 0.0039 0.0087
0 0.2734 0.1616 0.0059 0.0087
0 0.3066 0.1652 0.0039 0.0073
0 0.313 0.1616 0.0029 0.0058
0 0.3286 0.1827 0.0029 0.0073
0 0.3213 0.182 0.0039 0.0058
0 0.3823 0.1703 0.0029 0.0058
0 0.457 0.1907 0.0039 0.0087
0 0.5073 0.1856 0.0049 0.0102
0 0.1641 0.3224 0.0195 0.048
0 0.3276 0.294 0.0225 0.0495
0 0.4326 0.2977 0.0215 0.048
0 0.519 0.2991 0.0205 0.048
0 0.5537 0.2948 0.0195 0.0393
0 0.6084 0.3042 0.0254 0.0437
0 0.7192 0.2962 0.0264 0.0422
0 0.8267 0.3224 0.0225 0.048
0 0.4277 0.2635 0.0195 0.0378
0 0.0854 0.1565 0.0049 0.0102
0 0.1187 0.1652 0.0049 0.0102
0 0.1108 0.1725 0.0049 0.0102
0 0.0811 0.1703 0.0059 0.0116
0 0.1953 0.1725 0.0039 0.0102
0 0.2109 0.1667 0.0039 0.0073
0 0.3481 0.1747 0.0029 0.0058
