0 0.856 0.5384 0.0127 0.0221
0 0.853 0.5072 0.0127 0.0195
0 0.8345 0.5319 0.0146 0.0273
0 0.8174 0.5625 0.0156 0.0286
0 0.8721 0.5866 0.0156 0.0273
0 0.9053 0.5879 0.0137 0.0247
0 0.9038 0.5286 0.0146 0.026
0 0.9214 0.5234 0.0146 0.026
0 0.9165 0.5566 0.0146 0.0247
0 0.9468 0.5996 0.0127 0.0221
0 0.9775 0.5423 0.0137 0.0273
0 0.9771 0.6133 0.0127 0.0208
0 0.9956 0.5352 0.0068 0.0208
0 0.8853 0.6191 0.0146 0.0273
0 0.8452 0.6289 0.0186 0.0286
0 0.7856 0.5078 0.0127 0.0208
0 0.7607 0.5378 0.0137 0.0182
0 0.769 0.5716 0.0127 0.0234
0 0.7241 0.5768 0.0146 0.0234
0 0.7183 0.5189 0.0146 0.0247
0 0.686 0.5247 0.0146 0.0234
0 0.6836 0.5599 0.0156 0.0234
0 0.666 0.5807 0.0137 0.0234
0 0.6914 0.6152 0.0137 0.0221
0 0.7402 0.6204 0.0156 0.0221
0 0.6367 0.5293 0.0137 0.0247
0 0.6162 0.5039 0.0137 0.0234
0 0.5947 0.5352 0.0156 0.026
0 0.6211 0.5905 0.0137 0.0247
0 0.5605 0.5195 0.0156 0.026
0 0.5142 0.515 0.0146 0.0273
0 0.5059 0.5677 0.0156 0.026
0 0.501 0.6048 0.0156 0.0247
0 0.5425 0.6068 0.0146 0.0234
0 0.5215 0.6022 0.0156 0.0247
0 0.5801 0.6198 0.0156 0.026
0 0.6206 0.6335 0.0127 0.0221
0 0.4717 0.5716 0.0156 0.026
0 0.4624 0.5085 0.0146 0.0247
0 0.4194 0.5117 0.0146 0.026
0 0.4277 0.5456 0.0137 0.026
0 0.4375 0.5827 0.0137 0.0221
0 0.4028 0.5911 0.0166 0.026
0 0.3789 0.5378 0.0137 0.026
0 0.4663 0.6178 0.0127 0.0195
0 0.376 0.5794 0.0176 0.026
0 0.3076 0.5736 0.0156 0.0221
0 0.2847 0.6042 0.0166 0.0234
0 0.2793 0.5527 0.0156 0.0221
0 0.3105 0.5007 0.0117 0.0195
0 0.2734 0.5065 0.0137 0.0208
0 0.2485 0.5052 0.0166 0.026
0 0.2173 0.5618 0.0166 0.0273
0 0.1987 0.5163 0.0186 0.0247
0 0.2549 0.5801 0.0156 0.0273
0 0.1445 0.5859 0.0156 0.026
0 0.3003 0.6413 0.0146 0.0221
0 0.2085 0.6257 0.0166 0.0273
0 0.1538 0.6322 0.0146 0.0195
0 0.1069 0.6224 0.0146 0.0208
0 0.0449 0.6133 0.0156 0.0286
0 0.1523 0.6934 0.0137 0.0221
0 0.3052 0.8555 0.0166 0.0286
0 0.251 0.8145 0.0137 0.0221
0 0.292 0.8333 0.0156 0.0234
0 0.2407 0.9733 0.0322 0.0482
0 0.3301 0.8522 0.0137 0.0221
0 0.4399 0.8477 0.0166 0.0234
0 0.4028 0.8815 0.0146 0.0208
0 0.4092 0.8561 0.0117 0.0221
0 0.4272 0.875 0.0146 0.0234
0 0.4531 0.8854 0.0156 0.0234
0 0.709 0.8366 0.0156 0.0247
0 0.7627 0.8314 0.0156 0.0273
0 0.9355 0.875 0.0117 0.0234
0 0.3691 0.9863 0.0137 0.0247
