0 0.9912 0.8715 0.0156 0.0382
0 0.9287 0.8924 0.0176 0.0417
0 0.9355 0.8229 0.0137 0.0312
0 0.915 0.8082 0.0156 0.033
0 0.856 0.8802 0.0205 0.0417
0 0.8506 0.941 0.0176 0.0417
0 0.8496 0.7917 0.0215 0.0382
0 0.9849 0.6293 0.0146 0.0295
0 0.9209 0.5321 0.0137 0.026
0 0.8047 0.6658 0.0156 0.033
0 0.77 0.6502 0.0166 0.0295
0 0.979 0.4852 0.0127 0.026
0 0.9492 0.5312 0.0098 0.0174
0 0.9634 0.4453 0.0107 0.0226
0 0.9683 0.4271 0.0088 0.0243
0 0.8716 0.5477 0.0107 0.026
0 0.748 0.5738 0.0117 0.0226
0 0.6704 0.6892 0.0107 0.0243
0 0.6895 0.7951 0.0176 0.0382
0 0.5532 0.8759 0.0205 0.0469
0 0.5537 0.9557 0.0195 0.0469
0 0.48 0.8255 0.0186 0.0434
0 0.479 0.7266 0.0166 0.0365
0 0.5527 0.6302 0.0137 0.0208
0 0.5522 0.5564 0.0127 0.0295
0 0.4644 0.6198 0.0166 0.0278
0 0.3994 0.6059 0.0117 0.0312
0 0.4033 0.5755 0.0078 0.026
0 0.3496 0.6484 0.0137 0.033
0 0.3521 0.6806 0.0146 0.0278
0 0.354 0.7934 0.0146 0.0347
0 0.3501 0.7734 0.0146 0.0365
0 0.3701 0.8793 0.0195 0.033
0 0.3125 0.8707 0.0195 0.0469
0 0.3237 0.8238 0.0186 0.0434
0 0.5029 0.7873 0.0117 0.033
0 0.5649 0.7786 0.0146 0.0295
0 0.4302 0.6328 0.0107 0.026
0 0.3823 0.5738 0.0127 0.0191
0 0.2329 0.6797 0.0107 0.026
0 0.2217 0.7726 0.0137 0.0347
0 0.168 0.7352 0.0137 0.033
0 0.1035 0.645 0.0137 0.026
0 0.0698 0.7161 0.0146 0.033
0 0.0303 0.8368 0.0176 0.0451
0 0.2349 0.9436 0.0166 0.0399
0 0.2202 0.8585 0.0186 0.026
0 0.0669 0.9635 0.0127 0.0382
0 0.0928 0.9505 0.0137 0.0434
0 0.041 0.678 0.0117 0.0226
0 0.1724 0.5964 0.0127 0.026
0 0.1211 0.6363 0.0137 0.033
0 0.0879 0.4332 0.0098 0.0191
0 0.1431 0.454 0.0107 0.0226
0 0.0674 0.4115 0.0098 0.0243
0 0.7725 0.4332 0.0137 0.033
0 0.6914 0.4097 0.0098 0.0174
0 0.7637 0.3516 0.0098 0.0226
0 0.7461 0.3446 0.0098 0.0191
0 0.8384 0.3724 0.0068 0.0191
0 0.7095 0.6293 0.0127 0.0295
0 0.6714 0.5347 0.0088 0.0243
0 0.1611 0.9688 0.0195 0.0382
