0 0.2339 0.0637 0.0322 0.063
0 0.085 0.1984 0.0508 0.0922
0 0.2085 0.1369 0.0361 0.0717
0 0.314 0.1903 0.0498 0.0937
0 0.0967 0.3433 0.0566 0.0952
0 0.2578 0.3331 0.0508 0.0864
0 0.2139 0.3543 0.0215 0.0469
0 0.4248 0.2504 0.0352 0.0527
0 0.1616 0.5212 0.1123 0.2284
0 0.4131 0.5827 0.0977 0.1874
0 0.4702 0.2621 0.0439 0.0908
0 0.5693 0.2826 0.043 0.0732
0 0.6187 0.4187 0.0947 0.1318
0 0.8276 0.8389 0.1221 0.2196
0 0.6289 0.1596 0.0293 0.0439
0 0.5962 0.194 0.042 0.0776
0 0.6416 0.2299 0.0391 0.0644
0 0.7158 0.1933 0.0332 0.0615
0 0.7622 0.3031 0.0459 0.0732
0 0.7959 0.1772 0.0293 0.041
0 0.8037 0.6303 0.1074 0.1977
0 0.1294 0.1032 0.042 0.0747
0 0.5884 0.0915 0.0264 0.0571
0 0.856 0.2277 0.0459 0.0835
0 0.7383 0.2496 0.043 0.0747
0 0.8955 0.0644 0.0156 0.0322
0 0.8799 0.1157 0.0273 0.041
