0 0.9551 0.5876 0.0332 0.0634
0 0.8765 0.525 0.0303 0.0484
0 0.9116 0.4841 0.0283 0.0568
0 0.9487 0.4324 0.0166 0.0367
0 0.7983 0.8222 0.0459 0.0851
0 0.8379 0.6795 0.0312 0.0634
0 0.6709 0.5977 0.0254 0.0534
0 0.833 0.3873 0.0176 0.0401
0 0.626 0.9032 0.0488 0.0768
0 0.6333 0.7212 0.0439 0.0768
0 0.6299 0.6553 0.0332 0.0518
0 0.5137 0.6311 0.0332 0.0634
0 0.5161 0.778 0.0381 0.0768
0 0.374 0.8598 0.0508 0.1002
0 0.3237 0.7195 0.04 0.0868
0 0.3374 0.6561 0.0322 0.0701
0 0.3701 0.626 0.0312 0.0568
0 0.0737 0.8381 0.042 0.0868
0 0.1133 0.687 0.0312 0.0651
0 0.1318 0.5785 0.0312 0.0684
0 0.9858 0.4098 0.0146 0.0351
0 0.9922 0.3815 0.0137 0.0317
0 0.8906 0.4057 0.0156 0.0301
0 0.8843 0.4608 0.0186 0.0334
0 0.8521 0.3898 0.0146 0.0284
0 0.8599 0.3723 0.0127 0.0267
0 0.9185 0.3715 0.0146 0.0284
0 0.9336 0.3548 0.0156 0.0284
0 0.8735 0.3489 0.0146 0.0267
0 0.9053 0.3489 0.0137 0.0267
0 0.8906 0.3715 0.0137 0.0284
0 0.9766 0.3047 0.0117 0.0217
0 0.8115 0.404 0.0156 0.0334
0 0.7856 0.4007 0.0146 0.0267
0 0.7544 0.399 0.0166 0.0267
0 0.7163 0.4182 0.0166 0.0284
0 0.7422 0.3881 0.0156 0.0317
0 0.8369 0.3539 0.0176 0.0334
0 0.8433 0.3756 0.0186 0.0334
0 0.8032 0.3656 0.0166 0.0267
0 0.7104 0.3673 0.0166 0.0267
0 0.7261 0.3573 0.0127 0.0234
0 0.7544 0.3648 0.0186 0.0317
0 0.8052 0.3497 0.0186 0.0284
0 0.7822 0.3497 0.0156 0.0284
0 0.7524 0.3314 0.0146 0.0217
0 0.7969 0.2838 0.0098 0.0167
0 0.6987 0.2821 0.0107 0.0234
0 0.6836 0.4007 0.0156 0.0301
0 0.6255 0.4357 0.0166 0.0301
0 0.6299 0.404 0.0176 0.0334
0 0.6875 0.3364 0.0137 0.025
0 0.6011 0.3489 0.0146 0.0267
0 0.5942 0.3063 0.0127 0.0217
0 0.6489 0.2997 0.0127 0.0217
0 0.6016 0.379 0.0156 0.0267
0 0.6426 0.379 0.0137 0.0234
0 0.6416 0.3447 0.0137 0.025
0 0.6641 0.273 0.0098 0.0184
0 0.7271 0.2763 0.0068 0.015
0 0.5654 0.3873 0.0156 0.0301
0 0.5596 0.3072 0.0098 0.02
0 0.5508 0.3013 0.0137 0.025
0 0.6206 0.273 0.0088 0.015
0 0.5781 0.3573 0.0117 0.0234
0 0.5522 0.3648 0.0127 0.025
0 0.5557 0.3514 0.0137 0.0284
0 0.5239 0.4207 0.0166 0.0301
0 0.4839 0.4015 0.0107 0.0184
0 0.5073 0.3815 0.0146 0.0351
0 0.4878 0.3406 0.0127 0.0234
0 0.4624 0.3339 0.0127 0.0234
0 0.4307 0.3681 0.0137 0.025
0 0.4155 0.3973 0.0146 0.0267
0 0.5259 0.3898 0.0166 0.0284
0 0.5107 0.3464 0.0117 0.0217
0 0.5181 0.3372 0.0088 0.02
0 0.4463 0.3339 0.0117 0.0234
0 0.5107 0.2796 0.0078 0.015
0 0.4136 0.3631 0.0146 0.025
0 0.3906 0.3205 0.0117 0.0234
0 0.438 0.2963 0.0088 0.0184
0 0.3589 0.3623 0.0127 0.0234
0 0.2544 0.3798 0.0127 0.0217
0 0.2549 0.3631 0.0117 0.0217
0 0.2739 0.283 0.0107 0.0184
0 0.3296 0.288 0.0088 0.0184
0 0.3149 0.3189 0.0088 0.0167
0 0.2466 0.3322 0.0107 0.0234
0 0.2368 0.3447 0.0107 0.0184
0 0.2422 0.3639 0.0117 0.02
0 0.3438 0.2821 0.0098 0.02
0 0.1519 0.5075 0.0205 0.0401
0 0.1401 0.4599 0.0225 0.0417
0 0.0225 0.48 0.0215 0.0451
0 0.0391 0.4917 0.0215 0.0451
0 0.1484 0.4332 0.0195 0.0317
0 0.1436 0.419 0.0215 0.0334
0 0.1006 0.4391 0.0195 0.0334
0 0.0479 0.4699 0.0215 0.0317
0 0.0391 0.4307 0.0195 0.0301
0 0.0547 0.4098 0.0176 0.0317
0 0.0933 0.3915 0.0146 0.025
0 0.0957 0.3656 0.0156 0.0234
0 0.0342 0.3781 0.0156 0.025
0 0.0112 0.424 0.0127 0.0267
0 0.1968 0.399 0.0146 0.0301
0 0.1606 0.3372 0.0146 0.0267
0 0.1797 0.3314 0.0137 0.025
0 0.21 0.3339 0.0137 0.0167
0 0.0527 0.3489 0.0117 0.02
0 0.0449 0.3598 0.0117 0.0217
0 0.0186 0.3297 0.0117 0.0217
0 0.1035 0.3481 0.0117 0.0217
0 0.0923 0.3314 0.0107 0.0217
0 0.0264 0.3239 0.0117 0.02
0 0.0151 0.3907 0.0166 0.0267
0 0.2344 0.4182 0.0176 0.0384
0 0.2852 0.394 0.0156 0.0334
0 0.1719 0.3823 0.0137 0.0234
0 0.1704 0.3623 0.0127 0.02
0 0.1572 0.3155 0.0117 0.0234
0 0.2954 0.3147 0.0107 0.0217
0 0.3242 0.3464 0.0137 0.025
0 0.1431 0.3022 0.0107 0.02
0 0.1504 0.3881 0.0137 0.0217
0 0.1992 0.4457 0.0176 0.0301
0 0.1704 0.2805 0.0088 0.0167
0 0.2983 0.273 0.0088 0.0184
0 0.2393 0.298 0.0098 0.0184
0 0.4497 0.3063 0.0088 0.0184
0 0.4604 0.2621 0.0088 0.0167
0 0.3984 0.2721 0.0098 0.02
0 0.5161 0.3247 0.0107 0.0217
0 0.5 0.3406 0.0098 0.02
0 0.5015 0.2571 0.0088 0.0167
0 0.458 0.2972 0.0098 0.0167
0 0.4185 0.2679 0.0088 0.015
0 0.4263 0.3222 0.0127 0.0267
0 0.4712 0.303 0.0088 0.0184
0 0.4805 0.323 0.0098 0.015
0 0.4878 0.3205 0.0107 0.02
0 0.5015 0.283 0.0107 0.025
0 0.3472 0.2621 0.0107 0.02
0 0.9502 0.3189 0.0098 0.0234
0 0.981 0.3781 0.0166 0.0351
0 0.9824 0.3564 0.0137 0.0284
0 0.9946 0.3097 0.0088 0.0217
0 0.9175 0.3297 0.0107 0.0184
0 0.936 0.3013 0.0107 0.0184
0 0.9775 0.1694 0.0059 0.0117
0 0.8105 0.2713 0.0078 0.0184
0 0.7456 0.2721 0.0088 0.0167
0 0.7969 0.318 0.0098 0.025
0 0.6987 0.3072 0.0088 0.0167
0 0.7217 0.2988 0.0098 0.0167
0 0.7671 0.2421 0.0068 0.0134
0 0.7749 0.308 0.0088 0.0184
0 0.7651 0.293 0.0107 0.0217
0 0.4404 0.2788 0.0098 0.0234
0 0.2974 0.3456 0.0127 0.0267
0 0.8564 0.3205 0.0117 0.02
0 0.8892 0.2487 0.0068 0.0167
0 0.8569 0.298 0.0127 0.025
0 0.9478 0.2579 0.0088 0.0184
0 0.959 0.2713 0.0098 0.0184
0 0.8784 0.2755 0.0088 0.0167
0 0.8379 0.2429 0.0078 0.015
0 0.9478 0.2321 0.0049 0.01
0 0.5967 0.1653 0.0098 0.0167
0 0.5283 0.1594 0.0098 0.0184
0 0.4399 0.1644 0.0068 0.015
0 0.6289 0.1569 0.0078 0.0134
0 0.688 0.1569 0.0088 0.0167
0 0.9561 0.3965 0.0195 0.0384
0 0.9277 0.2679 0.0078 0.015
0 0.9131 0.2487 0.0059 0.0134
0 0.9355 0.2204 0.0059 0.0134
0 0.2192 0.2997 0.0088 0.0184
0 0.2466 0.2496 0.0088 0.0184
0 0.9326 0.7387 0.0371 0.0952
0 0.6797 0.3765 0.0156 0.0284
0 0.6626 0.3414 0.0146 0.0184
0 0.6553 0.3731 0.0137 0.0284
0 0.6348 0.278 0.0117 0.0217
0 0.7173 0.3272 0.0127 0.0234
0 0.3516 0.3214 0.0117 0.0217
0 0.3999 0.3397 0.0127 0.025
0 0.3491 0.3397 0.0107 0.0184
0 0.3223 0.303 0.0098 0.0184
0 0.3052 0.3639 0.0127 0.0267
0 0.0503 0.3205 0.0107 0.02
0 0.0659 0.3247 0.0107 0.0217
0 0.1133 0.3848 0.0137 0.025
0 0.0693 0.4057 0.0156 0.0234
0 0.1206 0.3222 0.0127 0.0234
0 0.1362 0.3865 0.0146 0.0284
0 0.23 0.2588 0.0068 0.0134
0 0.0923 0.4666 0.0205 0.0351
0 0.1885 0.4683 0.0176 0.0417
0 0.0776 0.3531 0.0127 0.0284
0 0.2822 0.3139 0.0078 0.0234
0 0.2026 0.3648 0.0127 0.0284
0 0.2749 0.4124 0.0186 0.0334
0 0.2681 0.3314 0.0088 0.0184
0 0.4727 0.1661 0.0098 0.015
0 0.5586 0.1686 0.0078 0.0134
0 0.7349 0.1486 0.0068 0.0167
0 0.458 0.384 0.0195 0.0334
0 0.7344 0.318 0.0117 0.0217
0 0.6548 0.4098 0.0146 0.0217
0 0.5708 0.303 0.0088 0.0184
0 0.5449 0.2638 0.0078 0.0167
0 0.334 0.3915 0.0156 0.025
0 0.1309 0.3539 0.0117 0.0234
0 0.3853 0.4065 0.0186 0.0351
0 0.0073 0.5442 0.0166 0.0568
