0 0.7642 0.2987 0.0146 0.0256
0 0.7954 0.27 0.0166 0.0351
0 0.8203 0.2772 0.0137 0.0304
0 0.8174 0.246 0.0156 0.0319
0 0.8672 0.2788 0.0156 0.0335
0 0.9131 0.2692 0.0137 0.0272
0 0.9395 0.2812 0.0156 0.0319
0 0.9814 0.2652 0.0137 0.0256
0 0.5449 0.2796 0.0156 0.0319
0 0.5664 0.2796 0.0156 0.0288
0 0.603 0.2644 0.0146 0.0335
0 0.6338 0.2843 0.0137 0.0256
0 0.6201 0.2891 0.0117 0.0192
0 0.6772 0.2628 0.0146 0.0272
0 0.7324 0.2772 0.0156 0.0335
0 0.2417 0.2516 0.0166 0.0335
0 0.2622 0.2548 0.0146 0.024
0 0.2935 0.2372 0.0166 0.0272
0 0.3418 0.234 0.0137 0.0272
0 0.3608 0.2676 0.0146 0.024
0 0.3867 0.2668 0.0137 0.0288
0 0.4087 0.2684 0.0146 0.0256
0 0.4395 0.2684 0.0156 0.0319
0 0.4844 0.2604 0.0176 0.0351
0 0.2808 0.2436 0.0146 0.0335
0 0.1646 0.2556 0.0166 0.0288
0 0.104 0.2133 0.0186 0.0335
0 0.0327 0.2564 0.0166 0.0272
0 0.9834 0.7141 0.0156 0.0319
0 0.8965 0.726 0.0176 0.0304
0 0.8477 0.6949 0.0156 0.0319
0 0.7397 0.6829 0.0186 0.0335
0 0.0088 0.6829 0.0137 0.024
0 0.0439 0.7093 0.0137 0.0256
0 0.0864 0.6893 0.0166 0.0367
0 0.0684 0.6725 0.0156 0.0319
