0 0.0312 0.6252 0.0078 0.0117
0 0.1636 0.5578 0.0127 0.0234
0 0.2178 0.5695 0.0215 0.0322
0 0.2666 0.5732 0.0137 0.0249
0 0.2358 0.5798 0.0127 0.0234
0 0.6895 0.7328 0.0117 0.0161
0 0.7817 0.7152 0.0127 0.0249
0 0.7798 0.5988 0.0127 0.0205
0 0.8223 0.5747 0.0078 0.0132
0 0.8931 0.6201 0.0088 0.0249
0 0.9277 0.5915 0.0078 0.0146
0 0.9497 0.5915 0.0068 0.0146
0 0.9795 0.6061 0.0078 0.0205
0 0.9336 0.7116 0.0098 0.0176
0 0.9668 0.7335 0.0098 0.0176
0 0.9502 0.7101 0.0098 0.0176
0 0.9868 0.7108 0.0107 0.022
0 0.8931 0.5878 0.0068 0.019
0 0.9946 0.6025 0.0068 0.022
0 0.0845 0.5878 0.0029 0.0073
0 0.835 0.5952 0.0059 0.0161
0 0.7988 0.5915 0.0098 0.0176
0 0.7617 0.5944 0.0098 0.0146
0 0.9697 0.6223 0.0078 0.0205
0 0.9629 0.6171 0.0078 0.022
