0 0.8008 0.3957 0.0176 0.0303
0 0.9043 0.3933 0.0176 0.0287
0 0.9644 0.3105 0.0146 0.0287
0 0.8198 0.5438 0.0146 0.0239
0 0.751 0.0884 0.0137 0.0207
0 0.8359 0.0287 0.0137 0.0223
0 0.6636 0.1234 0.0146 0.0239
0 0.6055 0.1521 0.0137 0.0239
0 0.5728 0.1266 0.0146 0.0239
0 0.6074 0.0486 0.0137 0.0303
0 0.5703 0.0119 0.0117 0.0239
0 0.7144 0.2118 0.0127 0.0287
0 0.7622 0.2213 0.0166 0.0255
0 0.7798 0.4936 0.0146 0.0287
0 0.9673 0.5127 0.0146 0.0318
0 0.8521 0.7611 0.0205 0.0382
0 0.2749 0.4658 0.0146 0.0366
0 0.1333 0.7866 0.0205 0.0382
0 0.124 0.0748 0.0195 0.0382
0 0.0303 0.1489 0.0176 0.0366
0 0.0049 0.2755 0.0117 0.0446
0 0.9106 0.6624 0.0166 0.0318
