0 0.7471 0.0642 0.0176 0.0382
0 0.7661 0.0148 0.0146 0.0295
0 0.7104 0.0182 0.0107 0.026
0 0.6826 0.02 0.0195 0.0295
0 0.6948 0.0868 0.0146 0.0312
0 0.6704 0.0972 0.0186 0.0486
0 0.6357 0.0929 0.0176 0.0365
0 0.5933 0.0165 0.0107 0.0226
0 0.5776 0.0226 0.0127 0.0278
0 0.584 0.0729 0.0117 0.0278
0 0.6089 0.0911 0.0088 0.0226
0 0.6196 0.1519 0.0186 0.0365
0 0.5747 0.1441 0.0068 0.0174
0 0.5938 0.1554 0.0059 0.0156
0 0.585 0.1545 0.0078 0.0174
0 0.563 0.1623 0.0068 0.026
0 0.6504 0.2057 0.0215 0.0469
0 0.7554 0.1111 0.0166 0.0382
0 0.5537 0.0582 0.0117 0.0295
0 0.5269 0.0538 0.0166 0.0347
0 0.5371 0.158 0.0195 0.0451
0 0.5459 0.2387 0.0176 0.0434
0 0.5483 0.2865 0.0166 0.0451
0 0.5225 0.2648 0.0156 0.0434
0 0.7534 0.2977 0.0205 0.0434
0 0.7246 0.3368 0.0273 0.0556
0 0.6694 0.2882 0.0127 0.0486
0 0.6318 0.3385 0.0312 0.066
0 0.5708 0.3186 0.0225 0.0538
0 0.6016 0.467 0.0273 0.0694
0 0.6265 0.5 0.0205 0.0417
0 0.4287 0.1076 0.0137 0.0347
0 0.4644 0.171 0.0166 0.0365
0 0.4258 0.171 0.0176 0.0399
0 0.4561 0.2153 0.0195 0.0451
0 0.3516 0.1424 0.0195 0.0451
0 0.3281 0.1658 0.0215 0.0503
0 0.2969 0.1562 0.0195 0.0417
0 0.2695 0.1884 0.0176 0.0469
0 0.2754 0.2083 0.0195 0.0451
0 0.3291 0.2318 0.0234 0.0469
0 0.376 0.2292 0.0195 0.0417
0 0.3521 0.2717 0.0244 0.0469
0 0.3208 0.2934 0.0205 0.0417
0 0.3857 0.2839 0.0215 0.0469
0 0.4229 0.2552 0.0195 0.0417
0 0.4775 0.2578 0.0234 0.0608
0 0.23 0.2578 0.0205 0.0434
0 0.2217 0.3498 0.0234 0.0538
0 0.3276 0.3793 0.0244 0.0469
0 0.3486 0.4245 0.0273 0.0573
0 0.4233 0.4878 0.0303 0.059
0 0.3286 0.5582 0.0283 0.0712
0 0.2969 0.6267 0.0332 0.0799
0 0.3843 0.6476 0.0283 0.0764
0 0.4741 0.3628 0.0244 0.0521
0 0.5156 0.5365 0.0234 0.0625
0 0.4888 0.6146 0.0283 0.0694
0 0.0947 0.691 0.0332 0.0764
0 0.2632 0.796 0.0303 0.0642
0 0.1489 0.921 0.0381 0.0712
0 0.1426 0.9661 0.0371 0.0642
0 0.374 0.8212 0.0371 0.0833
0 0.4536 0.7457 0.0322 0.0747
0 0.5269 0.7622 0.0342 0.0833
0 0.603 0.7847 0.0381 0.0799
0 0.5542 0.8845 0.0439 0.1024
0 0.5317 0.8715 0.0283 0.0694
0 0.6543 0.8655 0.043 0.092
0 0.4878 0.9583 0.0439 0.0799
0 0.6899 0.5069 0.0322 0.066
0 0.7344 0.5113 0.0273 0.0642
0 0.7021 0.5938 0.0352 0.0764
0 0.853 0.4688 0.0283 0.0694
0 0.8496 0.5599 0.0273 0.0538
0 0.5596 0.5286 0.0273 0.0538
0 0.5303 0.5964 0.0352 0.0747
0 0.8618 0.4227 0.0283 0.0642
0 0.896 0.5642 0.0322 0.0799
0 0.9082 0.6918 0.0371 0.0747
0 0.8594 0.7804 0.0352 0.0642
0 0.79 0.7396 0.0352 0.0833
0 0.9868 0.763 0.0244 0.1024
0 0.917 0.8403 0.041 0.0833
0 0.1245 0.9071 0.0244 0.0642
