0 0.021 0.2104 0.0225 0.028
0 0.0312 0.2481 0.0254 0.0367
0 0.0835 0.2282 0.0205 0.027
0 0.0918 0.2551 0.0156 0.0248
0 0.1284 0.2395 0.0186 0.0302
0 0.168 0.2594 0.0234 0.0334
0 0.1543 0.2772 0.0176 0.0302
0 0.1226 0.2799 0.0205 0.0399
0 0.1055 0.3274 0.0254 0.027
0 0.0122 0.3058 0.0225 0.0442
0 0.0537 0.3269 0.0234 0.0388
0 0.0757 0.3414 0.0146 0.0334
0 0.064 0.3759 0.0225 0.0334
0 0.1948 0.3727 0.0264 0.0442
0 0.1631 0.3387 0.0195 0.0496
0 0.1948 0.2805 0.0107 0.0173
0 0.2314 0.2891 0.0156 0.0345
0 0.2559 0.2686 0.0215 0.0388
0 0.2871 0.2821 0.0254 0.0356
0 0.2695 0.2503 0.0176 0.0259
0 0.3057 0.3306 0.0234 0.0399
0 0.2891 0.3603 0.0254 0.041
0 0.2261 0.4364 0.0498 0.0658
0 0.3496 0.2724 0.0156 0.0334
0 0.3921 0.3263 0.0303 0.068
0 0.5039 0.3921 0.0488 0.0593
0 0.9175 0.4234 0.0459 0.0615
0 0.4194 0.2864 0.0127 0.0183
0 0.9824 0.4078 0.0117 0.0237
0 0.8579 0.3797 0.0283 0.0561
0 0.0059 0.3603 0.0117 0.0431
0 0.4014 0.3673 0.0156 0.0356
0 0.4561 0.2983 0.0195 0.0205
