0 0.874 0.7646 0.0176 0.0322
0 0.7432 0.7895 0.0215 0.0409
0 0.9644 0.8816 0.0225 0.0439
0 0.9644 0.8056 0.0264 0.0409
0 0.9028 0.7266 0.0166 0.0322
0 0.7578 0.7127 0.0176 0.0307
0 0.6807 0.6754 0.0156 0.0322
0 0.8628 0.5592 0.0127 0.0249
0 0.8999 0.5482 0.0127 0.0234
0 0.9492 0.576 0.0156 0.0263
0 0.9551 0.6542 0.0176 0.0336
0 0.8467 0.6433 0.0156 0.0322
0 0.8838 0.6243 0.0137 0.0263
0 0.8271 0.6645 0.0156 0.0307
0 0.5864 0.644 0.0146 0.0219
0 0.5825 0.6798 0.0127 0.0205
0 0.6724 0.5965 0.0127 0.0234
0 0.7139 0.5358 0.0117 0.0219
0 0.7998 0.5307 0.0117 0.0234
0 0.8154 0.5468 0.0117 0.0234
0 0.8188 0.5073 0.0088 0.0205
0 0.7769 0.9042 0.0127 0.0336
0 0.7124 0.9423 0.0244 0.0482
0 0.832 0.8319 0.0176 0.0292
0 0.8799 0.9832 0.0254 0.0307
0 0.7466 0.6053 0.0166 0.0234
0 0.6753 0.4788 0.0088 0.0161
0 0.5635 0.4846 0.0078 0.0161
0 0.7061 0.4898 0.0078 0.0234
0 0.7471 0.5636 0.0117 0.0219
0 0.9609 0.4795 0.0098 0.0205
0 0.9946 0.5804 0.0088 0.0263
0 0.8599 0.5219 0.0088 0.0175
0 0.2876 0.8465 0.0225 0.0409
0 0.3184 0.867 0.0195 0.0409
0 0.2759 0.7507 0.0205 0.0336
0 0.3872 0.5534 0.0107 0.0219
0 0.2886 0.6009 0.0146 0.0263
0 0.2729 0.5899 0.0127 0.0249
0 0.3462 0.5709 0.0107 0.0161
0 0.395 0.5183 0.0107 0.019
0 0.4194 0.5095 0.0088 0.0161
0 0.4668 0.4817 0.0078 0.0161
0 0.3535 0.5044 0.0078 0.0146
0 0.2935 0.5453 0.0107 0.0234
0 0.3032 0.5117 0.0107 0.0175
0 0.4478 0.5534 0.0088 0.019
0 0.5078 0.5885 0.0117 0.0219
0 0.5142 0.7003 0.0166 0.0263
0 0.5146 0.7515 0.0137 0.0263
0 0.5093 0.6623 0.0127 0.0205
0 0.5527 0.568 0.0137 0.0249
0 0.4702 0.5885 0.0146 0.0278
0 0.3701 0.4781 0.0078 0.0205
0 0.3438 0.4737 0.0078 0.0175
0 0.3267 0.568 0.0107 0.0219
0 0.4136 0.4554 0.0068 0.0161
0 0.5898 0.4759 0.0078 0.0219
0 0.4585 0.5256 0.0088 0.0219
0 0.4531 0.5029 0.0078 0.0175
0 0.0142 0.7931 0.0166 0.0336
0 0.0591 0.9115 0.0146 0.0278
0 0.0146 0.9715 0.0195 0.0365
0 0.1436 0.9313 0.0234 0.0351
0 0.229 0.9708 0.0186 0.0439
0 0.2207 0.7975 0.0176 0.0307
0 0.1963 0.7142 0.0156 0.0278
0 0.1167 0.701 0.0166 0.0307
0 0.0879 0.6462 0.0156 0.0263
0 0.1758 0.6732 0.0137 0.0249
0 0.2368 0.636 0.0127 0.0263
0 0.1348 0.6096 0.0137 0.0234
0 0.1504 0.5738 0.0117 0.0249
0 0.2017 0.5804 0.0107 0.0234
0 0.1938 0.6096 0.0127 0.0205
0 0.2549 0.5285 0.0098 0.019
0 0.2549 0.6689 0.0117 0.0249
0 0.0376 0.7719 0.0146 0.0205
0 0.0972 0.6944 0.0127 0.0234
0 0.2095 0.5402 0.0107 0.019
0 0.3149 0.7814 0.0146 0.0278
0 0.1855 0.4759 0.0098 0.019
0 0.1753 0.4262 0.0088 0.0161
0 0.917 0.3772 0.0098 0.0234
0 0.9312 0.4569 0.0088 0.019
0 0.7056 0.4583 0.0088 0.0161
0 0.873 0.4408 0.0098 0.0161
0 0.9204 0.4379 0.0088 0.019
0 0.6997 0.3808 0.0088 0.0161
0 0.7466 0.3596 0.0068 0.0146
0 0.7231 0.4211 0.0088 0.0175
0 0.8784 0.375 0.0068 0.0161
0 0.5503 0.367 0.0049 0.0117
0 0.5186 0.367 0.0059 0.0117
0 0.4805 0.3933 0.0059 0.0117
0 0.4824 0.4386 0.0059 0.0117
0 0.4478 0.4423 0.0068 0.0132
0 0.4951 0.394 0.0059 0.0132
0 0.5327 0.3662 0.0049 0.0102
0 0.5605 0.4269 0.0078 0.0175
0 0.5972 0.4408 0.0088 0.0161
0 0.4917 0.3794 0.0068 0.0102
0 0.4653 0.3735 0.0049 0.0102
0 0.4502 0.3735 0.0059 0.0132
0 0.4229 0.3816 0.0059 0.0117
0 0.3354 0.4591 0.0068 0.0146
0 0.2061 0.4868 0.0078 0.0146
0 0.2197 0.3904 0.0059 0.0117
0 0.3682 0.4225 0.0078 0.0146
0 0.0469 0.5519 0.0098 0.0219
0 0.0933 0.5906 0.0127 0.0234
0 0.022 0.6718 0.0146 0.0219
0 0.1558 0.6418 0.0107 0.0205
0 0.8188 0.4525 0.0088 0.019
0 0.2466 0.4569 0.0088 0.0132
0 0.1953 0.4415 0.0078 0.0146
0 0.1924 0.4167 0.0059 0.0117
0 0.1851 0.4211 0.0068 0.0117
0 0.3252 0.3699 0.0059 0.0117
0 0.3086 0.3838 0.0059 0.0132
0 0.3013 0.3816 0.0049 0.0117
0 0.3306 0.4408 0.0049 0.0132
0 0.3745 0.383 0.0049 0.0117
0 0.354 0.4057 0.0068 0.0132
0 0.2817 0.3808 0.0049 0.0102
0 0.272 0.3692 0.0049 0.0102
0 0.4067 0.3443 0.0049 0.0102
0 0.2349 0.3618 0.0049 0.0102
0 0.1982 0.3947 0.0059 0.0088
0 0.3369 0.424 0.0059 0.0088
0 0.3032 0.3662 0.0049 0.0073
0 0.2612 0.3516 0.0049 0.0073
0 0.3638 0.3721 0.0049 0.0102
0 0.7471 0.4393 0.0078 0.0161
0 0.8335 0.3743 0.0088 0.0146
0 0.7954 0.4817 0.0088 0.019
0 0.7842 0.3999 0.0078 0.0161
0 0.145 0.4678 0.0068 0.0146
0 0.2266 0.3779 0.0059 0.0102
0 0.4917 0.3443 0.0049 0.0102
0 0.5142 0.3487 0.0049 0.0102
0 0.5151 0.3341 0.0049 0.0102
0 0.5532 0.3392 0.0049 0.0088
0 0.5737 0.3538 0.0049 0.0117
0 0.5605 0.364 0.0059 0.0117
0 0.5962 0.3655 0.0049 0.0117
0 0.6079 0.3458 0.0049 0.0102
0 0.6733 0.3377 0.0049 0.0088
0 0.563 0.3326 0.0049 0.0102
0 0.5312 0.3436 0.0039 0.0088
0 0.4785 0.3487 0.0039 0.0102
0 0.1289 0.7427 0.0215 0.0322
0 0.1021 0.8414 0.0146 0.0307
0 0.0337 0.7339 0.0166 0.0234
0 0.1152 0.5716 0.0117 0.0234
0 0.9761 0.4569 0.0107 0.019
0 0.9854 0.4846 0.0098 0.019
0 0.7505 0.4174 0.0068 0.0132
0 0.4102 0.4927 0.0078 0.0146
0 0.5098 0.4284 0.0078 0.0117
0 0.166 0.5629 0.0098 0.0175
