0 0.8242 0.7016 0.0234 0.0484
0 0.9189 0.6356 0.0195 0.0484
0 0.9683 0.6254 0.0146 0.0455
0 0.9878 0.5066 0.0225 0.0484
0 0.896 0.5293 0.0244 0.044
0 0.7969 0.5242 0.0215 0.0484
0 0.7178 0.5235 0.0215 0.0411
0 0.7085 0.5081 0.0166 0.0367
0 0.6978 0.6085 0.0166 0.044
0 0.7695 0.6393 0.0137 0.044
0 0.8174 0.8094 0.0332 0.0381
0 0.7939 0.7969 0.0195 0.0513
0 0.6802 0.893 0.0322 0.0733
0 0.5776 0.9428 0.0518 0.1114
0 0.3521 0.9098 0.0557 0.0894
0 0.4292 0.9032 0.0381 0.0704
0 0.543 0.7984 0.0332 0.0572
0 0.4175 0.7463 0.0244 0.044
0 0.4624 0.7111 0.0244 0.0381
0 0.4458 0.6818 0.0244 0.0381
0 0.4893 0.7317 0.0215 0.0293
0 0.4673 0.7559 0.0205 0.0308
0 0.375 0.7933 0.0234 0.0381
0 0.3574 0.8101 0.0215 0.0455
0 0.3174 0.7463 0.0254 0.044
0 0.1577 0.772 0.0205 0.0455
0 0.0684 0.7265 0.0195 0.0425
0 0.1235 0.6078 0.0186 0.0425
0 0.188 0.6195 0.0225 0.0396
0 0.2568 0.6085 0.0215 0.0411
0 0.3037 0.6415 0.0195 0.0337
0 0.395 0.6994 0.0244 0.0469
0 0.2563 0.7353 0.0244 0.0337
0 0.1675 0.7397 0.0244 0.0337
0 0.1157 0.7031 0.0186 0.0367
0 0.1143 0.8776 0.0332 0.0689
0 0.2256 0.574 0.0215 0.0484
0 0.3306 0.7199 0.0244 0.0499
0 0.1772 0.8145 0.0166 0.0396
0 0.3281 0.5513 0.0176 0.0411
0 0.3569 0.4282 0.0225 0.0381
0 0.3853 0.4142 0.0225 0.0396
0 0.4521 0.3673 0.0195 0.0337
0 0.4854 0.3864 0.0215 0.0367
0 0.4902 0.2632 0.0215 0.0455
0 0.5513 0.2845 0.0186 0.0381
0 0.5474 0.2456 0.0146 0.0308
0 0.5586 0.2236 0.0195 0.0396
0 0.4727 0.2449 0.0195 0.0352
0 0.4082 0.2801 0.0215 0.0411
0 0.3843 0.2229 0.0205 0.044
0 0.3828 0.1481 0.0215 0.0381
0 0.4155 0.1166 0.0186 0.0396
0 0.2881 0.1957 0.0215 0.0396
0 0.2075 0.2016 0.0205 0.0337
0 0.1982 0.2375 0.0176 0.0323
0 0.2158 0.2243 0.0137 0.0323
0 0.2681 0.2339 0.0186 0.0396
0 0.3169 0.2999 0.0225 0.0396
0 0.2368 0.3526 0.0186 0.0396
0 0.3042 0.3754 0.0205 0.0411
0 0.1948 0.4054 0.0244 0.0367
0 0.1221 0.3959 0.0195 0.044
0 0.0991 0.3871 0.0205 0.0381
0 0.2231 0.5176 0.0205 0.0411
0 0.1938 0.4846 0.0205 0.0455
0 0.1025 0.4978 0.0215 0.0367
0 0.0117 0.4318 0.0195 0.0337
0 0.0469 0.3402 0.0195 0.0381
0 0.0283 0.3006 0.0117 0.0323
0 0.0991 0.2676 0.0205 0.0367
0 0.1211 0.3211 0.0176 0.0381
0 0.1187 0.2925 0.0186 0.0337
0 0.1479 0.2764 0.0146 0.0308
0 0.1934 0.2815 0.0176 0.0352
0 0.2856 0.3167 0.0186 0.0293
0 0.4526 0.3299 0.0205 0.0323
0 0.395 0.3592 0.0146 0.0381
0 0.5259 0.2823 0.0107 0.0249
0 0.2681 0.4787 0.0225 0.0425
0 0.0156 0.5667 0.0215 0.0455
0 0.0693 0.4384 0.0098 0.0352
0 0.3223 0.1386 0.0195 0.0279
0 0.8887 0.3255 0.0234 0.044
0 0.9053 0.434 0.0254 0.0499
0 0.9658 0.3915 0.0254 0.0469
0 0.8491 0.4531 0.0225 0.0411
0 0.7988 0.3636 0.0234 0.0352
0 0.7715 0.3372 0.0195 0.0411
0 0.6997 0.3424 0.0205 0.0425
0 0.6411 0.3402 0.0205 0.0352
0 0.6152 0.327 0.0195 0.0411
0 0.5713 0.3475 0.0234 0.044
0 0.604 0.2397 0.0225 0.0455
0 0.6255 0.2647 0.0186 0.0367
0 0.7661 0.2397 0.0225 0.0396
0 0.8257 0.2478 0.0166 0.0411
0 0.7227 0.2493 0.0137 0.0293
0 0.6997 0.2837 0.0146 0.0396
0 0.6929 0.2493 0.0186 0.0381
0 0.6411 0.2317 0.0186 0.0323
0 0.8706 0.2192 0.0186 0.0337
0 0.918 0.2045 0.0117 0.0425
0 0.9751 0.2515 0.0186 0.0308
0 0.9956 0.3358 0.0068 0.0411
0 0.7339 0.2331 0.0225 0.0293
