0 0.1191 0.9499 0.043 0.0742
0 0.1533 0.9499 0.0312 0.056
0 0.1763 0.9362 0.0283 0.0521
0 0.3018 0.9251 0.0352 0.0742
0 0.3438 0.9134 0.0449 0.0612
0 0.396 0.9004 0.0498 0.082
0 0.4429 0.8809 0.0361 0.0586
0 0.4697 0.9082 0.0352 0.0586
0 0.3623 0.8743 0.0117 0.0143
0 0.3916 0.8411 0.0059 0.0104
0 0.3984 0.8379 0.0059 0.0091
0 0.4536 0.8242 0.0068 0.0104
0 0.4414 0.8171 0.0059 0.0091
0 0.3481 0.8294 0.0049 0.0104
0 0.3691 0.8392 0.0078 0.0091
0 0.3428 0.8288 0.0039 0.0065
0 0.3989 0.8073 0.0049 0.0052
0 0.3857 0.8164 0.0039 0.0078
0 0.2959 0.7969 0.0039 0.0078
0 0.3052 0.7799 0.0049 0.0078
0 0.2656 0.7852 0.0039 0.0078
0 0.2847 0.8008 0.0049 0.0078
0 0.3076 0.8405 0.0059 0.0091
0 0.3096 0.8301 0.0039 0.0065
0 0.2993 0.8053 0.0049 0.0065
0 0.2725 0.847 0.0059 0.0091
0 0.2915 0.8464 0.0068 0.0078
0 0.2451 0.8092 0.0039 0.0065
0 0.2451 0.8405 0.0039 0.0065
0 0.2559 0.8398 0.0039 0.0078
0 0.2524 0.8464 0.0049 0.0078
0 0.231 0.8639 0.0068 0.0143
0 0.2197 0.8477 0.0059 0.0078
0 0.2153 0.8652 0.0068 0.0117
0 0.2393 0.8242 0.0059 0.0078
0 0.4502 0.7936 0.0078 0.0117
0 0.4932 0.7956 0.0078 0.0156
0 0.0347 0.7956 0.0029 0.0052
0 0.0122 0.8001 0.0029 0.0065
0 0.0181 0.7988 0.0049 0.0039
0 0.0264 0.7988 0.0039 0.0039
0 0.9146 0.7253 0.0088 0.013
0 0.958 0.7357 0.0117 0.0104
0 0.9653 0.7272 0.0088 0.0143
0 0.9893 0.6842 0.0039 0.0039
0 0.9927 0.6999 0.0107 0.0091
0 0.9487 0.6497 0.0049 0.0052
0 0.8994 0.7181 0.0059 0.0065
0 0.9492 0.724 0.0059 0.0078
0 0.9277 0.7643 0.0156 0.0156
0 0.8677 0.7201 0.0049 0.0078
0 0.7881 0.6882 0.0039 0.0065
0 0.8716 0.7168 0.0049 0.0117
0 0.9263 0.7083 0.0049 0.0052
0 0.9375 0.7103 0.0039 0.0065
0 0.9209 0.5632 0.002 0.0039
0 0.9395 0.5586 0.002 0.0026
0 0.9819 0.5553 0.0029 0.0039
0 0.8472 0.7422 0.0107 0.0208
0 0.8374 0.709 0.0029 0.0065
0 0.833 0.7174 0.0039 0.0052
0 0.6099 0.235 0.0029 0.0039
0 0.0864 0.4095 0.0029 0.0039
0 0.1025 0.4023 0.0039 0.0052
0 0.6201 0.1094 0.002 0.0026
0 0.8809 0.8646 0.0566 0.0885
