0 0.1294 0.4595 0.0205 0.0335
0 0.1411 0.4363 0.0186 0.0309
0 0.0493 0.4698 0.0322 0.0541
0 0.3203 0.547 0.0215 0.0438
0 0.0894 0.6641 0.0986 0.1699
0 0.3862 0.5528 0.085 0.1403
0 0.5244 0.5502 0.0527 0.0862
0 0.5723 0.5785 0.0215 0.0528
0 0.5981 0.4775 0.0205 0.0386
0 0.8159 0.5708 0.0518 0.0811
0 0.626 0.4266 0.0195 0.0296
0 0.6602 0.4556 0.0137 0.0257
0 0.707 0.4588 0.0195 0.0322
0 0.7271 0.4344 0.0127 0.0219
0 0.7666 0.4479 0.0273 0.0412
0 0.811 0.4356 0.0127 0.0193
0 0.8589 0.4775 0.0264 0.0335
0 0.9243 0.4736 0.0303 0.0309
0 0.9502 0.4324 0.0176 0.0232
0 0.8833 0.4356 0.0186 0.0245
