0 0.2021 0.367 0.0332 0.0615
0 0.2012 0.4084 0.0 0.0043
0 0.314 0.3984 0.0283 0.0587
0 0.4429 0.3891 0.0205 0.0601
0 0.5532 0.3476 0.0322 0.0458
0 0.7563 0.3455 0.0264 0.0529
0 0.8633 0.392 0.0332 0.0629
0 0.915 0.324 0.0332 0.0615
0 0.4771 0.3104 0.0088 0.0172
0 0.9707 0.3441 0.0098 0.0186
0 0.8354 0.3298 0.0107 0.0157
0 0.7925 0.3448 0.0107 0.02
0 0.689 0.3469 0.0068 0.0157
0 0.6543 0.3419 0.0078 0.0143
0 0.6729 0.3391 0.0078 0.0143
0 0.4165 0.3448 0.0127 0.0172
0 0.231 0.3805 0.0264 0.0486
0 0.0444 0.3741 0.0205 0.0272
0 0.3374 0.3247 0.0088 0.0172
