0 0.1328 0.1376 0.0527 0.1054
0 0.0308 0.1135 0.0381 0.0395
0 0.0601 0.1676 0.0146 0.0395
0 0.0024 0.1589 0.0068 0.0249
0 0.1519 0.194 0.0146 0.0337
0 0.2168 0.1669 0.0176 0.0322
0 0.2749 0.1881 0.0127 0.0249
0 0.2861 0.1742 0.0156 0.0205
0 0.3091 0.1991 0.0127 0.0176
0 0.3623 0.1479 0.0254 0.0556
0 0.417 0.164 0.0176 0.041
0 0.4487 0.2233 0.0225 0.0483
0 0.4668 0.2489 0.0137 0.0351
0 0.521 0.1867 0.0166 0.0366
0 0.5938 0.2028 0.0195 0.0542
0 0.645 0.2035 0.0166 0.0322
0 0.6328 0.2299 0.0371 0.0381
0 0.6182 0.1676 0.0234 0.0366
0 0.7549 0.2313 0.0195 0.0469
0 0.7983 0.2343 0.0264 0.0615
0 0.8096 0.2467 0.0117 0.0307
0 0.9082 0.2196 0.0117 0.0205
0 0.9834 0.1698 0.0078 0.0176
0 0.9341 0.3053 0.0088 0.0161
0 0.6885 0.2218 0.0176 0.0366
