0 0.4092 0.5057 0.0215 0.0477
0 0.436 0.3841 0.0166 0.0364
0 0.3501 0.4534 0.0166 0.0477
0 0.4014 0.4057 0.0195 0.0477
0 0.4609 0.6841 0.0352 0.0773
0 0.293 0.5011 0.0234 0.0659
0 0.3213 0.5227 0.0234 0.05
0 0.2666 0.5216 0.0254 0.0568
0 0.1738 0.5011 0.0195 0.0568
0 0.2036 0.6943 0.0244 0.0659
0 0.186 0.6057 0.0244 0.0659
0 0.2349 0.5386 0.0186 0.0591
0 0.3579 0.5864 0.0186 0.0636
0 0.3662 0.3693 0.0137 0.0386
0 0.4067 0.3602 0.0166 0.0432
0 0.3853 0.558 0.0186 0.0523
0 0.252 0.3625 0.0137 0.0432
0 0.291 0.3455 0.0137 0.0455
0 0.2983 0.6898 0.0264 0.0886
0 0.4561 0.358 0.0137 0.0386
0 0.4443 0.2727 0.0117 0.0318
0 0.2305 0.4489 0.0176 0.0432
0 0.2388 0.3057 0.0127 0.0386
0 0.4648 0.3102 0.0117 0.0341
0 0.2886 0.4318 0.0146 0.0455
0 0.3203 0.4807 0.0176 0.0477
0 0.3496 0.3682 0.0176 0.0455
0 0.188 0.433 0.0166 0.0523
0 0.3013 0.3307 0.0146 0.0341
0 0.0903 0.6614 0.0303 0.0773
0 0.1143 0.6273 0.0273 0.0682
0 0.1177 0.5341 0.0186 0.0545
0 0.1104 0.4727 0.0195 0.0455
0 0.0596 0.4977 0.0215 0.0455
0 0.0288 0.825 0.0342 0.0864
0 0.0566 0.4239 0.0195 0.0477
0 0.1406 0.3 0.0117 0.0318
0 0.0391 0.3432 0.0137 0.0273
0 0.083 0.3705 0.0078 0.0227
0 0.167 0.3148 0.0156 0.0386
0 0.4263 0.283 0.0107 0.0295
0 0.4917 0.3455 0.0127 0.0409
0 0.4521 0.2443 0.0117 0.0295
0 0.4653 0.2773 0.0127 0.0318
0 0.3843 0.2455 0.0107 0.0318
0 0.4067 0.2443 0.0107 0.0295
0 0.3608 0.2364 0.0127 0.0318
0 0.4351 0.2534 0.0127 0.0295
0 0.8965 0.3273 0.0176 0.05
0 0.8296 0.1364 0.0186 0.0864
0 0.7671 0.4318 0.0166 0.0409
0 0.7051 0.3091 0.0137 0.0455
0 0.6392 0.55 0.0107 0.0318
0 0.5493 0.4943 0.0107 0.0295
0 0.4194 0.6182 0.0107 0.0455
0 0.3691 0.3477 0.0156 0.0409
0 0.4106 0.225 0.0107 0.0273
0 0.0527 0.5466 0.0234 0.0568
0 0.0361 0.0591 0.0137 0.0364
0 0.0269 0.1193 0.0107 0.025
0 0.144 0.0591 0.0088 0.0227
0 0.2378 0.1091 0.0088 0.0227
0 0.2979 0.1898 0.0098 0.025
0 0.3188 0.117 0.0068 0.0205
0 0.2686 0.2886 0.0117 0.0318
0 0.186 0.3011 0.0146 0.0386
0 0.4062 0.0511 0.0098 0.025
0 0.3945 0.2784 0.0137 0.0386
0 0.4624 0.442 0.0186 0.0523
0 0.4917 0.4091 0.0166 0.05
0 0.2173 0.383 0.0127 0.0432
