0 0.0063 0.3028 0.0127 0.0251
0 0.0273 0.2952 0.0098 0.0151
0 0.0479 0.294 0.0078 0.0176
0 0.0571 0.2764 0.0088 0.0176
0 0.0615 0.2921 0.0098 0.0163
0 0.0728 0.2996 0.0088 0.0163
0 0.0684 0.3247 0.0234 0.0314
0 0.0898 0.2839 0.0059 0.0101
0 0.0947 0.3455 0.0156 0.0201
0 0.1211 0.2877 0.0078 0.0126
0 0.1353 0.2921 0.0068 0.0113
0 0.2031 0.3003 0.0176 0.0302
0 0.147 0.294 0.0068 0.0126
0 0.2583 0.2864 0.0322 0.0402
0 0.3462 0.2896 0.0186 0.0289
0 0.313 0.2946 0.0107 0.0138
0 0.4072 0.2984 0.0137 0.0188
0 0.4253 0.2952 0.0068 0.0101
0 0.4531 0.2959 0.0039 0.0063
0 0.9175 0.3072 0.0127 0.0188
0 0.8833 0.3053 0.0439 0.0628
0 0.8428 0.2927 0.0117 0.0201
0 0.8257 0.304 0.0146 0.0226
0 0.7925 0.3097 0.0068 0.0138
0 0.7495 0.2996 0.0107 0.0188
0 0.7349 0.294 0.0068 0.0101
0 0.71 0.3084 0.0332 0.0641
0 0.7295 0.3536 0.0078 0.0163
0 0.728 0.3147 0.0068 0.0138
0 0.5884 0.2575 0.0752 0.1181
