0 0.0537 0.5066 0.0234 0.0552
0 0.1133 0.4746 0.0176 0.053
0 0.1118 0.3444 0.0166 0.0397
0 0.1304 0.3907 0.0166 0.0442
0 0.167 0.5099 0.0176 0.0486
0 0.165 0.3532 0.0156 0.0397
0 0.1865 0.3996 0.0156 0.0442
0 0.209 0.3499 0.0156 0.0419
0 0.2139 0.4923 0.0215 0.053
0 0.2471 0.4139 0.0156 0.0419
0 0.2549 0.3455 0.0137 0.0419
0 0.2729 0.4901 0.0186 0.0486
0 0.3057 0.4051 0.0156 0.0464
0 0.333 0.5022 0.0176 0.0508
0 0.3291 0.3444 0.0137 0.0442
0 0.3652 0.3366 0.0117 0.0375
0 0.3667 0.4018 0.0166 0.0486
0 0.3853 0.5232 0.0166 0.0486
0 0.417 0.362 0.0137 0.0442
0 0.4209 0.4084 0.0156 0.0486
0 0.4551 0.5342 0.0156 0.053
0 0.458 0.3642 0.0137 0.0397
0 0.4873 0.3841 0.0156 0.0442
0 0.5093 0.4956 0.0186 0.0508
0 0.5127 0.3223 0.0137 0.0397
0 0.5322 0.4305 0.0137 0.0397
0 0.5679 0.5132 0.0146 0.0508
0 0.5703 0.3333 0.0137 0.0442
0 0.6011 0.3918 0.0146 0.0464
0 0.625 0.4912 0.0176 0.0552
0 0.6196 0.3157 0.0146 0.0442
0 0.6665 0.3565 0.0127 0.0375
0 0.6597 0.4172 0.0146 0.0486
0 0.6851 0.468 0.0166 0.053
0 0.7026 0.415 0.0127 0.0442
0 0.7007 0.3422 0.0107 0.0397
0 0.7417 0.4834 0.0186 0.053
0 0.7334 0.3488 0.0137 0.0442
0 0.7568 0.3874 0.0156 0.0508
0 0.7729 0.3609 0.0127 0.0419
0 0.8037 0.5221 0.0156 0.0508
0 0.8076 0.4227 0.0156 0.0464
0 0.8027 0.3576 0.0156 0.0442
0 0.8633 0.4956 0.0156 0.0464
0 0.8418 0.4073 0.0117 0.0464
0 0.8291 0.3664 0.0098 0.0353
0 0.8569 0.3322 0.0146 0.0375
0 0.9023 0.4536 0.0176 0.0508
0 0.8901 0.4183 0.0146 0.0419
0 0.9424 0.3974 0.0156 0.0442
0 0.9746 0.5077 0.0176 0.0486
