0 0.0303 0.4208 0.0059 0.008
0 0.1553 0.3868 0.0117 0.0226
0 0.2251 0.3788 0.0146 0.0253
0 0.3062 0.3828 0.0107 0.0146
0 0.021 0.5632 0.0361 0.0613
0 0.0518 0.5446 0.0215 0.0346
0 0.228 0.514 0.0244 0.0373
0 0.3003 0.5113 0.0244 0.0346
0 0.2031 0.5386 0.0273 0.0493
0 0.2017 0.6112 0.0479 0.0719
0 0.3486 0.5506 0.0391 0.0759
0 0.3799 0.5113 0.0254 0.0453
0 0.4458 0.4947 0.0283 0.0493
0 0.6382 0.5107 0.0205 0.0413
0 0.6626 0.524 0.0322 0.0626
0 0.7456 0.5426 0.0303 0.0546
0 0.8706 0.498 0.04 0.0666
0 0.8286 0.4474 0.0225 0.0479
0 0.9253 0.3069 0.0225 0.036
0 0.6787 0.3236 0.0176 0.0266
0 0.7544 0.3835 0.0049 0.008
0 0.4849 0.5792 0.0088 0.0133
0 0.4575 0.5879 0.0088 0.0146
0 0.4561 0.5666 0.0078 0.0093
0 0.4692 0.5446 0.0068 0.0107
0 0.478 0.5353 0.0068 0.008
0 0.5024 0.5786 0.0068 0.0093
0 0.4873 0.5439 0.0078 0.0146
0 0.564 0.5406 0.0068 0.0107
0 0.5938 0.5439 0.0078 0.012
0 0.5835 0.5852 0.0107 0.0146
0 0.541 0.5266 0.0059 0.0093
0 0.5264 0.5273 0.0059 0.008
0 0.5566 0.5213 0.0078 0.0093
0 0.5117 0.5792 0.0078 0.016
0 0.54 0.5526 0.0059 0.008
0 0.5229 0.5706 0.0049 0.0067
0 0.5996 0.5939 0.0059 0.0107
0 0.5127 0.5253 0.0078 0.012
0 0.4961 0.5246 0.0059 0.0107
0 0.4741 0.5586 0.0088 0.0093
0 0.4756 0.52 0.0039 0.0067
0 0.4863 0.5166 0.0039 0.008
0 0.5098 0.5113 0.0059 0.0107
0 0.5054 0.5386 0.0068 0.0093
0 0.4541 0.524 0.0078 0.0093
0 0.4619 0.5246 0.0059 0.008
0 0.4551 0.5433 0.0059 0.008
0 0.5479 0.5712 0.0078 0.0107
