0 0.2085 0.3906 0.0225 0.0382
0 0.2974 0.3715 0.0283 0.0499
0 0.0713 0.409 0.0195 0.025
0 0.7393 0.4001 0.0098 0.0191
0 0.7661 0.4009 0.0068 0.0117
0 0.7964 0.4214 0.0088 0.0147
0 0.7959 0.3994 0.0078 0.0117
0 0.7905 0.395 0.0068 0.0117
0 0.814 0.3994 0.0088 0.0147
0 0.8457 0.4347 0.0078 0.0117
0 0.8599 0.4046 0.0088 0.0132
0 0.8804 0.3994 0.0068 0.0176
0 0.9062 0.453 0.0078 0.0132
0 0.9062 0.406 0.0078 0.0162
0 0.9263 0.4156 0.0068 0.0147
0 0.9873 0.384 0.0098 0.0191
0 0.9604 0.4082 0.0107 0.0206
