0 0.9937 0.7233 0.0107 0.0221
0 0.979 0.7721 0.0186 0.0234
0 0.9624 0.8249 0.0186 0.0326
0 0.9287 0.7279 0.0156 0.0234
0 0.9219 0.7656 0.0156 0.0234
0 0.939 0.7858 0.0186 0.0299
0 0.8691 0.7279 0.0137 0.0208
0 0.8726 0.7728 0.0166 0.0273
0 0.9248 0.8229 0.0176 0.0286
0 0.9575 0.9121 0.0166 0.0221
0 0.7593 0.722 0.0146 0.0273
0 0.7295 0.7396 0.0137 0.026
0 0.7085 0.7233 0.0146 0.0247
0 0.791 0.821 0.0176 0.0326
0 0.7573 0.8086 0.0166 0.026
0 0.7236 0.7773 0.0156 0.026
0 0.6865 0.7376 0.0137 0.0247
0 0.7183 0.832 0.0186 0.0312
0 0.6855 0.8008 0.0137 0.026
0 0.6494 0.7767 0.0137 0.0221
0 0.6479 0.8001 0.0146 0.0247
0 0.6597 0.8242 0.0166 0.0234
0 0.6567 0.8561 0.0186 0.0352
0 0.6162 0.7155 0.0156 0.0273
0 0.8149 0.8861 0.0205 0.0273
0 0.8501 0.9355 0.0186 0.0352
0 0.8525 0.985 0.0195 0.0273
0 0.7505 0.9049 0.0186 0.0365
0 0.7632 0.929 0.0225 0.0378
0 0.7681 0.9779 0.0225 0.0365
0 0.6665 0.8874 0.0205 0.0378
0 0.686 0.9251 0.0225 0.0352
0 0.6968 0.9733 0.0186 0.0299
0 0.5752 0.7331 0.0156 0.0312
0 0.5596 0.7188 0.0156 0.0234
0 0.5093 0.724 0.0146 0.0208
0 0.5391 0.748 0.0137 0.0273
0 0.5332 0.7669 0.0156 0.0286
0 0.4761 0.7279 0.0127 0.0208
0 0.4761 0.7533 0.0146 0.0221
0 0.4097 0.7201 0.0127 0.0208
0 0.4307 0.7565 0.0156 0.026
0 0.5049 0.7995 0.0156 0.026
0 0.5767 0.8294 0.0166 0.0286
0 0.4395 0.8125 0.0176 0.0312
0 0.4844 0.8372 0.0195 0.0312
0 0.6108 0.8594 0.0205 0.0312
0 0.5791 0.8991 0.0176 0.0299
0 0.6074 0.9355 0.0195 0.0326
0 0.6187 0.9648 0.0186 0.0286
0 0.5679 0.9375 0.0186 0.0339
0 0.5269 0.8613 0.0186 0.0326
0 0.5117 0.8952 0.0176 0.0273
0 0.5454 0.9792 0.0186 0.0339
0 0.4844 0.8906 0.0156 0.026
0 0.4897 0.9505 0.0186 0.0286
0 0.3481 0.7214 0.0146 0.0208
0 0.3672 0.776 0.0176 0.0312
0 0.3882 0.8008 0.0186 0.026
0 0.4165 0.8418 0.0146 0.0273
0 0.2871 0.7428 0.0137 0.0195
0 0.3188 0.7721 0.0166 0.0286
0 0.3105 0.8092 0.0176 0.0247
0 0.3872 0.903 0.0205 0.0352
0 0.4136 0.9421 0.0186 0.0299
0 0.4419 0.901 0.0166 0.0312
0 0.415 0.8639 0.0176 0.0326
0 0.3379 0.8789 0.0176 0.026
0 0.3218 0.946 0.0205 0.0326
0 0.3013 0.9036 0.0166 0.0286
0 0.2617 0.8066 0.0176 0.0273
0 0.2583 0.8757 0.0166 0.0299
0 0.29 0.9707 0.0234 0.0404
0 0.208 0.7272 0.0156 0.0195
0 0.1274 0.7214 0.0146 0.0286
0 0.1938 0.7747 0.0146 0.026
0 0.2065 0.8034 0.0166 0.0286
0 0.2124 0.8802 0.0186 0.0312
0 0.1289 0.7917 0.0156 0.026
0 0.1396 0.7995 0.0137 0.0208
0 0.1348 0.8438 0.0176 0.0234
0 0.1133 0.8763 0.0195 0.0312
0 0.1177 0.9115 0.0166 0.0339
0 0.2358 0.9499 0.0186 0.0299
0 0.0708 0.7318 0.0166 0.026
0 0.0547 0.7754 0.0176 0.0299
0 0.0747 0.8105 0.0186 0.0326
0 0.0547 0.8275 0.0195 0.0247
0 0.0708 0.8776 0.0186 0.0312
0 0.0747 0.9141 0.0166 0.0339
0 0.1094 0.9603 0.0195 0.0326
0 0.0713 0.9876 0.0195 0.0221
0 0.8115 0.862 0.0156 0.0286
0 0.7671 0.8757 0.0146 0.0273
