0 0.0952 0.3062 0.042 0.08
0 0.3008 0.3477 0.0234 0.0554
0 0.2007 0.0177 0.0049 0.0108
0 0.2231 0.3385 0.0068 0.0185
0 0.3193 0.0562 0.0059 0.0108
0 0.3247 0.0562 0.0049 0.0108
0 0.2856 0.0392 0.0088 0.0169
0 0.394 0.0923 0.0049 0.0092
0 0.4004 0.0969 0.0039 0.0092
0 0.4473 0.1154 0.0039 0.0092
0 0.4541 0.1169 0.0039 0.0092
0 0.5713 0.2969 0.0469 0.1015
0 0.7227 0.3385 0.0117 0.0277
0 0.8145 0.3369 0.0059 0.0123
0 0.7876 0.3392 0.0068 0.0138
0 0.8887 0.3354 0.0078 0.0154
0 0.855 0.3331 0.0127 0.0262
0 0.9658 0.3346 0.0156 0.0262
0 0.9531 0.3262 0.0098 0.0185
0 0.9834 0.3131 0.0098 0.02
0 0.9121 0.34 0.0078 0.0185
0 0.165 0.2577 0.0352 0.06
