0 0.0146 0.4725 0.0234 0.041
0 0.0601 0.4499 0.0283 0.0579
0 0.144 0.4654 0.0459 0.0664
0 0.1982 0.476 0.0371 0.0508
0 0.23 0.4364 0.0283 0.0537
0 0.3687 0.4138 0.04 0.0678
0 0.4443 0.4887 0.0137 0.0282
0 0.5396 0.4336 0.0342 0.0565
0 0.5596 0.4831 0.0352 0.0537
0 0.7119 0.4174 0.0391 0.0579
0 0.7378 0.3856 0.0186 0.0593
0 0.7817 0.3983 0.0264 0.0367
0 0.8438 0.3997 0.0195 0.0226
0 0.8867 0.3799 0.0391 0.0565
0 0.916 0.387 0.0215 0.048
0 0.9395 0.3842 0.0195 0.0367
0 0.9814 0.4167 0.0254 0.0452
0 0.252 0.4506 0.0098 0.0169
0 0.1748 0.471 0.0137 0.0212
0 0.0654 0.4124 0.0039 0.0085
0 0.6177 0.4301 0.0166 0.0297
0 0.4751 0.4237 0.0186 0.0395
0 0.2856 0.4492 0.0166 0.0367
