0 0.5127 0.4041 0.0215 0.036
0 0.5571 0.4305 0.0205 0.0336
0 0.4897 0.4928 0.0205 0.0336
0 0.6074 0.4952 0.0195 0.0408
0 0.7031 0.506 0.0234 0.0384
0 0.6328 0.4376 0.0234 0.0336
0 0.7329 0.4059 0.0244 0.0396
0 0.7925 0.3088 0.0205 0.0324
0 0.8281 0.4089 0.0234 0.0432
0 0.6055 0.1984 0.0195 0.03
0 0.1196 0.4137 0.0264 0.036
0 0.1592 0.5138 0.0234 0.0372
0 0.2051 0.4185 0.0215 0.036
0 0.2344 0.506 0.0234 0.0384
0 0.2749 0.4041 0.0225 0.0336
0 0.3291 0.4179 0.0195 0.0348
0 0.3315 0.4988 0.0225 0.036
0 0.3813 0.4299 0.0186 0.03
0 0.4116 0.488 0.0225 0.0336
0 0.4487 0.4233 0.0205 0.0312
