0 0.0894 0.4408 0.0205 0.0395
0 0.1143 0.4452 0.0176 0.0336
0 0.1816 0.4459 0.0156 0.0322
0 0.21 0.4488 0.0176 0.0292
0 0.2427 0.4693 0.0186 0.0351
0 0.2603 0.4306 0.0205 0.0395
0 0.291 0.4561 0.0137 0.0263
0 0.3369 0.4496 0.0195 0.0307
0 0.4512 0.4386 0.0156 0.0409
0 0.498 0.4605 0.0156 0.0351
0 0.5142 0.4496 0.0146 0.0278
0 0.562 0.4159 0.0186 0.0512
0 0.5879 0.4291 0.0195 0.0395
0 0.6572 0.4262 0.0215 0.0424
0 0.7158 0.4159 0.0195 0.0365
0 0.7236 0.4298 0.0156 0.038
0 0.7563 0.4664 0.0205 0.0439
0 0.7368 0.5409 0.0205 0.0439
0 0.8057 0.4306 0.0215 0.0395
0 0.7979 0.5402 0.0254 0.0453
0 0.8521 0.4386 0.0166 0.0322
0 0.8706 0.3977 0.0303 0.0526
0 0.9224 0.4327 0.0205 0.0322
0 0.9463 0.4408 0.0156 0.0395
0 0.9741 0.3589 0.0127 0.0629
