0 0.9517 0.7365 0.0225 0.0486
0 0.9888 0.6538 0.0186 0.0522
0 0.9751 0.5926 0.0225 0.0522
0 0.96 0.5297 0.0195 0.045
0 0.9956 0.4649 0.0068 0.0486
0 0.9395 0.4748 0.0195 0.0468
0 0.8687 0.75 0.0225 0.054
0 0.8999 0.6601 0.0225 0.054
0 0.9004 0.6061 0.0234 0.0468
0 0.8779 0.5216 0.0234 0.054
0 0.8657 0.5009 0.0205 0.045
0 0.8838 0.4227 0.0215 0.0504
0 0.8418 0.6709 0.0234 0.0468
0 0.7915 0.7212 0.0244 0.0468
0 0.771 0.6592 0.0244 0.0558
0 0.8203 0.607 0.0254 0.045
0 0.7974 0.5279 0.0205 0.0522
0 0.8022 0.4901 0.0186 0.0414
0 0.7896 0.4353 0.0225 0.0504
0 0.77 0.3885 0.0225 0.0468
0 0.7266 0.6879 0.0254 0.0522
0 0.75 0.5845 0.0215 0.0504
0 0.6943 0.6295 0.0254 0.0576
0 0.7217 0.5621 0.0215 0.0414
0 0.7412 0.5198 0.0195 0.0504
0 0.7295 0.4631 0.0195 0.0414
0 0.6733 0.5504 0.0225 0.054
0 0.6333 0.7176 0.0244 0.0504
0 0.6157 0.6061 0.0244 0.0576
0 0.6436 0.5387 0.0215 0.045
0 0.6719 0.4973 0.0234 0.045
0 0.6548 0.3867 0.0205 0.0576
0 0.6343 0.3885 0.0225 0.0468
0 0.979 0.33 0.0205 0.0486
0 0.9062 0.3534 0.0195 0.0486
0 0.8867 0.3561 0.0195 0.0432
0 0.8169 0.348 0.0225 0.0378
0 0.7075 0.3588 0.0205 0.0486
0 0.75 0.3417 0.0195 0.0432
0 0.5967 0.5558 0.0234 0.054
0 0.6006 0.4802 0.0215 0.0288
0 0.5493 0.7671 0.0205 0.0486
0 0.5112 0.7842 0.0361 0.0899
0 0.5283 0.6286 0.0234 0.0558
0 0.5439 0.6286 0.0137 0.045
0 0.5654 0.5378 0.0215 0.0504
0 0.5332 0.5045 0.0215 0.0486
0 0.5781 0.4119 0.0215 0.0468
0 0.5669 0.3831 0.0205 0.0396
0 0.5225 0.3993 0.0215 0.0468
0 0.4648 0.7653 0.0215 0.0486
0 0.3955 0.7491 0.0215 0.0522
0 0.4463 0.643 0.0254 0.0594
0 0.4521 0.5656 0.0234 0.0522
0 0.481 0.4901 0.0244 0.0522
0 0.4585 0.473 0.0205 0.054
0 0.4468 0.42 0.0205 0.0486
0 0.3828 0.6637 0.0195 0.0504
0 0.394 0.5297 0.0186 0.0522
0 0.3608 0.5522 0.0225 0.0612
0 0.3945 0.4694 0.0215 0.0504
0 0.3823 0.3822 0.0205 0.0522
0 0.3423 0.3705 0.0205 0.0432
0 0.3096 0.7275 0.0234 0.0486
0 0.3174 0.6655 0.0234 0.054
0 0.3145 0.5333 0.0234 0.0486
0 0.2651 0.5585 0.0225 0.0486
0 0.3184 0.4802 0.0215 0.0432
0 0.3154 0.411 0.0215 0.0486
0 0.2339 0.705 0.0264 0.0612
0 0.248 0.6906 0.0195 0.0468
0 0.2339 0.5522 0.0225 0.0576
0 0.2451 0.4793 0.0234 0.0522
0 0.2529 0.4442 0.0215 0.0396
0 0.2559 0.3714 0.0215 0.045
0 0.1909 0.3777 0.0244 0.0468
0 0.1748 0.4056 0.0215 0.0414
0 0.1733 0.4541 0.0244 0.0522
0 0.1626 0.5531 0.0205 0.045
0 0.1797 0.6151 0.0215 0.0468
0 0.1685 0.6781 0.0225 0.0504
0 0.1582 0.7617 0.0234 0.0558
0 0.0757 0.6987 0.0225 0.0594
0 0.0879 0.67 0.0234 0.0594
0 0.1094 0.5665 0.0234 0.054
0 0.104 0.5288 0.0225 0.0468
0 0.1104 0.4173 0.0215 0.0504
0 0.1216 0.3732 0.0205 0.0414
0 0.0078 0.6448 0.0156 0.0522
0 0.0186 0.536 0.0234 0.054
0 0.0293 0.4622 0.0234 0.054
0 0.0361 0.4236 0.0195 0.0378
0 0.0474 0.3561 0.0225 0.0396
