0 0.436 0.4337 0.0088 0.0169
0 0.5234 0.4681 0.0312 0.0546
0 0.5698 0.4252 0.0068 0.013
0 0.3726 0.4668 0.0068 0.0182
0 0.5718 0.2997 0.0303 0.0741
0 0.7783 0.4434 0.0078 0.013
0 0.7983 0.4324 0.0088 0.0143
0 0.8389 0.4376 0.0078 0.0143
0 0.9673 0.4285 0.0088 0.0169
0 0.981 0.4174 0.0068 0.013
0 0.9355 0.4259 0.0078 0.0143
0 0.9238 0.4194 0.0078 0.0143
0 0.0874 0.4291 0.0088 0.0156
0 0.0557 0.5013 0.0098 0.0195
0 0.1035 0.4792 0.0117 0.0169
0 0.1348 0.4675 0.0078 0.0143
0 0.167 0.4961 0.0117 0.0195
0 0.1851 0.4694 0.0068 0.013
0 0.2227 0.446 0.0059 0.0104
0 0.2715 0.4246 0.0059 0.0117
0 0.3105 0.4772 0.0078 0.013
0 0.2437 0.5117 0.0225 0.0429
0 0.252 0.4278 0.0059 0.0104
0 0.4858 0.435 0.0068 0.0143
