0 0.4121 0.4173 0.0137 0.0322
0 0.4243 0.4239 0.0068 0.019
0 0.4326 0.418 0.0098 0.019
0 0.4443 0.4246 0.0215 0.0322
0 0.4727 0.4187 0.0098 0.0176
0 0.4829 0.4136 0.0127 0.0278
0 0.5068 0.44 0.0117 0.0161
0 0.5195 0.4348 0.0098 0.0146
0 0.5347 0.4187 0.0107 0.0234
0 0.5439 0.4187 0.0117 0.0264
0 0.564 0.4217 0.0146 0.0205
0 0.5806 0.4085 0.0088 0.0117
0 0.6099 0.4312 0.0107 0.0249
0 0.626 0.4114 0.0098 0.0176
0 0.6509 0.4253 0.0166 0.0249
0 0.6602 0.4173 0.0098 0.0205
0 0.6768 0.4195 0.0098 0.0161
0 0.7285 0.4488 0.0156 0.0278
0 0.7305 0.4173 0.0117 0.0205
0 0.7505 0.4253 0.0107 0.0132
0 0.769 0.448 0.0146 0.0205
0 0.7896 0.4297 0.0088 0.0161
0 0.8032 0.4114 0.0107 0.0205
0 0.8315 0.4305 0.0146 0.0205
0 0.7671 0.4253 0.0088 0.0102
0 0.7788 0.4224 0.0107 0.019
0 0.8413 0.4305 0.0088 0.0176
0 0.8579 0.4341 0.0107 0.0132
0 0.8701 0.4312 0.0117 0.0161
0 0.8882 0.4363 0.0107 0.0146
0 0.9009 0.4224 0.0088 0.0161
0 0.585 0.4356 0.0098 0.0161
0 0.6362 0.4143 0.0068 0.0117
0 0.0938 0.4458 0.0156 0.022
0 0.1372 0.4356 0.0127 0.022
0 0.1528 0.4451 0.0166 0.0234
0 0.1665 0.4209 0.0127 0.022
0 0.228 0.44 0.0146 0.022
0 0.2471 0.437 0.0098 0.022
0 0.2402 0.4173 0.0098 0.0176
0 0.2114 0.4407 0.0068 0.0146
0 0.2671 0.4319 0.0088 0.0176
0 0.2798 0.4312 0.0127 0.022
0 0.3037 0.4356 0.0117 0.0132
0 0.3252 0.4297 0.0137 0.0249
0 0.3452 0.4107 0.0127 0.0161
0 0.3667 0.4239 0.0088 0.0161
0 0.3789 0.4019 0.0098 0.022
0 0.3906 0.4165 0.0098 0.0249
0 0.4014 0.4158 0.0098 0.0205
