0 0.6851 0.558 0.0244 0.047
0 0.0796 0.7147 0.0283 0.0408
0 0.2065 0.7022 0.0264 0.047
0 0.3188 0.7139 0.0303 0.0455
0 0.4233 0.7139 0.0303 0.0486
0 0.5391 0.7296 0.0273 0.0486
0 0.6519 0.7202 0.0283 0.0486
0 0.769 0.3997 0.0244 0.047
0 0.8232 0.2853 0.0215 0.0408
0 0.8589 0.3911 0.0264 0.0423
0 0.9448 0.4569 0.0264 0.0423
0 0.8599 0.5541 0.0264 0.0455
0 0.7651 0.558 0.0264 0.047
0 0.7695 0.7085 0.0273 0.0502
0 0.8877 0.7124 0.0293 0.0517
0 0.0786 0.4342 0.0244 0.0502
0 0.2241 0.2813 0.0225 0.0392
0 0.2925 0.2782 0.0205 0.0392
0 0.3628 0.2751 0.0244 0.0423
0 0.4321 0.2602 0.0225 0.0439
0 0.5068 0.2704 0.0234 0.0423
0 0.585 0.2751 0.0195 0.0392
0 0.6636 0.2649 0.0244 0.0439
0 0.7441 0.279 0.0215 0.0408
0 0.1685 0.402 0.0244 0.0423
0 0.2539 0.3997 0.0254 0.0439
0 0.3262 0.3777 0.0234 0.0439
0 0.4131 0.4107 0.0234 0.0439
0 0.5044 0.4075 0.0244 0.0408
0 0.5903 0.4185 0.0225 0.0408
0 0.6768 0.4169 0.0215 0.0408
0 0.1333 0.5549 0.0244 0.047
0 0.2329 0.5635 0.0244 0.0392
0 0.3262 0.5549 0.0254 0.047
0 0.416 0.5447 0.0273 0.0455
0 0.5 0.5486 0.0234 0.047
0 0.5903 0.5494 0.0283 0.0455
