0 0.3369 0.3585 0.0156 0.022
0 0.4375 0.4305 0.0176 0.022
0 0.3955 0.3067 0.0156 0.0207
0 0.0361 0.2787 0.0137 0.0183
0 0.1138 0.2872 0.0107 0.0183
0 0.1685 0.2878 0.0107 0.0146
0 0.0537 0.2384 0.0117 0.0207
0 0.1055 0.2372 0.0117 0.0183
0 0.1548 0.236 0.0107 0.0159
0 0.0522 0.211 0.0146 0.0195
0 0.0977 0.2079 0.0117 0.0159
0 0.146 0.2091 0.0127 0.0159
0 0.0347 0.1854 0.0107 0.0146
0 0.0552 0.1555 0.0127 0.0183
0 0.1104 0.1805 0.0098 0.0171
0 0.1445 0.1799 0.0117 0.0183
0 0.1489 0.147 0.0107 0.0183
0 0.1592 0.1348 0.0098 0.0159
0 0.1099 0.1598 0.0088 0.0146
0 0.1055 0.136 0.0098 0.0159
0 0.2295 0.2805 0.0117 0.0195
0 0.2822 0.2939 0.0117 0.0171
0 0.2236 0.2506 0.0137 0.0159
0 0.2578 0.2317 0.0137 0.0195
0 0.27 0.2122 0.0107 0.0195
0 0.2144 0.2061 0.0107 0.0171
0 0.2173 0.1604 0.0107 0.0159
0 0.2544 0.1878 0.0107 0.0146
0 0.248 0.1665 0.0078 0.0134
0 0.2686 0.1665 0.0098 0.0159
0 0.2642 0.1329 0.0088 0.0146
0 0.2134 0.128 0.0088 0.0122
0 0.3389 0.2866 0.0098 0.0171
0 0.3149 0.2421 0.0127 0.0207
0 0.3921 0.2732 0.0107 0.0171
0 0.3887 0.2372 0.0117 0.0183
0 0.4565 0.2817 0.0107 0.0171
0 0.4282 0.2415 0.0107 0.0146
0 0.332 0.2128 0.0098 0.0159
0 0.3286 0.1823 0.0107 0.0159
0 0.3223 0.161 0.0098 0.0171
0 0.3135 0.1305 0.0117 0.0171
0 0.374 0.2024 0.0117 0.0195
0 0.3618 0.1823 0.0107 0.0183
0 0.376 0.1659 0.0098 0.0171
0 0.377 0.1366 0.0098 0.0171
0 0.439 0.2122 0.0088 0.0171
0 0.4478 0.1512 0.0107 0.022
0 0.4243 0.128 0.0107 0.0171
0 0.5127 0.2848 0.0117 0.0183
0 0.562 0.2799 0.0127 0.0207
0 0.6108 0.2262 0.0127 0.0232
0 0.5513 0.236 0.0107 0.0207
0 0.5088 0.2439 0.0117 0.0171
0 0.4961 0.214 0.0117 0.0183
0 0.4858 0.1896 0.0107 0.0183
0 0.5327 0.2061 0.0127 0.0195
0 0.5962 0.1799 0.0107 0.0183
0 0.5967 0.164 0.0117 0.0159
0 0.5864 0.1348 0.0107 0.0207
0 0.5352 0.1506 0.0156 0.0183
0 0.522 0.1244 0.0107 0.0171
0 0.4673 0.15 0.0127 0.0171
0 0.4775 0.1299 0.0098 0.0183
0 0.8203 0.2799 0.0117 0.0183
0 0.8657 0.2896 0.0107 0.0183
0 0.9028 0.2817 0.0107 0.0195
0 0.9771 0.2866 0.0107 0.0195
0 0.9644 0.2396 0.0127 0.0183
0 0.9609 0.2165 0.0117 0.0183
0 0.9468 0.1811 0.0107 0.0183
0 0.7905 0.2055 0.0127 0.0183
0 0.7734 0.1762 0.0117 0.0183
0 0.8286 0.1762 0.0127 0.0159
0 0.8872 0.1622 0.0107 0.0171
0 0.939 0.1524 0.0107 0.0171
0 0.9932 0.1616 0.0098 0.0183
0 0.77 0.1341 0.0088 0.0171
0 0.8237 0.1299 0.0107 0.0183
0 0.8511 0.1506 0.0088 0.0183
0 0.876 0.1305 0.0098 0.0171
0 0.9282 0.1384 0.0107 0.0207
0 0.9805 0.128 0.0117 0.0171
0 0.7988 0.2476 0.0117 0.0171
0 0.8643 0.2427 0.0098 0.0195
0 0.9102 0.2409 0.0117 0.0183
0 0.8501 0.2195 0.0107 0.0195
0 0.0312 0.0543 0.0137 0.0183
0 0.1016 0.0585 0.0117 0.0146
0 0.1016 0.0402 0.0098 0.0146
0 0.0527 0.0122 0.0098 0.0146
0 0.0996 0.0146 0.0098 0.0146
0 0.1392 0.0067 0.0088 0.011
0 0.1489 0.0427 0.0107 0.0171
0 0.1943 0.0476 0.0098 0.0171
0 0.2515 0.0183 0.0088 0.0146
0 0.2578 0.0543 0.0078 0.011
0 0.3037 0.05 0.0098 0.0146
0 0.2949 0.0372 0.0078 0.0159
0 0.3066 0.0213 0.0078 0.0159
0 0.3564 0.0409 0.0078 0.0159
0 0.353 0.0073 0.0088 0.0171
0 0.543 0.0317 0.0098 0.0146
0 0.5562 0.0116 0.0088 0.0159
0 0.4917 0.0256 0.0127 0.0171
0 0.5015 0.022 0.0088 0.0171
0 0.4561 0.028 0.0098 0.0171
0 0.4058 0.0384 0.0107 0.0159
0 0.4019 0.0159 0.0088 0.0146
0 0.7305 0.014 0.0098 0.0159
0 0.7847 0.0305 0.0088 0.0146
0 0.8354 0.0171 0.0088 0.0122
0 0.9863 0.061 0.0098 0.0146
0 0.9917 0.0207 0.0088 0.0171
0 0.9707 0.0293 0.0098 0.0171
0 0.9419 0.0457 0.0107 0.0159
0 0.9312 0.0409 0.0088 0.0159
0 0.895 0.0537 0.0107 0.0171
0 0.875 0.0232 0.0098 0.0146
0 0.8447 0.0512 0.0098 0.0146
0 0.9238 0.0049 0.0117 0.0122
0 0.8818 0.0079 0.0117 0.0134
