0 0.1914 0.1962 0.0293 0.041
0 0.2803 0.1881 0.0254 0.0425
0 0.3706 0.1933 0.0244 0.0439
0 0.4526 0.1896 0.0264 0.0483
0 0.5396 0.1896 0.0225 0.0395
0 0.6274 0.1977 0.0264 0.0439
0 0.1226 0.3016 0.0264 0.0469
0 0.2188 0.2826 0.0254 0.041
0 0.3081 0.284 0.0244 0.0469
0 0.3999 0.2723 0.0244 0.0469
0 0.498 0.2811 0.0273 0.0439
0 0.5972 0.2716 0.0244 0.0395
0 0.1543 0.451 0.0293 0.0469
0 0.2734 0.4575 0.0273 0.0483
0 0.3818 0.4488 0.0293 0.0454
0 0.4966 0.4466 0.0264 0.0498
0 0.6094 0.4422 0.0254 0.0498
0 0.0977 0.5842 0.0332 0.0498
0 0.229 0.6025 0.0303 0.0483
0 0.3638 0.5944 0.0283 0.0498
0 0.4995 0.6003 0.0283 0.0469
0 0.624 0.5959 0.0273 0.0527
0 0.7026 0.194 0.0264 0.0425
0 0.7881 0.1896 0.0234 0.0395
0 0.9019 0.2796 0.0264 0.0439
0 0.7905 0.2804 0.0264 0.0425
0 0.7036 0.2796 0.0283 0.0439
0 0.7314 0.4458 0.0273 0.0454
0 0.8521 0.4392 0.0283 0.0498
0 0.7622 0.5783 0.0303 0.0498
0 0.8882 0.5805 0.0303 0.0483
