0 0.9702 0.0929 0.0518 0.0642
0 0.6504 0.2449 0.0918 0.0827
0 0.6953 0.2838 0.0527 0.0567
0 0.5098 0.2158 0.2383 0.2145
0 0.7754 0.2923 0.0195 0.0164
0 0.7793 0.2251 0.0156 0.0157
0 0.3833 0.2592 0.0791 0.0622
0 0.3364 0.2995 0.0459 0.0403
0 0.2627 0.2613 0.0645 0.0594
0 0.1787 0.2995 0.1035 0.084
0 0.0469 0.2886 0.0586 0.0581
0 0.2944 0.2678 0.0225 0.0219
0 0.3052 0.2131 0.0225 0.0123
0 0.1772 0.2247 0.0146 0.0123
0 0.1138 0.2251 0.0166 0.013
0 0.0737 0.2087 0.0146 0.0143
0 0.0552 0.2237 0.0166 0.0157
0 0.02 0.2087 0.0186 0.0157
0 0.1333 0.194 0.0166 0.0123
0 0.3423 0.2196 0.0186 0.0171
