0 0.0229 0.0334 0.0107 0.0136
0 0.0542 0.0364 0.0088 0.0091
0 0.1763 0.0263 0.0146 0.0058
0 0.0576 0.0802 0.0117 0.0162
0 0.1084 0.1039 0.0195 0.0156
0 0.0322 0.1383 0.0215 0.0208
0 0.2026 0.1484 0.0205 0.0214
0 0.0503 0.1838 0.0225 0.0182
0 0.1494 0.1782 0.0215 0.0175
0 0.1128 0.2792 0.0303 0.026
0 0.2622 0.2289 0.1104 0.1084
0 0.2456 0.1263 0.0205 0.0175
0 0.3047 0.1539 0.0156 0.0208
0 0.3794 0.1568 0.0225 0.0201
0 0.3281 0.1127 0.0195 0.0188
0 0.3555 0.0896 0.0137 0.0117
0 0.3599 0.062 0.0107 0.011
0 0.5137 0.1799 0.1309 0.113
0 0.7222 0.1896 0.1006 0.1039
0 0.8335 0.1312 0.0186 0.0195
0 0.3682 0.0318 0.0176 0.0117
0 0.4028 0.0256 0.0146 0.0162
0 0.4292 0.0974 0.0225 0.013
0 0.4097 0.0942 0.0166 0.0117
0 0.499 0.0256 0.0137 0.0097
0 0.5518 0.0386 0.0117 0.0097
0 0.606 0.0623 0.0146 0.013
0 0.5474 0.0675 0.0146 0.0156
0 0.5962 0.1302 0.0146 0.011
0 0.3433 0.1419 0.0146 0.0136
0 0.6675 0.0601 0.0146 0.0123
0 0.6919 0.0718 0.0146 0.0123
0 0.9434 0.0883 0.0195 0.0195
0 0.9692 0.1091 0.0146 0.0143
0 0.9067 0.0464 0.0107 0.011
0 0.9194 0.2461 0.0771 0.0675
0 0.7944 0.1088 0.0146 0.0149
0 0.686 0.0477 0.0127 0.011
