0 0.1304 0.0994 0.1475 0.1504
0 0.4092 0.3097 0.1973 0.2955
0 0.7031 0.5131 0.1602 0.2187
0 0.3423 0.0883 0.0225 0.0379
0 0.3779 0.0957 0.0273 0.0463
0 0.4277 0.1141 0.0352 0.0431
0 0.4941 0.1004 0.0312 0.0494
0 0.6094 0.133 0.0391 0.0515
0 0.6846 0.1372 0.0508 0.0641
0 0.7441 0.1335 0.0293 0.0463
0 0.8267 0.1661 0.0615 0.0652
0 0.9028 0.1498 0.0479 0.0578
0 0.2383 0.03 0.0176 0.0221
0 0.3071 0.0484 0.0166 0.021
0 0.3228 0.0247 0.0225 0.0263
0 0.3574 0.0705 0.0234 0.0273
0 0.3691 0.0452 0.0176 0.0231
0 0.3828 0.0315 0.0176 0.0189
0 0.4238 0.0573 0.0234 0.0326
0 0.522 0.0499 0.0166 0.0221
0 0.5264 0.0973 0.0195 0.0284
0 0.4463 0.0973 0.0234 0.0305
0 0.6016 0.0925 0.0234 0.0252
0 0.6558 0.0426 0.0146 0.0158
0 0.624 0.0715 0.0195 0.0189
0 0.6948 0.062 0.0146 0.0168
0 0.7856 0.1251 0.0322 0.0505
0 0.8193 0.0915 0.0195 0.0294
0 0.8413 0.1004 0.0166 0.0221
0 0.8604 0.133 0.0234 0.0263
0 0.9414 0.1462 0.0254 0.0379
