0 0.0615 0.5742 0.0059 0.0104
0 0.0405 0.5443 0.0068 0.013
0 0.1284 0.5951 0.0068 0.013
0 0.1919 0.5638 0.0049 0.0104
0 0.1836 0.5456 0.0039 0.0078
0 0.0659 0.5638 0.0049 0.0078
0 0.2515 0.6348 0.0068 0.0143
0 0.1938 0.6296 0.0068 0.0117
0 0.3003 0.6348 0.0068 0.0117
0 0.269 0.5866 0.0049 0.0091
0 0.3364 0.8229 0.0537 0.0833
0 0.1646 0.6927 0.0264 0.0391
0 0.2505 0.668 0.0088 0.0182
0 0.3867 0.6556 0.0098 0.0169
0 0.5732 0.804 0.0312 0.0586
0 0.6851 0.9082 0.0479 0.1159
0 0.8179 0.6335 0.0088 0.0143
0 0.8037 0.6465 0.0078 0.0143
0 0.9082 0.6243 0.0098 0.0143
0 0.9883 0.6185 0.0078 0.013
0 0.9648 0.7448 0.0117 0.0208
0 0.9229 0.7741 0.0098 0.0169
0 0.7495 0.7493 0.0088 0.0195
0 0.7769 0.6517 0.0107 0.0117
0 0.4697 0.6419 0.0098 0.0156
0 0.4092 0.64 0.0059 0.0143
0 0.9204 0.5514 0.0049 0.0091
0 0.938 0.5586 0.0049 0.0078
0 0.9614 0.5527 0.0049 0.0091
0 0.9771 0.556 0.0049 0.0078
0 0.9785 0.5352 0.0039 0.0078
0 0.9395 0.5286 0.0039 0.0078
0 0.9072 0.5475 0.0039 0.0065
0 0.5142 0.5137 0.0049 0.0065
0 0.4976 0.5052 0.0049 0.0078
0 0.4419 0.5052 0.0049 0.0078
0 0.416 0.5085 0.0039 0.0065
0 0.4326 0.5124 0.0039 0.0065
0 0.5884 0.4961 0.0049 0.0078
