0 0.4233 0.3503 0.0596 0.1131
0 0.6655 0.184 0.0557 0.1029
0 0.0898 0.092 0.0195 0.0377
0 0.2026 0.1029 0.0186 0.0366
0 0.1045 0.2823 0.0254 0.0434
0 0.2104 0.2851 0.0205 0.04
0 0.2925 0.292 0.0186 0.04
0 0.312 0.2829 0.0166 0.04
0 0.4961 0.2783 0.0156 0.0263
0 0.3384 0.1097 0.0186 0.0343
0 0.0645 0.1046 0.0215 0.0377
0 0.0225 0.2703 0.0254 0.0514
0 0.2217 0.2731 0.0176 0.0343
0 0.3271 0.2869 0.0137 0.0366
0 0.6167 0.2686 0.0166 0.0274
0 0.5181 0.2691 0.0166 0.0286
0 0.5454 0.2663 0.0166 0.0251
0 0.1108 0.084 0.0186 0.04
0 0.1655 0.0949 0.0244 0.0366
0 0.0693 0.2777 0.0195 0.0389
0 0.2886 0.124 0.0166 0.0286
0 0.396 0.1217 0.0205 0.04
0 0.4517 0.2749 0.0166 0.0309
0 0.4707 0.2566 0.0176 0.0286
0 0.4697 0.1674 0.0156 0.0309
0 0.8252 0.2674 0.0137 0.0251
0 0.7729 0.1994 0.0146 0.0217
0 0.9072 0.204 0.0137 0.0217
0 0.8657 0.1846 0.0146 0.0194
0 0.8169 0.3251 0.0146 0.0217
0 0.644 0.2674 0.0127 0.0183
0 0.6318 0.2766 0.0117 0.0206
0 0.1206 0.2834 0.0166 0.032
