0 0.0259 0.0422 0.0127 0.02
0 0.0562 0.0461 0.0127 0.0233
0 0.0371 0.0749 0.0137 0.0211
0 0.0176 0.0921 0.0156 0.0178
0 0.0181 0.1382 0.0166 0.0233
0 0.0635 0.1271 0.0176 0.0233
0 0.1006 0.1448 0.0137 0.0233
0 0.0737 0.1099 0.0166 0.0222
0 0.0747 0.0838 0.0146 0.0211
0 0.0947 0.0466 0.0137 0.0244
0 0.0991 0.0228 0.0127 0.0189
0 0.1475 0.0139 0.0117 0.0211
0 0.1826 0.0161 0.0137 0.0211
0 0.1665 0.0888 0.0127 0.02
0 0.1484 0.1554 0.0137 0.0222
0 0.1997 0.1498 0.0146 0.0244
0 0.2012 0.0816 0.0117 0.0211
0 0.2373 0.0677 0.0137 0.0222
0 0.2192 0.0266 0.0127 0.02
0 0.2529 0.0094 0.0137 0.0166
0 0.5503 0.0733 0.0146 0.0222
0 0.5684 0.1315 0.0156 0.0211
0 0.6987 0.1299 0.0166 0.02
0 0.7847 0.1276 0.0166 0.0222
0 0.8975 0.1254 0.0176 0.02
0 0.8848 0.1709 0.0137 0.02
0 0.8926 0.2087 0.0176 0.0266
0 0.7192 0.1859 0.0146 0.0166
0 0.748 0.1765 0.0137 0.0244
0 0.835 0.035 0.0137 0.0233
0 0.9253 0.0527 0.0146 0.0233
0 0.7124 0.0777 0.0127 0.02
0 0.667 0.0721 0.0137 0.0222
0 0.54 0.2336 0.043 0.0744
0 0.5127 0.1287 0.0176 0.0266
0 0.3901 0.2081 0.0225 0.0366
0 0.3481 0.1709 0.001 0.0
0 0.3779 0.187 0.0234 0.0411
0 0.4722 0.2897 0.0498 0.0866
0 0.979 0.056 0.0146 0.0233
0 0.9897 0.217 0.0166 0.0721
0 0.6421 0.1987 0.0166 0.0244
0 0.5195 0.1937 0.0156 0.0255
0 0.7896 0.0494 0.0127 0.0189
0 0.6743 0.0155 0.0127 0.0111
0 0.0332 0.025 0.0117 0.0166
0 0.4277 0.0055 0.0137 0.0133
