0 0.4155 0.2407 0.0596 0.0371
0 0.1748 0.5583 0.0234 0.0208
0 0.0596 0.6362 0.0156 0.0163
0 0.3096 0.6189 0.0117 0.0117
0 0.2646 0.6055 0.0117 0.0124
0 0.0679 0.5857 0.0127 0.0104
0 0.1011 0.5678 0.0146 0.0124
0 0.749 0.2345 0.0625 0.0365
0 0.7915 0.6261 0.0088 0.0091
0 0.8364 0.6241 0.0107 0.0091
0 0.0029 0.6208 0.0078 0.0143
0 0.0244 0.6397 0.0195 0.0143
0 0.0415 0.6221 0.0127 0.0104
0 0.0425 0.5596 0.0146 0.0143
0 0.0542 0.5349 0.0127 0.0117
0 0.0312 0.5251 0.0156 0.0117
0 0.1045 0.5235 0.0137 0.0098
0 0.1392 0.5358 0.0127 0.0111
0 0.1367 0.5743 0.0117 0.0111
0 0.1802 0.5358 0.0127 0.0098
0 0.1895 0.5564 0.0117 0.0117
0 0.2109 0.5651 0.0137 0.0111
0 0.2295 0.5671 0.0117 0.0124
0 0.2212 0.5443 0.0107 0.0085
0 0.2056 0.5482 0.0127 0.0085
0 0.2412 0.5375 0.0098 0.0091
0 0.2607 0.544 0.0117 0.0078
0 0.2285 0.5427 0.0078 0.0078
0 0.2612 0.5664 0.0127 0.0111
0 0.2744 0.5674 0.0098 0.0091
0 0.293 0.5704 0.0137 0.0098
0 0.2705 0.5414 0.0078 0.0104
0 0.2891 0.5469 0.0098 0.0072
0 0.2002 0.5388 0.0137 0.0078
0 0.3193 0.5674 0.0098 0.0078
0 0.3262 0.5684 0.0098 0.0098
0 0.3369 0.5704 0.0098 0.0098
0 0.3662 0.5993 0.0156 0.0117
0 0.3711 0.5837 0.0176 0.013
0 0.4238 0.627 0.0156 0.0111
0 0.4341 0.6329 0.0146 0.0111
0 0.8745 0.6274 0.0107 0.0104
