0 0.9209 0.2403 0.0352 0.0453
0 0.9043 0.2611 0.0273 0.0236
0 0.833 0.2824 0.0312 0.0372
0 0.7764 0.2937 0.0352 0.0417
0 0.6987 0.2792 0.0303 0.0363
0 0.7241 0.2167 0.0264 0.029
0 0.6016 0.0367 0.0234 0.0209
0 0.6675 0.0793 0.0264 0.0317
0 0.7183 0.1559 0.0322 0.0399
0 0.5991 0.1065 0.0244 0.0317
0 0.6099 0.1392 0.0244 0.0317
0 0.5693 0.1868 0.0332 0.0544
0 0.6841 0.2575 0.0283 0.0308
0 0.626 0.2248 0.0293 0.0381
0 0.6494 0.3024 0.0527 0.0626
0 0.5356 0.2842 0.0342 0.0499
0 0.5142 0.2788 0.0225 0.0263
0 0.4927 0.0603 0.0205 0.0299
0 0.4951 0.1487 0.0273 0.0326
0 0.3887 0.0331 0.0215 0.0263
0 0.4082 0.0698 0.0254 0.0308
0 0.3706 0.1759 0.0244 0.029
0 0.3081 0.0354 0.0283 0.0272
0 0.228 0.049 0.0264 0.0326
0 0.228 0.0802 0.0303 0.0354
0 0.2515 0.1967 0.0322 0.0345
0 0.3906 0.2461 0.0332 0.0408
0 0.4492 0.2779 0.0332 0.0408
0 0.2944 0.2566 0.0498 0.0762
0 0.2378 0.2937 0.0264 0.0363
0 0.0195 0.0712 0.0254 0.0317
0 0.084 0.073 0.0293 0.0317
0 0.1528 0.0426 0.0244 0.0308
0 0.1338 0.0956 0.0312 0.0335
0 0.1792 0.1664 0.0264 0.0335
0 0.0747 0.1763 0.0264 0.0317
0 0.1084 0.214 0.0312 0.0326
0 0.0454 0.2253 0.0264 0.0335
0 0.0874 0.2511 0.0361 0.0417
0 0.168 0.3055 0.0312 0.0399
0 0.2568 0.3966 0.0332 0.0408
0 0.0547 0.4356 0.0352 0.0317
0 0.1763 0.4846 0.0361 0.0462
0 0.0132 0.1346 0.0244 0.0299
0 0.4502 0.015 0.0332 0.0317
0 0.1514 0.2316 0.0332 0.0426
