0 0.8726 0.1762 0.0283 0.0245
0 0.8511 0.1673 0.0186 0.0204
0 0.7046 0.1728 0.0283 0.0231
0 0.6748 0.1728 0.0098 0.0082
0 0.9399 0.1728 0.0068 0.0054
0 0.9756 0.166 0.0098 0.0082
0 0.71 0.2759 0.0293 0.0279
0 0.3022 0.2293 0.04 0.0327
0 0.2422 0.1867 0.0195 0.017
0 0.2085 0.1874 0.0186 0.0156
0 0.1812 0.2024 0.0166 0.0156
0 0.1406 0.1973 0.0195 0.015
0 0.0747 0.1827 0.0186 0.0143
0 0.0474 0.1949 0.0166 0.0129
0 0.0293 0.2092 0.0156 0.0143
0 0.0234 0.1905 0.0137 0.0122
0 0.1255 0.2075 0.0127 0.0109
0 0.2822 0.1932 0.0156 0.0163
0 0.3027 0.1905 0.0195 0.015
0 0.3389 0.1724 0.0195 0.017
0 0.2661 0.1813 0.0146 0.0129
