0 0.1313 0.3969 0.0127 0.019
0 0.2158 0.4094 0.0117 0.0234
0 0.2456 0.4145 0.0088 0.0132
0 0.2681 0.4189 0.0088 0.0132
0 0.2773 0.3516 0.0078 0.0161
0 0.2456 0.3414 0.0088 0.0161
0 0.2241 0.3194 0.0088 0.0161
0 0.1919 0.3275 0.0088 0.0146
0 0.0806 0.4181 0.0088 0.0146
0 0.0356 0.2961 0.0068 0.0102
0 0.0342 0.2712 0.0078 0.0132
0 0.4268 0.4379 0.0137 0.0219
0 0.4233 0.3918 0.0107 0.0175
0 0.3447 0.4284 0.0078 0.0146
0 0.3584 0.3933 0.0098 0.0175
0 0.2778 0.2785 0.0088 0.019
0 0.5029 0.3501 0.0078 0.019
0 0.4824 0.3618 0.0078 0.0161
0 0.3193 0.3545 0.0078 0.0161
0 0.7051 0.4539 0.0137 0.0307
0 0.6748 0.4496 0.0098 0.0219
0 0.5532 0.3165 0.0068 0.0161
0 0.9165 0.451 0.0127 0.0249
0 0.9722 0.5285 0.0107 0.0219
0 0.7563 0.4817 0.0107 0.019
0 0.7676 0.3056 0.0078 0.0146
0 0.7886 0.326 0.0068 0.0117
0 0.9092 0.3582 0.0078 0.0175
0 0.8467 0.345 0.0078 0.0146
0 0.8408 0.3129 0.0078 0.0146
0 0.9355 0.28 0.0078 0.0132
0 0.917 0.3268 0.0078 0.0132
0 0.8345 0.5124 0.0088 0.0161
0 0.8257 0.4985 0.0088 0.0175
0 0.8262 0.4759 0.0098 0.0161
0 0.0371 0.3889 0.0078 0.0175
0 0.0444 0.3589 0.0068 0.0161
0 0.0449 0.3297 0.0078 0.0161
0 0.1001 0.3136 0.0068 0.0132
0 0.1172 0.3107 0.0078 0.0132
0 0.002 0.2705 0.0059 0.0117
0 0.1914 0.3048 0.0078 0.0132
0 0.2163 0.3012 0.0068 0.0117
0 0.2451 0.2953 0.0078 0.0146
0 0.2661 0.2924 0.0088 0.0146
0 0.2993 0.3692 0.0068 0.0132
0 0.293 0.413 0.0078 0.0132
0 0.2021 0.3947 0.0078 0.0146
0 0.2832 0.3216 0.0078 0.0117
0 0.2549 0.3246 0.0078 0.0146
0 0.311 0.3194 0.0088 0.0132
0 0.3008 0.3004 0.0078 0.0132
0 0.3315 0.337 0.0068 0.0132
0 0.3477 0.3721 0.0078 0.0161
0 0.3721 0.3531 0.0078 0.0132
0 0.3496 0.3048 0.0098 0.0161
0 0.3379 0.4042 0.0078 0.0132
0 0.395 0.3377 0.0088 0.0146
0 0.3896 0.3816 0.0059 0.0117
0 0.4028 0.3918 0.0088 0.0146
0 0.4458 0.3575 0.0088 0.0161
0 0.4482 0.3268 0.0078 0.0161
0 0.4238 0.3275 0.0078 0.0146
0 0.4009 0.2639 0.0088 0.019
0 0.4585 0.2829 0.0088 0.019
0 0.4326 0.2902 0.0078 0.0132
0 0.4507 0.2646 0.0068 0.0117
0 0.4761 0.3341 0.0088 0.0161
0 0.5029 0.326 0.0078 0.0146
0 0.5278 0.3348 0.0068 0.0146
0 0.5293 0.2851 0.0078 0.0117
0 0.4922 0.2822 0.0078 0.0175
0 0.5771 0.2946 0.0078 0.0132
0 0.6792 0.3443 0.0088 0.0161
0 0.6587 0.3341 0.0068 0.0161
0 0.6934 0.3823 0.0098 0.0132
0 0.5918 0.3882 0.0078 0.0161
0 0.6211 0.3538 0.0078 0.0146
0 0.6479 0.3728 0.0068 0.0117
0 0.5386 0.3567 0.0088 0.0146
0 0.8276 0.3472 0.0088 0.0161
0 0.7568 0.4189 0.0078 0.0161
0 0.8003 0.4876 0.0107 0.0161
0 0.8496 0.3969 0.0078 0.0132
0 0.7949 0.4598 0.0098 0.0132
0 0.7788 0.4218 0.0068 0.0161
0 0.8931 0.3706 0.0068 0.0132
0 0.8726 0.3735 0.0068 0.0132
0 0.8623 0.3611 0.0078 0.0146
0 0.9028 0.3355 0.0068 0.0132
0 0.895 0.3121 0.0068 0.0102
0 0.9375 0.3377 0.0078 0.0146
0 0.9229 0.3538 0.0078 0.0146
0 0.938 0.4547 0.0088 0.0146
0 0.978 0.4452 0.0088 0.0132
0 0.9917 0.462 0.0088 0.0175
0 0.9702 0.4094 0.0088 0.0146
0 0.9468 0.4145 0.0088 0.0161
0 0.9766 0.3129 0.0098 0.0175
0 0.9624 0.2865 0.0088 0.0146
0 0.9771 0.2829 0.0088 0.0132
0 0.9375 0.2961 0.0078 0.0102
0 0.8789 0.2873 0.0078 0.0132
0 0.854 0.3297 0.0068 0.0102
0 0.896 0.2822 0.0068 0.0117
0 0.9077 0.2712 0.0068 0.0132
0 0.918 0.2624 0.0059 0.0132
0 0.9336 0.2522 0.0078 0.0132
0 0.9702 0.2471 0.0068 0.0146
0 0.9609 0.2405 0.0059 0.0102
0 0.9268 0.2178 0.0078 0.0117
0 0.895 0.3282 0.0068 0.0132
0 0.9858 0.2303 0.0088 0.0132
0 0.9507 0.2222 0.0049 0.0117
0 0.9634 0.2288 0.0068 0.0132
0 0.8721 0.4883 0.0098 0.0292
0 0.9741 0.4993 0.0088 0.019
0 0.8828 0.3947 0.0078 0.0146
