0 0.3984 0.2765 0.084 0.1559
0 0.1729 0.2618 0.082 0.1559
0 0.6587 0.0728 0.0811 0.1426
0 0.9512 0.0816 0.0508 0.1044
0 0.4971 0.1471 0.0156 0.0324
0 0.3457 0.1279 0.0117 0.0265
0 0.2778 0.1529 0.0146 0.0265
0 0.2256 0.1691 0.0137 0.0265
0 0.3247 0.164 0.0107 0.0221
0 0.2949 0.0426 0.0176 0.0294
0 0.3843 0.0382 0.0146 0.0324
0 0.0283 0.0603 0.0098 0.0206
0 0.0986 0.1801 0.0176 0.0338
0 0.4458 0.1044 0.0127 0.0235
0 0.4111 0.114 0.0156 0.025
0 0.3008 0.1625 0.0137 0.025
0 0.0073 0.1949 0.0107 0.0279
