0 0.9336 0.0542 0.0352 0.0405
0 0.8379 0.0589 0.0293 0.0349
0 0.8208 0.1023 0.0322 0.0349
0 0.8667 0.1338 0.0361 0.0415
0 0.873 0.2201 0.0371 0.0405
0 0.7651 0.0264 0.0283 0.032
0 0.6938 0.0509 0.0264 0.0302
0 0.6934 0.1494 0.0254 0.0273
0 0.7051 0.1833 0.0312 0.0349
0 0.7104 0.2554 0.0342 0.0434
0 0.7095 0.3134 0.0322 0.0368
0 0.8062 0.2851 0.0361 0.0424
0 0.8501 0.2762 0.0322 0.0339
0 0.8462 0.238 0.0322 0.0349
0 0.9351 0.2846 0.0361 0.0471
0 0.9316 0.2502 0.0352 0.0405
0 0.9546 0.2347 0.0342 0.0358
0 0.9746 0.2201 0.0293 0.0349
0 0.9829 0.3303 0.0322 0.0405
0 0.9038 0.3582 0.04 0.0415
0 0.8696 0.3417 0.0342 0.0368
0 0.8892 0.3073 0.0381 0.0415
0 0.9653 0.393 0.0361 0.0396
0 0.8525 0.3916 0.041 0.0405
0 0.7769 0.3567 0.04 0.0386
0 0.6294 0.3516 0.0381 0.0396
0 0.6616 0.3483 0.0342 0.0424
0 0.6426 0.1739 0.0293 0.033
0 0.6084 0.1041 0.0273 0.0311
0 0.5396 0.0278 0.0283 0.0311
0 0.6138 0.0099 0.0303 0.0179
0 0.5122 0.1084 0.0264 0.0339
0 0.5244 0.1527 0.0312 0.0377
0 0.5859 0.1833 0.0332 0.033
0 0.5562 0.2757 0.0322 0.0386
0 0.5796 0.2493 0.0283 0.0349
0 0.6094 0.3082 0.0352 0.0415
0 0.5244 0.3073 0.0352 0.0358
0 0.5161 0.2568 0.0303 0.033
0 0.4087 0.0075 0.0303 0.017
0 0.3501 0.0259 0.0303 0.0349
0 0.4521 0.0325 0.0312 0.0368
0 0.498 0.0057 0.0332 0.0132
0 0.229 0.1079 0.0322 0.0368
0 0.1089 0.123 0.0303 0.0349
0 0.1758 0.2196 0.0371 0.0415
0 0.1914 0.2592 0.0332 0.0339
0 0.2891 0.1937 0.0312 0.0349
0 0.251 0.147 0.0293 0.0339
0 0.3169 0.1089 0.0283 0.033
0 0.3989 0.1489 0.0342 0.0339
0 0.3892 0.1918 0.0322 0.0349
0 0.3647 0.2389 0.0381 0.0368
0 0.4507 0.2729 0.0342 0.0424
0 0.4619 0.2399 0.0371 0.0443
0 0.4863 0.319 0.0371 0.0386
0 0.2524 0.009 0.0303 0.0198
0 0.0127 0.0071 0.0273 0.016
0 0.0044 0.1155 0.0107 0.0349
0 0.3208 0.2587 0.0322 0.0368
0 0.3135 0.2856 0.0371 0.0396
0 0.1899 0.3308 0.0342 0.0358
0 0.0923 0.3402 0.0303 0.032
0 0.061 0.3124 0.0381 0.0424
0 0.0649 0.3728 0.0381 0.0386
0 0.0522 0.5457 0.0479 0.0528
0 0.0581 0.5033 0.04 0.0547
0 0.1826 0.565 0.0488 0.0518
0 0.2261 0.5042 0.0439 0.0528
0 0.249 0.4581 0.0332 0.0434
0 0.2861 0.4189 0.0332 0.0386
0 0.3032 0.3883 0.0342 0.0452
0 0.1758 0.4001 0.041 0.0424
0 0.2012 0.3897 0.0312 0.0443
0 0.0938 0.4251 0.0449 0.0471
0 0.0078 0.5457 0.0176 0.0547
0 0.0073 0.3812 0.0166 0.0462
0 0.0366 0.3035 0.0244 0.0339
0 0.0059 0.2828 0.0137 0.0415
0 0.4434 0.4161 0.0605 0.0669
0 0.3955 0.3756 0.0566 0.0688
0 0.5156 0.3982 0.043 0.0386
0 0.5859 0.4142 0.043 0.05
0 0.519 0.4694 0.0439 0.049
0 0.5928 0.5316 0.0508 0.0566
0 0.6333 0.525 0.0439 0.0566
0 0.6851 0.5179 0.0459 0.0613
0 0.6782 0.4665 0.042 0.0509
0 0.7563 0.4797 0.0439 0.0547
0 0.7241 0.4265 0.0439 0.0462
0 0.7651 0.4095 0.0342 0.0462
0 0.8506 0.5009 0.0488 0.0537
0 0.8691 0.4369 0.0391 0.0481
0 0.646 0.4025 0.0381 0.0452
0 0.5107 0.3699 0.0371 0.0424
0 0.3442 0.2149 0.0303 0.0339
0 0.9692 0.5419 0.0479 0.0566
0 0.9873 0.5075 0.0234 0.0481
0 0.9912 0.1357 0.0156 0.0396
0 0.3013 0.0047 0.0225 0.0113
