0 0.5889 0.2991 0.0488 0.1035
0 0.668 0.3501 0.0195 0.0309
0 0.0469 0.1405 0.0195 0.0336
0 0.0239 0.1956 0.0146 0.0309
0 0.0454 0.295 0.0186 0.0309
0 0.0605 0.3138 0.0215 0.0336
0 0.0947 0.2641 0.0195 0.0309
0 0.0693 0.2446 0.0195 0.0269
0 0.0806 0.1989 0.0186 0.0296
0 0.1309 0.1452 0.0156 0.0269
0 0.1479 0.166 0.0166 0.0282
0 0.1724 0.2292 0.0166 0.0228
0 0.2896 0.2581 0.0186 0.0296
0 0.3164 0.4147 0.0195 0.0336
0 0.2974 0.418 0.0146 0.0349
0 0.3721 0.4032 0.0215 0.0349
0 0.52 0.3239 0.0166 0.0349
0 0.9404 0.379 0.0176 0.0242
0 0.9463 0.2829 0.0176 0.0309
0 0.9858 0.25 0.0146 0.0269
0 0.8101 0.2191 0.0186 0.0269
0 0.7896 0.2762 0.0186 0.0282
0 0.7612 0.3488 0.0166 0.0282
0 0.7393 0.3374 0.0117 0.0242
0 0.7437 0.2849 0.0146 0.0242
0 0.7598 0.2285 0.0137 0.0242
0 0.6421 0.0598 0.0146 0.0282
0 0.73 0.0484 0.0166 0.0242
0 0.7549 0.0517 0.0117 0.0309
0 0.0244 0.1519 0.0137 0.0269
0 0.1748 0.2722 0.0176 0.0255
0 0.2471 0.2641 0.0293 0.0847
0 0.7139 0.0108 0.0156 0.0215
0 0.8267 0.0087 0.0146 0.0202
0 0.8242 0.0336 0.0137 0.0215
0 0.9551 0.4099 0.0176 0.0242
