0 0.6655 0.3041 0.0381 0.078
0 0.1313 0.7301 0.0107 0.0228
0 0.1479 0.7033 0.0088 0.0211
0 0.167 0.7341 0.0117 0.0244
0 0.1865 0.7065 0.0117 0.0244
0 0.2192 0.7073 0.0127 0.0228
0 0.2441 0.6886 0.0117 0.0244
0 0.0967 0.7553 0.0117 0.0244
0 0.0791 0.7268 0.0098 0.0228
0 0.0933 0.7301 0.0107 0.0195
0 0.0454 0.7642 0.0127 0.026
0 0.0366 0.7195 0.0107 0.0211
0 0.0024 0.7423 0.0068 0.0276
0 0.4146 0.6919 0.0068 0.0146
0 0.4409 0.6821 0.0088 0.0211
0 0.4229 0.6748 0.0078 0.013
0 0.3979 0.6959 0.0088 0.0195
0 0.4707 0.6797 0.0078 0.013
0 0.5054 0.6805 0.0068 0.0146
0 0.5283 0.6756 0.0059 0.0114
0 0.5762 0.6813 0.0059 0.0163
0 0.8672 0.6382 0.0078 0.0179
0 0.7388 0.6659 0.0068 0.0146
0 0.769 0.6886 0.0088 0.0146
0 0.7852 0.6398 0.0098 0.0179
0 0.0649 0.7309 0.0127 0.0244
0 0.3091 0.3707 0.0361 0.0748
0 0.375 0.6805 0.0059 0.0146
0 0.3828 0.6659 0.0078 0.0179
0 0.1929 0.7089 0.0088 0.0163
0 0.1069 0.7431 0.0107 0.0163
0 0.5615 0.6846 0.0059 0.0163
0 0.5195 0.7 0.0059 0.0114
0 0.7949 0.6366 0.0078 0.0146
