0 0.1406 0.1043 0.0078 0.0159
0 0.0752 0.1177 0.0117 0.0207
0 0.0991 0.128 0.0088 0.0171
0 0.1304 0.1561 0.0127 0.0244
0 0.0835 0.1494 0.0088 0.0134
0 0.0205 0.1927 0.0137 0.022
0 0.0527 0.1982 0.0137 0.0232
0 0.082 0.2018 0.0117 0.0207
0 0.1201 0.2311 0.0137 0.0256
0 0.1587 0.2098 0.0107 0.022
0 0.2026 0.2506 0.0127 0.0232
0 0.1714 0.2451 0.0127 0.0244
0 0.1421 0.2677 0.0127 0.0232
0 0.1045 0.2982 0.0156 0.0305
0 0.0786 0.2957 0.0127 0.0256
0 0.064 0.239 0.0107 0.0268
0 0.0376 0.2512 0.0127 0.0268
0 0.0332 0.2994 0.0156 0.0232
0 0.1221 0.3463 0.0137 0.0244
0 0.166 0.3604 0.0117 0.0256
0 0.1929 0.3652 0.0127 0.0207
0 0.1382 0.2939 0.0127 0.0171
0 0.1831 0.2817 0.0107 0.0195
0 0.1904 0.297 0.0137 0.0232
0 0.2104 0.3622 0.0107 0.0195
0 0.0352 0.5037 0.0273 0.0488
0 0.0791 0.4848 0.0254 0.0427
0 0.105 0.5085 0.0166 0.0268
0 0.1484 0.5043 0.0254 0.0451
0 0.1919 0.5171 0.0303 0.0415
0 0.3491 0.175 0.042 0.0963
0 0.5923 0.3348 0.0459 0.0793
0 0.4229 0.4634 0.0137 0.022
0 0.4062 0.5341 0.0137 0.0268
0 0.4238 0.5348 0.0137 0.028
0 0.4438 0.3256 0.0127 0.0195
0 0.5044 0.3427 0.0146 0.022
0 0.4502 0.386 0.0098 0.0183
0 0.5024 0.3762 0.0107 0.0232
0 0.4062 0.5774 0.0176 0.0232
0 0.6689 0.253 0.0391 0.0622
0 0.8516 0.0274 0.0156 0.0232
0 0.8716 0.1573 0.0088 0.0171
0 0.938 0.1409 0.0107 0.0207
0 0.7998 0.2811 0.0098 0.0207
0 0.7729 0.3189 0.0068 0.0183
0 0.8296 0.3555 0.0107 0.0232
0 0.8311 0.3189 0.0078 0.0207
0 0.8838 0.3506 0.0117 0.0256
0 0.8809 0.2573 0.0098 0.022
0 0.7891 0.3079 0.0117 0.0183
0 0.8164 0.3098 0.0078 0.0146
0 0.9307 0.247 0.0098 0.0183
0 0.9541 0.2787 0.0117 0.0207
0 0.9238 0.2768 0.0098 0.022
0 0.9507 0.3171 0.0107 0.0146
0 0.9331 0.353 0.0127 0.0183
0 0.8823 0.389 0.0146 0.0195
0 0.8462 0.4 0.0146 0.0195
0 0.9302 0.3878 0.0186 0.022
0 0.98 0.3915 0.0088 0.0195
0 0.811 0.5079 0.0146 0.0207
0 0.7847 0.5476 0.0186 0.0341
0 0.8076 0.5701 0.0176 0.028
0 0.8394 0.547 0.0205 0.0354
0 0.834 0.603 0.0156 0.0232
0 0.8774 0.5659 0.0146 0.0244
0 0.9067 0.5756 0.0146 0.0244
0 0.9805 0.5055 0.0117 0.0207
0 0.9648 0.3555 0.0156 0.0305
0 0.981 0.2476 0.0127 0.0244
0 0.918 0.5585 0.0137 0.0244
0 0.8442 0.3494 0.0127 0.0207
