0 0.0381 0.3203 0.0117 0.0182
0 0.0723 0.3314 0.0117 0.0195
0 0.0928 0.3138 0.0137 0.0182
0 0.1196 0.304 0.0107 0.0169
0 0.1406 0.2962 0.0098 0.0169
0 0.1655 0.2845 0.0107 0.0195
0 0.1104 0.2507 0.0117 0.0169
0 0.1172 0.2318 0.0078 0.0156
0 0.1392 0.2246 0.0107 0.0169
0 0.0664 0.25 0.0117 0.0156
0 0.0366 0.276 0.0107 0.0156
0 0.0098 0.2826 0.0098 0.0156
0 0.147 0.3587 0.0107 0.0169
0 0.1689 0.3568 0.0098 0.0156
0 0.1118 0.4167 0.0107 0.0156
0 0.0229 0.4596 0.0107 0.0156
0 0.2139 0.3841 0.0098 0.0182
0 0.2349 0.3672 0.0107 0.0182
0 0.2783 0.3587 0.0117 0.0169
0 0.2974 0.3568 0.0107 0.0182
0 0.3081 0.3151 0.0107 0.0156
0 0.3311 0.2865 0.0098 0.0182
0 0.2939 0.2363 0.0098 0.0143
0 0.3159 0.2305 0.0107 0.0156
0 0.2705 0.2643 0.0098 0.0156
0 0.2349 0.3216 0.0107 0.0156
0 0.2612 0.3236 0.0107 0.0169
0 0.1821 0.2214 0.0088 0.0156
0 0.2041 0.2109 0.0098 0.013
0 0.2271 0.2064 0.0107 0.0169
0 0.1958 0.2676 0.0127 0.0195
0 0.334 0.3522 0.0098 0.0143
0 0.2715 0.4271 0.0117 0.0156
0 0.2495 0.4336 0.0107 0.0156
0 0.189 0.4538 0.0107 0.0195
0 0.1621 0.4564 0.0137 0.0195
0 0.3188 0.418 0.0107 0.0182
0 0.2803 0.4232 0.0098 0.0182
0 0.4375 0.3164 0.0098 0.0156
0 0.4077 0.3275 0.0107 0.0195
0 0.46 0.3652 0.0117 0.0195
0 0.6665 0.403 0.0107 0.0169
0 0.5571 0.3353 0.0107 0.0169
0 0.5752 0.321 0.0117 0.0169
0 0.606 0.3184 0.0107 0.0169
0 0.6357 0.2233 0.0117 0.0169
0 0.542 0.2682 0.0098 0.0182
0 0.5649 0.2591 0.0107 0.013
0 0.5127 0.278 0.0098 0.0143
0 0.5005 0.2793 0.0107 0.0169
0 0.4761 0.2467 0.0127 0.0169
0 0.4512 0.2461 0.0098 0.0156
0 0.4961 0.2214 0.0098 0.0182
0 0.5244 0.2155 0.0117 0.0169
0 0.502 0.1771 0.0117 0.0182
0 0.4805 0.1875 0.0117 0.0156
0 0.4077 0.2044 0.0088 0.0156
0 0.3384 0.1738 0.0088 0.0143
0 0.3462 0.166 0.0088 0.0143
0 0.4092 0.138 0.0098 0.0156
0 0.3013 0.1745 0.0107 0.0156
0 0.9434 0.1504 0.0117 0.0195
0 0.9902 0.1589 0.0098 0.0182
0 0.9678 0.1068 0.0117 0.0182
0 0.9468 0.1074 0.0088 0.0143
0 0.8921 0.1999 0.0107 0.0195
0 0.9395 0.1979 0.0098 0.0156
0 0.9644 0.2077 0.0107 0.0169
0 0.981 0.2135 0.0107 0.0182
0 0.9634 0.2487 0.0107 0.0182
0 0.9385 0.25 0.0098 0.0156
0 0.9072 0.2448 0.0098 0.0156
0 0.9121 0.3477 0.0117 0.0182
0 0.8384 0.3477 0.0107 0.0156
0 0.9634 0.4115 0.0107 0.0182
0 0.9873 0.3672 0.0117 0.0208
0 0.9561 0.3665 0.0117 0.0195
0 0.9595 0.4596 0.0107 0.0182
0 0.9224 0.4525 0.0107 0.0195
0 0.9312 0.4108 0.0107 0.0169
0 0.9019 0.4375 0.0107 0.0182
0 0.8857 0.4095 0.0078 0.0143
0 0.8579 0.4258 0.0107 0.0182
0 0.8623 0.3926 0.0117 0.0169
0 0.8335 0.3835 0.0107 0.0169
0 0.8218 0.4329 0.0107 0.0169
0 0.7915 0.4121 0.0107 0.0169
0 0.8052 0.3685 0.0107 0.0182
0 0.7588 0.4095 0.0117 0.0195
0 0.8936 0.3757 0.0098 0.0143
0 0.7734 0.6484 0.0117 0.0182
0 0.876 0.778 0.0098 0.0221
0 0.6055 0.6803 0.0117 0.0195
0 0.6187 0.6198 0.0127 0.0208
0 0.5547 0.6842 0.0137 0.0221
0 0.7305 0.7878 0.0098 0.0182
0 0.8223 0.778 0.0098 0.0169
0 0.2852 0.5749 0.0137 0.0221
0 0.2656 0.5801 0.0117 0.0117
0 0.0649 0.6641 0.0107 0.0182
0 0.748 0.2148 0.0098 0.0156
