0 0.6016 0.4323 0.0098 0.0091
0 0.5894 0.4834 0.0127 0.0111
0 0.5308 0.4587 0.0127 0.0085
0 0.6279 0.498 0.0117 0.0104
0 0.6685 0.4759 0.0264 0.026
0 0.7607 0.4225 0.043 0.0352
0 0.8638 0.444 0.0146 0.0091
0 0.918 0.4954 0.0176 0.013
0 0.9678 0.4232 0.0156 0.0104
0 0.9268 0.4303 0.0137 0.0104
0 0.812 0.4206 0.0107 0.0104
0 0.8364 0.3949 0.0107 0.0085
0 0.8647 0.3893 0.0107 0.0091
0 0.7358 0.3864 0.0107 0.0085
0 0.6885 0.387 0.0098 0.0085
0 0.6685 0.4355 0.0107 0.0091
0 0.6362 0.4391 0.0088 0.0085
0 0.8804 0.4307 0.0107 0.0124
0 0.9888 0.5111 0.0146 0.013
0 0.1099 0.4404 0.0264 0.0228
0 0.3384 0.4518 0.0166 0.0156
0 0.1714 0.4785 0.0381 0.0339
0 0.0601 0.4508 0.0088 0.0072
0 0.1743 0.4339 0.0088 0.0059
0 0.147 0.4264 0.0068 0.0052
0 0.3999 0.3467 0.0479 0.041
0 0.5073 0.4043 0.0088 0.0065
0 0.1382 0.4408 0.0107 0.0078
0 0.3086 0.4733 0.0137 0.0117
0 0.4507 0.4606 0.0146 0.0098
0 0.8491 0.4401 0.0146 0.0104
0 0.7344 0.4115 0.0137 0.013
