0 0.4551 0.1138 0.1133 0.1121
0 0.6138 0.1509 0.1123 0.0957
0 0.0239 0.0447 0.0244 0.026
0 0.0547 0.0473 0.0254 0.0243
0 0.0928 0.0866 0.0371 0.034
0 0.1499 0.0982 0.04 0.0357
0 0.2163 0.0838 0.04 0.034
0 0.2661 0.0569 0.04 0.0323
0 0.3022 0.0643 0.0283 0.0243
0 0.1602 0.0224 0.0254 0.0221
0 0.5259 0.0323 0.0439 0.034
0 0.6626 0.0328 0.0479 0.026
0 0.6602 0.0552 0.0391 0.0345
0 0.7944 0.0388 0.0342 0.0255
0 0.8613 0.0467 0.0449 0.0345
0 0.7988 0.1104 0.0469 0.0351
0 0.5254 0.1118 0.0723 0.0753
0 0.957 0.3678 0.084 0.0674
0 0.9795 0.0243 0.0391 0.0374
0 0.8926 0.0082 0.0352 0.0164
0 0.188 0.0722 0.0303 0.0255
0 0.5991 0.0716 0.0381 0.0311
0 0.771 0.1308 0.0342 0.0487
0 0.4692 0.0351 0.0322 0.0238
0 0.5967 0.0481 0.0234 0.0193
0 0.0132 0.09 0.0244 0.0328
