0 0.8857 0.5367 0.0195 0.0358
0 0.8809 0.4471 0.0195 0.041
0 0.8125 0.4821 0.0195 0.0324
0 0.7969 0.4352 0.0176 0.0375
0 0.7637 0.4437 0.0195 0.0444
0 0.7715 0.6118 0.0195 0.0427
0 0.6914 0.5819 0.0215 0.0444
0 0.709 0.4497 0.0176 0.0358
0 0.7456 0.4394 0.0146 0.0392
0 0.7183 0.4386 0.0166 0.0375
0 0.6748 0.4445 0.0215 0.0358
0 0.6558 0.4608 0.0186 0.0375
0 0.6494 0.5887 0.0234 0.0444
0 0.5811 0.6143 0.0254 0.0375
0 0.6089 0.6869 0.0244 0.0495
0 0.6069 0.465 0.0186 0.0392
0 0.5537 0.4676 0.0156 0.0341
0 0.5469 0.4369 0.0176 0.0375
0 0.5127 0.4343 0.0176 0.0392
0 0.5015 0.4693 0.0166 0.0341
0 0.4746 0.4531 0.0176 0.0392
0 0.4526 0.4454 0.0186 0.0375
0 0.4336 0.4138 0.0195 0.0392
0 0.5088 0.593 0.0195 0.0427
0 0.5142 0.6689 0.0225 0.0478
0 0.4751 0.6493 0.0244 0.0427
0 0.4438 0.6544 0.0225 0.0427
0 0.3931 0.5162 0.0205 0.0427
0 0.3516 0.4462 0.0195 0.0392
0 0.3042 0.4309 0.0205 0.0392
0 0.2603 0.4266 0.0205 0.041
0 0.2871 0.5768 0.0215 0.0444
0 0.3501 0.5922 0.0225 0.0444
0 0.396 0.6519 0.0205 0.0444
0 0.3276 0.6621 0.0225 0.0444
0 0.2407 0.4172 0.0205 0.0427
0 0.209 0.4053 0.0176 0.0358
0 0.1787 0.4454 0.0156 0.0375
0 0.1646 0.4522 0.0146 0.0375
0 0.1992 0.6459 0.0215 0.0461
0 0.2393 0.6433 0.0234 0.0478
0 0.1685 0.663 0.0244 0.0529
0 0.1064 0.657 0.0273 0.0512
0 0.959 0.2858 0.0059 0.0119
0 0.9302 0.2995 0.0068 0.0154
0 0.8823 0.3029 0.0049 0.0119
0 0.8638 0.2765 0.0049 0.0102
0 0.8408 0.2372 0.0039 0.0102
0 0.7715 0.3191 0.0039 0.0102
0 0.8218 0.343 0.0049 0.0102
0 0.7534 0.3225 0.0049 0.0102
0 0.7471 0.2927 0.0039 0.0119
0 0.7285 0.3712 0.0059 0.0119
0 0.7104 0.3737 0.0049 0.0102
0 0.687 0.3746 0.0049 0.0085
0 0.6401 0.3353 0.0049 0.0119
0 0.6177 0.337 0.0049 0.0119
0 0.564 0.3712 0.0049 0.0154
0 0.5435 0.3498 0.0049 0.0102
0 0.5259 0.3652 0.0049 0.0102
0 0.4634 0.3319 0.0049 0.0119
0 0.4321 0.3259 0.0049 0.0102
0 0.4468 0.3473 0.0049 0.0085
0 0.4067 0.3549 0.0049 0.0102
0 0.3975 0.3311 0.0059 0.0137
0 0.4048 0.3166 0.0049 0.0119
0 0.4165 0.32 0.0049 0.0119
0 0.3877 0.3379 0.0039 0.0102
0 0.355 0.3609 0.0049 0.0119
0 0.3828 0.3089 0.0059 0.0102
0 0.3867 0.2944 0.0039 0.0085
0 0.4043 0.2995 0.0059 0.0119
0 0.4438 0.2901 0.0049 0.0102
0 0.5576 0.314 0.0059 0.0102
0 0.5415 0.3131 0.0029 0.0085
0 0.522 0.3251 0.0049 0.0085
0 0.5024 0.3131 0.0029 0.0085
0 0.4897 0.3584 0.0049 0.0102
0 0.5127 0.3823 0.0039 0.0102
0 0.5894 0.2901 0.0049 0.0102
0 0.6392 0.2765 0.0049 0.0068
0 0.6045 0.2858 0.0039 0.0085
0 0.7197 0.2884 0.0039 0.0102
0 0.4253 0.2577 0.0049 0.0102
0 0.165 0.3498 0.0117 0.0273
0 0.3145 0.3746 0.0059 0.0119
