0 0.2485 0.5286 0.0088 0.0191
0 0.2881 0.5078 0.0078 0.0156
0 0.2163 0.5148 0.0088 0.0226
0 0.2148 0.474 0.0078 0.0139
0 0.0254 0.4566 0.0098 0.0208
0 0.1709 0.4514 0.0137 0.0208
0 0.4346 0.5339 0.0078 0.0191
0 0.4692 0.546 0.0068 0.0156
0 0.4028 0.5538 0.0068 0.0174
0 0.3696 0.5382 0.0068 0.0139
0 0.7222 0.5182 0.0088 0.0191
0 0.7881 0.5104 0.0078 0.0174
0 0.6055 0.5469 0.0078 0.0174
0 0.5527 0.5356 0.0098 0.0191
0 0.8423 0.3524 0.0146 0.0382
0 0.1489 0.4262 0.0166 0.0295
0 0.1948 0.4783 0.0127 0.0226
0 0.2324 0.5608 0.0059 0.0139
