0 0.8638 0.336 0.0264 0.0485
0 0.9336 0.2721 0.0273 0.0471
0 0.8701 0.2853 0.0273 0.0471
0 0.8047 0.275 0.0215 0.0471
0 0.8296 0.4074 0.0303 0.0471
0 0.7637 0.3338 0.0273 0.05
0 0.7368 0.2941 0.0225 0.0471
0 0.7573 0.5051 0.0283 0.0485
0 0.7017 0.4213 0.0283 0.0515
0 0.6084 0.4956 0.0312 0.0559
0 0.9302 0.4801 0.0244 0.0485
0 0.9932 0.3456 0.0117 0.0471
0 0.9917 0.2772 0.0146 0.0456
0 0.6587 0.3493 0.0283 0.0515
0 0.5659 0.3493 0.0225 0.0544
0 0.4717 0.2522 0.0508 0.1044
0 0.1548 0.4596 0.0244 0.0456
0 0.1797 0.5294 0.0254 0.0471
0 0.2744 0.5228 0.0234 0.0456
0 0.2603 0.4581 0.0244 0.0485
0 0.3521 0.4441 0.0225 0.0441
0 0.2842 0.3691 0.0234 0.05
0 0.3174 0.3353 0.0234 0.0412
0 0.2285 0.3257 0.0215 0.0397
0 0.2217 0.2801 0.0176 0.0397
0 0.2627 0.2184 0.0215 0.0368
0 0.2065 0.2228 0.0205 0.0397
0 0.1567 0.2088 0.0205 0.0353
0 0.1748 0.3669 0.0254 0.0485
0 0.1343 0.3199 0.0244 0.0515
0 0.0898 0.3463 0.0234 0.0485
0 0.1064 0.3926 0.0234 0.0441
0 0.0718 0.5088 0.0264 0.05
0 0.0483 0.4375 0.0264 0.0485
0 0.0596 0.375 0.0215 0.0353
0 0.0742 0.2287 0.0215 0.0368
0 0.3682 0.2772 0.0234 0.0456
0 0.4004 0.1824 0.0215 0.0412
0 0.54 0.2265 0.0234 0.05
0 0.438 0.236 0.0166 0.0338
