0 0.5254 0.2357 0.0332 0.0625
0 0.5928 0.2819 0.0352 0.0638
0 0.5645 0.2474 0.0254 0.0417
0 0.4912 0.2005 0.0156 0.0339
0 0.4434 0.2715 0.0312 0.0508
0 0.6099 0.1732 0.0107 0.026
0 0.4165 0.1836 0.0146 0.026
0 0.3989 0.179 0.0166 0.0378
0 0.1084 0.1276 0.0176 0.026
0 0.2612 0.1354 0.0186 0.0312
0 0.2026 0.1868 0.0166 0.0273
0 0.085 0.1758 0.0195 0.0339
0 0.2646 0.2715 0.0254 0.0508
0 0.229 0.25 0.0303 0.0677
0 0.2124 0.2754 0.0283 0.0534
0 0.2681 0.3125 0.0244 0.0729
0 0.2017 0.3392 0.0283 0.0638
0 0.3677 0.2858 0.0264 0.0482
0 0.3115 0.2871 0.0312 0.0586
0 0.5801 0.0176 0.0117 0.0273
0 0.5117 0.0221 0.0137 0.0286
0 0.6885 0.1849 0.0137 0.0286
0 0.7271 0.1497 0.0166 0.0339
0 0.6943 0.2676 0.0332 0.0482
0 0.7588 0.25 0.0273 0.0521
0 0.8599 0.2676 0.0264 0.0456
0 0.8921 0.2682 0.0283 0.0599
0 0.9058 0.1589 0.0166 0.0339
0 0.9165 0.0072 0.0166 0.0143
0 0.2871 0.1113 0.0137 0.0221
0 0.1689 0.3177 0.0312 0.0677
