0 0.0117 0.3524 0.0098 0.0286
0 0.0278 0.3778 0.0146 0.0222
0 0.041 0.4167 0.0195 0.0302
0 0.0269 0.454 0.0166 0.0317
0 0.1455 0.3429 0.0137 0.0222
0 0.1255 0.3786 0.0146 0.0333
0 0.1792 0.5563 0.0146 0.0333
0 0.1611 0.5151 0.0176 0.0333
0 0.1685 0.6183 0.0186 0.0429
0 0.1196 0.5968 0.0166 0.0444
0 0.0957 0.554 0.0234 0.0413
0 0.0259 0.5913 0.0303 0.0746
0 0.1982 0.619 0.0254 0.0444
0 0.2461 0.6698 0.0156 0.0444
0 0.1899 0.6683 0.0205 0.0413
0 0.1855 0.7127 0.0195 0.0413
0 0.1646 0.7849 0.0264 0.0492
0 0.1172 0.7206 0.0234 0.0413
0 0.1113 0.6627 0.0195 0.046
0 0.042 0.6476 0.0352 0.0762
0 0.1899 0.3254 0.0146 0.0349
0 0.207 0.4556 0.0195 0.0349
0 0.3242 0.3786 0.0312 0.1032
0 0.3545 0.3548 0.0156 0.027
0 0.4253 0.4651 0.0186 0.0381
0 0.4131 0.6786 0.0215 0.0397
0 0.0752 0.5794 0.0176 0.0476
0 0.5762 0.3317 0.0195 0.0413
0 0.4766 0.3754 0.0137 0.027
0 0.46 0.4175 0.0176 0.0349
0 0.481 0.4651 0.0225 0.0476
0 0.4399 0.4048 0.0127 0.0317
0 0.4375 0.5262 0.0176 0.0365
0 0.436 0.5817 0.0205 0.0397
0 0.4653 0.6611 0.0225 0.0492
0 0.5532 0.4381 0.0557 0.1143
0 0.4507 0.8111 0.0186 0.0381
0 0.2329 0.7833 0.0205 0.0333
0 0.6963 0.4183 0.0176 0.0365
0 0.7158 0.4563 0.0215 0.0333
0 0.7148 0.3738 0.0195 0.0429
0 0.7539 0.3246 0.0215 0.0397
0 0.7622 0.3706 0.0205 0.0397
0 0.8193 0.3286 0.0176 0.0444
0 0.7979 0.4183 0.0156 0.0397
0 0.8398 0.3984 0.0176 0.0381
0 0.8242 0.4786 0.0215 0.0429
0 0.8208 0.5825 0.0186 0.0413
0 0.8091 0.6294 0.0186 0.0429
0 0.7935 0.5444 0.0166 0.0413
0 0.7314 0.4778 0.0762 0.0825
0 0.9229 0.3365 0.0195 0.0413
0 0.9922 0.35 0.0117 0.0397
0 0.9854 0.404 0.0156 0.0397
0 0.9751 0.4643 0.0225 0.0429
0 0.8921 0.3778 0.0166 0.0476
0 0.8936 0.4206 0.0195 0.0444
0 0.8965 0.4683 0.0176 0.0413
0 0.8428 0.5373 0.0195 0.0429
0 0.918 0.5167 0.0234 0.046
0 0.9858 0.5397 0.0166 0.0413
0 0.9214 0.581 0.0225 0.0444
0 0.7798 0.6968 0.0225 0.0476
0 0.7236 0.7722 0.0176 0.0397
0 0.7324 0.8175 0.0234 0.0508
0 0.8379 0.8135 0.0293 0.0556
0 0.8809 0.7429 0.0273 0.0603
0 0.9136 0.7754 0.0225 0.0429
0 0.9673 0.6389 0.0244 0.0556
0 0.9331 0.6873 0.0244 0.0603
