0 0.1006 0.431 0.0273 0.0573
0 0.1909 0.5257 0.042 0.0764
0 0.2383 0.5198 0.0234 0.0264
0 0.2456 0.5308 0.0381 0.0485
0 0.2744 0.5727 0.0273 0.0587
0 0.3564 0.489 0.0273 0.0646
0 0.3369 0.4119 0.0215 0.0455
0 0.4854 0.4963 0.0293 0.0646
0 0.1963 0.3341 0.0156 0.025
0 0.4219 0.3245 0.0117 0.0235
0 0.5962 0.301 0.0107 0.0264
0 0.8403 0.6197 0.0322 0.0793
0 0.9663 0.5448 0.0342 0.0734
0 0.6401 0.4317 0.0166 0.0499
0 0.7285 0.5286 0.0332 0.0411
0 0.6484 0.326 0.0098 0.0206
0 0.793 0.3502 0.0137 0.0279
0 0.7788 0.3113 0.0088 0.0206
0 0.8369 0.3568 0.0137 0.0264
0 0.8984 0.3686 0.0156 0.0294
0 0.9424 0.3532 0.0176 0.0279
0 0.9648 0.348 0.0156 0.0294
0 0.9683 0.3833 0.0186 0.0323
0 0.8145 0.3084 0.0137 0.0235
0 0.3145 0.7313 0.043 0.091
0 0.499 0.7658 0.0547 0.1043
0 0.4424 0.3172 0.0098 0.0206
0 0.6821 0.3752 0.0166 0.0191
0 0.1089 0.6769 0.042 0.0852
0 0.1509 0.3656 0.0127 0.0176
0 0.3652 0.3311 0.0098 0.0191
0 0.3892 0.3267 0.0127 0.0191
0 0.4697 0.3025 0.0117 0.0206
0 0.4556 0.3392 0.0107 0.0235
0 0.4849 0.3267 0.0107 0.0191
0 0.4912 0.3062 0.0098 0.0132
0 0.5083 0.304 0.0127 0.0206
0 0.5112 0.3436 0.0146 0.0235
0 0.4937 0.3737 0.0127 0.0191
0 0.5303 0.312 0.0098 0.0191
0 0.5552 0.3546 0.0107 0.0191
0 0.5391 0.3333 0.0098 0.0206
0 0.5688 0.3209 0.0088 0.0132
0 0.562 0.3532 0.0107 0.022
0 0.584 0.3319 0.0098 0.0176
0 0.5996 0.3561 0.0137 0.022
0 0.6235 0.3495 0.0146 0.0264
0 0.6353 0.3576 0.0127 0.022
0 0.6162 0.3297 0.0117 0.025
0 0.6274 0.3164 0.0107 0.0191
0 0.6582 0.293 0.0098 0.0191
0 0.6821 0.326 0.0107 0.0235
0 0.6724 0.3539 0.0127 0.0323
0 0.6694 0.3267 0.0127 0.022
0 0.5552 0.2482 0.0068 0.0117
0 0.5723 0.2489 0.0059 0.0103
0 0.5146 0.2739 0.0078 0.0132
0 0.7095 0.315 0.0088 0.0191
0 0.7207 0.3098 0.0098 0.0176
0 0.7476 0.3172 0.0127 0.0264
0 0.7622 0.3385 0.0146 0.022
0 0.7803 0.3561 0.0156 0.0279
0 0.8169 0.3524 0.0146 0.0264
0 0.8701 0.3517 0.0137 0.022
0 0.8994 0.3172 0.0137 0.0235
0 0.9121 0.3289 0.0176 0.0294
0 0.7959 0.254 0.0059 0.0088
0 0.9092 0.257 0.0059 0.0088
0 0.918 0.2746 0.0098 0.0176
0 0.0068 0.5117 0.0156 0.0543
