0 0.4414 0.4193 0.0059 0.013
0 0.5684 0.4141 0.0078 0.013
0 0.4346 0.4115 0.0059 0.0104
0 0.459 0.4193 0.0059 0.0104
0 0.4468 0.4206 0.0049 0.0104
0 0.3501 0.4141 0.0049 0.0104
0 0.332 0.416 0.0059 0.0117
0 0.1055 0.401 0.0137 0.026
0 0.8687 0.4577 0.0068 0.0117
0 0.877 0.4264 0.0059 0.0091
0 0.8643 0.4277 0.0059 0.0091
0 0.8511 0.4531 0.0049 0.0104
0 0.9155 0.4297 0.0068 0.0104
0 0.8511 0.4232 0.0049 0.0104
0 0.9644 0.4421 0.0107 0.0169
0 0.9912 0.4193 0.0078 0.0156
0 0.9927 0.4837 0.0127 0.0273
0 0.0479 0.4134 0.0078 0.0117
0 0.8726 0.4258 0.0068 0.0104
