0 0.126 0.2594 0.0293 0.0241
0 0.2456 0.2539 0.0264 0.0234
0 0.2222 0.2135 0.0264 0.0195
0 0.3159 0.2155 0.0264 0.0208
0 0.1826 0.1696 0.0215 0.0202
0 0.1162 0.1855 0.0254 0.0234
0 0.021 0.2161 0.0244 0.0208
0 0.04 0.1768 0.0273 0.0202
0 0.1108 0.4759 0.0439 0.0391
0 0.0352 0.4893 0.0391 0.028
0 0.2388 0.4854 0.0322 0.0254
0 0.6572 0.4684 0.0449 0.0332
0 0.8208 0.2487 0.0713 0.0664
0 0.4658 0.1497 0.0977 0.0924
0 0.3096 0.2891 0.0332 0.0247
0 0.6348 0.2907 0.0254 0.0241
0 0.9248 0.2497 0.0312 0.0254
0 0.0151 0.5127 0.0264 0.0228
0 0.1548 0.3216 0.0283 0.0182
