0 0.229 0.2422 0.04 0.0651
0 0.5249 0.0742 0.0479 0.0443
0 0.2363 0.5378 0.0195 0.0312
0 0.5791 0.4375 0.0312 0.0521
0 0.0195 0.7389 0.0059 0.0117
0 0.0244 0.7474 0.0059 0.0078
0 0.0298 0.7331 0.0049 0.0078
0 0.0376 0.7409 0.0049 0.0078
0 0.04 0.7533 0.0059 0.0091
0 0.061 0.7448 0.0088 0.0156
0 0.0337 0.7734 0.0068 0.013
0 0.0488 0.7845 0.0078 0.0117
0 0.04 0.8008 0.0078 0.013
0 0.0273 0.8079 0.0078 0.0117
0 0.021 0.7995 0.0068 0.013
0 0.0928 0.8053 0.0078 0.0117
0 0.0581 0.7845 0.0068 0.0143
0 0.1138 0.778 0.0068 0.0117
0 0.1099 0.832 0.0088 0.013
0 0.1323 0.8353 0.0068 0.0117
0 0.1367 0.8184 0.0059 0.0117
0 0.1123 0.8112 0.0059 0.0104
0 0.104 0.8066 0.0068 0.0117
0 0.1255 0.7793 0.0049 0.0091
0 0.1362 0.7832 0.0068 0.0091
0 0.1357 0.7747 0.0059 0.0078
0 0.145 0.7871 0.0049 0.0091
0 0.1055 0.7643 0.0059 0.0078
0 0.1309 0.8034 0.0059 0.0078
0 0.0713 0.7311 0.0098 0.0117
0 0.1084 0.7956 0.0078 0.0104
0 0.1943 0.8294 0.0078 0.013
0 0.2085 0.8333 0.0068 0.013
0 0.2319 0.8379 0.0068 0.0117
0 0.2407 0.8307 0.0088 0.0156
0 0.2456 0.8145 0.0068 0.0117
0 0.2563 0.8307 0.0068 0.013
0 0.2949 0.8255 0.0059 0.0104
0 0.2925 0.8171 0.0049 0.0065
0 0.2881 0.8438 0.0059 0.0104
0 0.311 0.8451 0.0068 0.0104
0 0.3291 0.8366 0.0059 0.0091
0 0.3198 0.8229 0.0068 0.0078
0 0.3159 0.834 0.0068 0.0091
0 0.3047 0.8379 0.0059 0.0091
0 0.3364 0.8086 0.0049 0.0078
0 0.3438 0.8249 0.0078 0.0091
0 0.3315 0.8281 0.0049 0.0078
0 0.3413 0.8438 0.0068 0.0104
0 0.3623 0.8255 0.0078 0.0104
0 0.3623 0.8522 0.0059 0.0117
0 0.3774 0.8574 0.0088 0.0143
0 0.3804 0.847 0.0068 0.0117
0 0.3774 0.8255 0.0068 0.0104
0 0.3955 0.8477 0.0059 0.0104
0 0.4023 0.8477 0.0059 0.013
0 0.395 0.8646 0.0068 0.0104
0 0.3696 0.8698 0.0068 0.0104
0 0.3813 0.8783 0.0068 0.0091
0 0.3916 0.8822 0.0059 0.0091
0 0.4067 0.8203 0.0049 0.0104
0 0.4082 0.8372 0.0059 0.0104
0 0.4258 0.8411 0.0059 0.0104
0 0.4263 0.8555 0.0068 0.013
0 0.4185 0.847 0.0068 0.0117
0 0.4214 0.877 0.0068 0.0117
0 0.4312 0.8776 0.0068 0.0104
0 0.4619 0.86 0.0059 0.0117
0 0.4404 0.8607 0.0078 0.0156
0 0.4634 0.8405 0.0068 0.0117
0 0.4771 0.8639 0.0068 0.0143
0 0.4858 0.8737 0.0068 0.013
0 0.4902 0.86 0.0059 0.0117
0 0.4941 0.8346 0.0059 0.0104
0 0.4829 0.8366 0.0068 0.0117
0 0.4692 0.8346 0.0068 0.013
0 0.4731 0.8457 0.0049 0.0091
0 0.4565 0.8346 0.0049 0.0078
0 0.4443 0.8333 0.0059 0.0078
0 0.5483 0.8516 0.0068 0.0104
0 0.5601 0.8496 0.0068 0.0091
0 0.5571 0.8743 0.0068 0.0117
0 0.5723 0.8581 0.0078 0.013
0 0.6255 0.8704 0.0068 0.0117
0 0.6255 0.8542 0.0068 0.0078
0 0.6387 0.8522 0.0059 0.0091
0 0.6421 0.8626 0.0049 0.0065
0 0.644 0.8685 0.0049 0.0078
0 0.6436 0.8796 0.0059 0.0091
0 0.6494 0.8945 0.0059 0.0104
0 0.6528 0.8698 0.0049 0.0104
0 0.6606 0.8724 0.0049 0.0104
0 0.6479 0.8574 0.0049 0.0065
0 0.6274 0.834 0.0049 0.0065
0 0.6113 0.8346 0.0059 0.0078
0 0.6094 0.8711 0.0059 0.0104
0 0.6885 0.9049 0.0059 0.0104
0 0.668 0.8848 0.0059 0.0091
0 0.6802 0.8776 0.0068 0.013
0 0.6929 0.8854 0.0068 0.013
0 0.6992 0.8711 0.0059 0.0078
0 0.7061 0.8711 0.0059 0.0078
0 0.7085 0.8887 0.0068 0.0117
0 0.7222 0.9076 0.0068 0.0104
0 0.7256 0.875 0.0059 0.0078
0 0.7192 0.8646 0.0049 0.0078
0 0.7285 0.8594 0.0059 0.0078
0 0.7251 0.8522 0.0049 0.0065
0 0.6968 0.8529 0.0049 0.0078
0 0.6885 0.8633 0.0059 0.0078
0 0.7373 0.8737 0.0059 0.0078
0 0.7388 0.86 0.0049 0.0091
0 0.7437 0.8698 0.0049 0.0078
0 0.7495 0.8789 0.0049 0.0078
0 0.7432 0.8893 0.0078 0.0104
0 0.7495 0.9147 0.0068 0.0117
0 0.7695 0.8932 0.0059 0.013
0 0.7676 0.877 0.0059 0.0091
0 0.7715 0.8587 0.0059 0.0091
0 0.7622 0.8678 0.0049 0.0091
0 0.7798 0.8678 0.0049 0.0091
0 0.7842 0.8867 0.0059 0.0104
0 0.7759 0.8763 0.0049 0.0078
0 0.7881 0.8757 0.0059 0.0091
0 0.8604 0.877 0.0059 0.0117
0 0.8687 0.8672 0.0068 0.013
0 0.8765 0.8743 0.0049 0.0091
0 0.8833 0.8991 0.0068 0.0117
0 0.8926 0.9232 0.0059 0.0104
0 0.9106 0.9245 0.0049 0.0104
0 0.916 0.9303 0.0059 0.0117
0 0.9336 0.9264 0.0078 0.0143
0 0.9575 0.9277 0.0068 0.0117
0 0.9619 0.9043 0.0059 0.0091
0 0.9375 0.9049 0.0059 0.0104
0 0.9424 0.8997 0.0059 0.0104
0 0.9629 0.8841 0.0059 0.0104
0 0.9521 0.8802 0.0059 0.0104
0 0.96 0.8691 0.0059 0.0091
0 0.9199 0.8802 0.0059 0.0104
0 0.8945 0.8743 0.0059 0.0091
0 0.9702 0.8711 0.0088 0.013
0 0.0073 0.7943 0.0068 0.013
0 0.0059 0.7617 0.0078 0.013
0 0.0044 0.735 0.0088 0.0117
0 0.0107 0.6875 0.0059 0.0104
0 0.0176 0.7272 0.0059 0.0091
0 0.0132 0.7474 0.0068 0.013
0 0.0513 0.7142 0.0049 0.0091
0 0.082 0.709 0.0059 0.0091
0 0.1475 0.7253 0.0078 0.013
0 0.1357 0.7233 0.0078 0.0117
0 0.2231 0.7995 0.0049 0.0078
0 0.2842 0.8281 0.0078 0.013
0 0.355 0.8262 0.0049 0.0065
0 0.3618 0.8405 0.0049 0.0091
0 0.3545 0.8464 0.0059 0.0078
0 0.3696 0.8346 0.0049 0.0078
0 0.394 0.8151 0.0049 0.0078
0 0.3765 0.8138 0.0049 0.0078
0 0.3872 0.8294 0.0049 0.0078
0 0.4077 0.8587 0.0049 0.0091
0 0.3398 0.8607 0.0059 0.0104
