0 0.5156 0.2097 0.0977 0.057
0 0.3765 0.2732 0.0713 0.045
0 0.0176 0.5873 0.0371 0.0312
0 0.0776 0.6899 0.0166 0.0144
0 0.1426 0.7043 0.0215 0.0156
0 0.1348 0.6971 0.0156 0.0144
0 0.1235 0.6884 0.0127 0.0138
0 0.165 0.6653 0.0137 0.0108
0 0.7749 0.6938 0.0166 0.0138
0 0.7246 0.6893 0.0137 0.0132
0 0.833 0.6851 0.0137 0.012
0 0.8604 0.6812 0.0156 0.0126
0 0.8784 0.6839 0.0146 0.0108
0 0.895 0.6845 0.0107 0.0096
0 0.9526 0.6857 0.0146 0.0108
0 0.9204 0.6866 0.0107 0.0114
0 0.9111 0.6818 0.0098 0.009
0 0.7739 0.6779 0.0107 0.0096
0 0.79 0.6857 0.0098 0.0108
0 0.8037 0.692 0.0117 0.0102
0 0.9409 0.6722 0.0107 0.0078
0 0.1587 0.6923 0.0146 0.0108
0 0.1304 0.6551 0.0107 0.0084
0 0.1831 0.7031 0.0166 0.0132
0 0.2046 0.722 0.0205 0.0174
0 0.2241 0.686 0.0146 0.0126
0 0.2178 0.7118 0.0215 0.0162
0 0.1855 0.6965 0.0176 0.0132
0 0.2549 0.7022 0.0254 0.0186
0 0.2378 0.6515 0.0127 0.0096
0 0.5605 0.6953 0.0156 0.0132
0 0.502 0.6938 0.0137 0.0102
0 0.5195 0.6857 0.0098 0.0096
0 0.5298 0.6644 0.0107 0.009
0 0.5317 0.7181 0.0186 0.0192
0 0.0327 0.5651 0.0107 0.0072
0 0.0317 0.5039 0.0088 0.0048
0 0.0894 0.5159 0.0107 0.0084
0 0.1206 0.5201 0.0068 0.006
0 0.147 0.5192 0.0088 0.0066
0 0.1709 0.5216 0.0098 0.0054
0 0.1919 0.5222 0.0088 0.0066
0 0.2227 0.5165 0.0098 0.0072
0 0.2373 0.5231 0.0078 0.006
0 0.2549 0.5222 0.0078 0.0066
0 0.0591 0.572 0.0107 0.0078
0 0.0757 0.572 0.0107 0.0066
0 0.0825 0.5843 0.0127 0.0108
0 0.0547 0.5864 0.0117 0.009
0 0.105 0.5879 0.0107 0.0096
0 0.1069 0.5972 0.0088 0.0066
0 0.0977 0.6122 0.0117 0.009
0 0.0825 0.5996 0.0107 0.009
0 0.1191 0.5981 0.0098 0.0072
0 0.1279 0.6068 0.0098 0.0066
0 0.147 0.5831 0.0088 0.0084
0 0.1514 0.5705 0.0098 0.0072
0 0.1606 0.5816 0.0088 0.0066
0 0.1499 0.5966 0.0088 0.0078
0 0.1909 0.5948 0.0088 0.0078
0 0.188 0.572 0.0107 0.0078
0 0.1504 0.5375 0.0117 0.0084
0 0.2437 0.5756 0.0107 0.0078
0 0.2285 0.6005 0.0098 0.0084
0 0.2466 0.6026 0.0088 0.0078
0 0.2085 0.6161 0.0107 0.0072
0 0.249 0.6128 0.0098 0.0066
0 0.103 0.7103 0.0283 0.0192
0 0.0933 0.6245 0.0127 0.0096
0 0.1084 0.6185 0.0098 0.0072
0 0.1206 0.6221 0.0107 0.0072
0 0.1157 0.6326 0.0107 0.0078
0 0.0981 0.6452 0.0146 0.0102
0 0.1226 0.6416 0.0146 0.009
0 0.1382 0.6374 0.0107 0.0078
0 0.1509 0.6338 0.0107 0.0078
0 0.1709 0.6383 0.0098 0.0084
0 0.1963 0.6236 0.0117 0.0114
0 0.1758 0.6179 0.0117 0.0072
0 0.2026 0.6344 0.0127 0.0114
0 0.228 0.6242 0.0127 0.009
0 0.2305 0.6605 0.0117 0.0108
0 0.2085 0.6485 0.0107 0.0084
0 0.2046 0.6572 0.0127 0.0102
0 0.1865 0.6731 0.0137 0.012
0 0.2021 0.6866 0.0156 0.0126
0 0.207 0.677 0.0137 0.0102
0 0.1978 0.6698 0.0107 0.009
0 0.2261 0.6755 0.0127 0.0108
0 0.2407 0.6365 0.0127 0.0084
0 0.1533 0.6563 0.0117 0.0072
0 0.4946 0.6656 0.0166 0.0126
0 0.5586 0.6839 0.0176 0.0084
0 0.5278 0.683 0.0107 0.009
0 0.7568 0.6824 0.0137 0.0102
0 0.7656 0.662 0.0117 0.0078
0 0.8008 0.6638 0.0137 0.0078
0 0.7422 0.6938 0.0156 0.0114
0 0.7817 0.6599 0.0088 0.0072
0 0.7783 0.6536 0.0078 0.0054
0 0.7891 0.6482 0.0098 0.0066
0 0.8457 0.6521 0.0117 0.0096
0 0.8726 0.6599 0.0107 0.0084
0 0.8857 0.6614 0.0098 0.0066
0 0.8931 0.6689 0.0088 0.0096
0 0.9043 0.6746 0.0098 0.0066
0 0.9287 0.671 0.0117 0.009
0 0.6475 0.5876 0.0078 0.0066
0 0.6733 0.5876 0.0088 0.0078
0 0.6924 0.5879 0.0078 0.0072
0 0.8477 0.608 0.0098 0.009
0 0.8599 0.5987 0.0088 0.0084
0 0.8691 0.5987 0.0078 0.0072
0 0.9233 0.6167 0.0127 0.0096
0 0.8179 0.6131 0.0107 0.0072
0 0.0107 0.5048 0.0098 0.0078
0 0.0273 0.4697 0.0078 0.0048
0 0.0532 0.47 0.0088 0.0054
0 0.0771 0.4748 0.0078 0.0066
0 0.1172 0.4187 0.0078 0.006
0 0.147 0.4196 0.0068 0.0054
0 0.1147 0.6695 0.0127 0.0108
0 0.1479 0.6719 0.0107 0.0084
0 0.1201 0.5837 0.0117 0.0084
