0 0.0986 0.015 0.0625 0.0282
0 0.042 0.3897 0.0605 0.0732
0 0.2759 0.0953 0.0615 0.0911
0 0.2305 0.393 0.0469 0.093
0 0.4087 0.1939 0.0791 0.1268
0 0.4541 0.1939 0.041 0.0629
0 0.5415 0.1648 0.0635 0.0761
0 0.5879 0.1286 0.0625 0.0695
0 0.6216 0.177 0.0654 0.0817
0 0.6631 0.0254 0.0469 0.0526
0 0.7393 0.1282 0.0703 0.0817
0 0.6489 0.4629 0.0498 0.0845
0 0.5186 0.5164 0.0645 0.0732
0 0.3125 0.4756 0.0586 0.0817
0 0.7437 0.6582 0.0713 0.0789
0 0.2476 0.5779 0.0635 0.0873
0 0.6665 0.1798 0.042 0.0761
0 0.8589 0.0925 0.042 0.0685
