0 0.187 0.6918 0.0127 0.0208
0 0.2139 0.6879 0.0117 0.0208
0 0.2607 0.6873 0.0117 0.0221
0 0.2856 0.7068 0.0088 0.0169
0 0.3149 0.6892 0.0127 0.0208
0 0.3364 0.7074 0.0088 0.0156
0 0.3555 0.6918 0.0098 0.0208
0 0.5859 0.3368 0.0195 0.0312
0 0.7075 0.6782 0.0127 0.0247
0 0.7617 0.6704 0.0156 0.0273
0 0.8071 0.6717 0.0127 0.0221
0 0.8594 0.6795 0.0137 0.0221
0 0.8726 0.6678 0.0146 0.0273
0 0.7612 0.5884 0.0146 0.0221
0 0.9263 0.6684 0.0186 0.0286
0 0.9722 0.7945 0.0205 0.0338
0 0.9829 0.6762 0.0166 0.0286
0 0.9448 0.6495 0.0088 0.0169
0 0.729 0.6021 0.0107 0.0208
0 0.1655 0.6808 0.0146 0.0247
0 0.0029 0.6879 0.0078 0.0182
0 0.3745 0.7204 0.0107 0.0156
0 0.2993 0.7256 0.0107 0.0156
0 0.3135 0.7263 0.0078 0.0169
0 0.6621 0.6034 0.0117 0.0208
0 0.6519 0.699 0.0146 0.0273
0 0.6831 0.617 0.0107 0.0169
0 0.9023 0.565 0.0137 0.0195
0 0.9009 0.6079 0.0088 0.0195
0 0.9287 0.6034 0.0137 0.0208
0 0.9629 0.604 0.0137 0.0195
0 0.9678 0.5696 0.0137 0.0234
0 0.9678 0.5358 0.0117 0.0208
0 0.1196 0.6866 0.0127 0.0208
0 0.0322 0.6931 0.0117 0.0182
