0 0.0273 0.2116 0.0098 0.0143
0 0.0459 0.1641 0.0098 0.0156
0 0.0547 0.2083 0.0078 0.013
0 0.0215 0.0527 0.0078 0.0117
0 0.0039 0.1322 0.0078 0.0143
0 0.1343 0.2422 0.0107 0.013
0 0.1426 0.1504 0.0078 0.0117
0 0.1602 0.1309 0.0098 0.0143
0 0.1338 0.1055 0.0078 0.013
0 0.0879 0.166 0.0078 0.0117
0 0.0493 0.0384 0.0088 0.0143
0 0.1104 0.1634 0.0098 0.0117
0 0.1714 0.1797 0.0068 0.013
0 0.2617 0.1979 0.0078 0.013
0 0.3057 0.2031 0.0078 0.013
0 0.3389 0.2103 0.0078 0.0143
0 0.021 0.1719 0.0068 0.013
0 0.2886 0.0658 0.0068 0.0117
0 0.3564 0.2526 0.0098 0.0182
0 0.2725 0.0208 0.0078 0.0104
0 0.2988 0.0241 0.0098 0.0143
0 0.314 0.0697 0.0088 0.0117
0 0.3599 0.0684 0.0068 0.0195
0 0.3203 0.0924 0.0078 0.013
0 0.3384 0.1283 0.0068 0.0143
0 0.3574 0.1615 0.0098 0.013
0 0.397 0.1673 0.0068 0.0117
0 0.4009 0.2116 0.0088 0.0143
0 0.4375 0.2793 0.0098 0.0143
0 0.3877 0.0729 0.0078 0.013
0 0.4702 0.043 0.0068 0.013
0 0.4312 0.2181 0.0088 0.0143
0 0.4663 0.2116 0.0088 0.0169
0 0.4336 0.166 0.0098 0.0143
0 0.4683 0.082 0.0088 0.0156
0 0.4683 0.1055 0.0088 0.013
0 0.4561 0.1309 0.0098 0.0143
0 0.4702 0.1641 0.0088 0.013
0 0.5029 0.0482 0.0078 0.0104
0 0.5361 0.0436 0.0078 0.0143
0 0.5469 0.0775 0.0078 0.0117
0 0.5322 0.2305 0.0078 0.013
0 0.4937 0.138 0.0088 0.013
0 0.4932 0.1029 0.0078 0.0104
0 0.5303 0.1081 0.0078 0.013
0 0.5596 0.3353 0.0098 0.0143
0 0.6411 0.3672 0.0107 0.013
0 0.6792 0.3184 0.0088 0.0143
0 0.6333 0.2865 0.0107 0.0156
0 0.5796 0.2799 0.0068 0.0104
0 0.6001 0.2832 0.0088 0.0143
0 0.5293 0.1452 0.0098 0.0143
0 0.5566 0.179 0.0098 0.0143
0 0.5552 0.2435 0.0107 0.0156
0 0.5747 0.2598 0.0088 0.0143
0 0.5757 0.1478 0.0088 0.0117
0 0.7378 0.321 0.0088 0.0169
0 0.8076 0.1699 0.0078 0.0143
0 0.8286 0.1862 0.0088 0.0156
0 0.8335 0.1582 0.0088 0.0117
0 0.7549 0.1914 0.0098 0.0156
0 0.728 0.1888 0.0088 0.013
0 0.7827 0.2578 0.0068 0.013
0 0.8232 0.2578 0.0078 0.0156
0 0.7065 0.3268 0.0088 0.013
0 0.4004 0.0312 0.0078 0.013
0 0.4424 0.0404 0.0098 0.013
0 0.5635 0.0169 0.0078 0.013
0 0.5898 0.0918 0.0078 0.0143
0 0.562 0.1113 0.0107 0.0169
0 0.6436 0.123 0.0078 0.0143
0 0.6128 0.1139 0.0088 0.0143
0 0.5815 0.0625 0.0088 0.013
0 0.6045 0.0579 0.0078 0.0143
0 0.626 0.0208 0.0078 0.013
0 0.771 0.1374 0.0107 0.0143
0 0.7949 0.1309 0.0098 0.0143
0 0.7949 0.0911 0.0078 0.013
0 0.8096 0.0475 0.0078 0.0143
0 0.8623 0.1543 0.0078 0.0143
0 0.8887 0.1725 0.0078 0.0143
0 0.915 0.2148 0.0098 0.013
0 0.8916 0.2129 0.0078 0.0143
0 0.8682 0.1159 0.0078 0.0104
0 0.8999 0.0833 0.0088 0.0156
0 0.8945 0.1237 0.0098 0.013
0 0.9233 0.1348 0.0088 0.0143
0 0.0493 0.3105 0.0127 0.0195
0 0.0107 0.2793 0.0098 0.0169
0 0.0361 0.2799 0.0117 0.013
0 0.9155 0.1751 0.0088 0.0143
0 0.939 0.0931 0.0088 0.0169
0 0.9717 0.11 0.0098 0.0143
0 0.9424 0.1445 0.0078 0.013
0 0.9517 0.194 0.0068 0.013
0 0.9717 0.1966 0.0098 0.0156
0 0.9854 0.1699 0.0078 0.0117
0 0.9712 0.0566 0.0088 0.0117
0 0.939 0.0599 0.0107 0.0156
0 0.9575 0.028 0.0088 0.0117
0 0.9746 0.0273 0.0098 0.013
0 0.8872 0.0521 0.0088 0.013
0 0.8062 0.1074 0.0068 0.0117
0 0.8447 0.1107 0.0078 0.013
0 0.9668 0.2682 0.0098 0.013
0 0.9712 0.3034 0.0107 0.013
0 0.9292 0.4479 0.0107 0.0156
0 0.8745 0.3841 0.0107 0.0156
0 0.9058 0.3835 0.0088 0.0117
0 0.8506 0.4453 0.0117 0.0182
0 0.4517 0.3242 0.0088 0.0156
0 0.3018 0.3971 0.0098 0.0156
0 0.7397 0.5085 0.0088 0.0169
0 0.6953 0.4707 0.0117 0.0169
0 0.4639 0.5267 0.0137 0.0195
0 0.4053 0.597 0.0098 0.0169
0 0.5088 0.5905 0.0078 0.0143
0 0.4839 0.3021 0.0107 0.0156
0 0.9834 0.498 0.0117 0.0195
0 0.3652 0.2214 0.0098 0.0156
0 0.5059 0.2148 0.0117 0.0208
0 0.1582 0.2318 0.0098 0.0182
0 0.189 0.2233 0.0068 0.0169
0 0.2056 0.2174 0.0107 0.0156
0 0.2373 0.209 0.0078 0.0143
0 0.1123 0.1003 0.0098 0.0182
