0 0.9404 0.1823 0.0605 0.1127
0 0.6899 0.1435 0.0635 0.1171
0 0.6001 0.2416 0.0674 0.1288
0 0.5034 0.2452 0.0674 0.1069
0 0.8613 0.0461 0.0527 0.0952
0 0.7656 0.0476 0.0469 0.0922
0 0.6245 0.1237 0.0596 0.1069
0 0.5322 0.1288 0.0625 0.1083
0 0.5635 0.0798 0.0391 0.0835
0 0.312 0.2613 0.0674 0.1157
0 0.1899 0.3141 0.0674 0.1215
0 0.1084 0.3192 0.0703 0.1054
0 0.2471 0.1999 0.0527 0.1069
0 0.395 0.2408 0.0557 0.104
0 0.3511 0.1493 0.04 0.0878
0 0.3296 0.0974 0.0439 0.0922
0 0.4346 0.0286 0.0391 0.06
0 0.2314 0.0483 0.0508 0.0878
0 0.1934 0.1413 0.0449 0.0922
0 0.084 0.1713 0.0488 0.0849
0 0.0674 0.0307 0.0449 0.0644
0 0.0684 0.1157 0.041 0.082
0 0.0439 0.0498 0.0352 0.0732
0 0.0132 0.134 0.0283 0.0922
0 0.6909 0.052 0.0518 0.0805
0 0.0142 0.3038 0.0303 0.104
