0 0.7695 0.1045 0.0293 0.0479
0 0.8813 0.08 0.0264 0.0516
0 0.9907 0.0888 0.0146 0.0441
0 0.9927 0.1776 0.0127 0.0479
0 0.9731 0.2443 0.0303 0.0554
0 0.875 0.1562 0.0293 0.0529
0 0.8438 0.3615 0.0254 0.0453
0 0.6689 0.0264 0.0234 0.0428
0 0.5688 0.0894 0.0264 0.0529
0 0.6401 0.1587 0.0244 0.0479
0 0.7524 0.2588 0.0283 0.0567
0 0.7319 0.2576 0.0244 0.0466
0 0.6719 0.1555 0.0195 0.0365
0 0.6348 0.255 0.0273 0.0516
0 0.6426 0.3463 0.0273 0.0479
0 0.3877 0.1826 0.0254 0.0428
0 0.5405 0.1782 0.0244 0.039
0 0.5488 0.2639 0.0234 0.0491
0 0.4556 0.2632 0.0264 0.0479
0 0.5391 0.3533 0.0254 0.0567
0 0.5586 0.4232 0.0273 0.0579
0 0.4243 0.3558 0.0283 0.0516
0 0.5547 0.5441 0.0273 0.0378
0 0.5771 0.6341 0.0312 0.0567
0 0.4072 0.5485 0.0293 0.0592
0 0.4648 0.7286 0.0312 0.0592
0 0.4302 0.7374 0.0322 0.0617
0 0.5859 0.7343 0.0332 0.063
0 0.9463 0.4263 0.0332 0.0617
0 0.8433 0.4414 0.0264 0.0542
0 0.8867 0.5453 0.0293 0.0428
0 0.9214 0.6637 0.0283 0.063
0 0.769 0.5176 0.0322 0.0529
0 0.834 0.6165 0.0332 0.0567
0 0.8315 0.7519 0.0322 0.0655
0 0.9658 0.7664 0.0273 0.0617
0 0.728 0.6429 0.0322 0.0642
0 0.7769 0.6077 0.0088 0.0164
0 0.6685 0.5346 0.0283 0.0416
0 0.6855 0.6499 0.0293 0.0579
0 0.6904 0.8004 0.0352 0.0642
0 0.2358 0.0176 0.0225 0.0378
0 0.0088 0.0705 0.0176 0.0479
0 0.0078 0.2544 0.0156 0.0453
0 0.1177 0.0875 0.0186 0.0441
0 0.04 0.1858 0.0234 0.0466
0 0.1401 0.1751 0.0283 0.0479
0 0.2651 0.1637 0.0244 0.0403
0 0.3091 0.2393 0.0283 0.0529
0 0.2231 0.3168 0.0264 0.0516
0 0.3184 0.335 0.0293 0.0504
0 0.2852 0.4106 0.0273 0.0504
0 0.1035 0.279 0.0234 0.0491
0 0.104 0.3306 0.0283 0.0542
0 0.0259 0.427 0.0283 0.0504
0 0.0757 0.4282 0.0264 0.0428
0 0.0659 0.6467 0.0264 0.0542
0 0.2041 0.614 0.0293 0.0567
0 0.313 0.6291 0.0283 0.0516
0 0.2998 0.7223 0.0352 0.0642
0 0.1714 0.7531 0.0342 0.0655
0 0.0718 0.7393 0.0283 0.0579
0 0.0234 0.7286 0.0312 0.0592
0 0.3359 0.5296 0.0293 0.0542
0 0.1816 0.5321 0.0273 0.0466
0 0.3491 0.7336 0.0322 0.0567
