0 0.0776 0.4151 0.0186 0.0171
0 0.0762 0.433 0.0137 0.0171
0 0.1299 0.3816 0.041 0.0428
0 0.1987 0.3734 0.0439 0.0478
0 0.2437 0.4048 0.0303 0.025
0 0.3149 0.4183 0.0186 0.0164
0 0.3438 0.4148 0.0156 0.015
0 0.0537 0.4426 0.0078 0.0093
0 0.6851 0.4023 0.0303 0.03
0 0.6914 0.3716 0.0312 0.0271
0 0.7798 0.4412 0.0322 0.0335
0 0.8438 0.3866 0.0176 0.0157
0 0.8789 0.3841 0.0254 0.0278
0 0.8965 0.3976 0.0312 0.0278
0 0.9185 0.4668 0.0303 0.0307
0 0.9492 0.3937 0.0117 0.0114
0 0.4995 0.8149 0.1006 0.0435
