0 0.2637 0.5755 0.0156 0.0339
0 0.1333 0.7142 0.0166 0.0273
0 0.0845 0.6823 0.0166 0.0312
0 0.0742 0.5007 0.0137 0.0247
0 0.1138 0.4896 0.0146 0.0286
0 0.0112 0.5039 0.0127 0.0234
0 0.5405 0.2448 0.04 0.0443
0 0.3999 0.5612 0.0166 0.0365
0 0.2246 0.5065 0.0156 0.026
0 0.04 0.6048 0.0156 0.0273
0 0.0835 0.6113 0.0166 0.0221
0 0.1069 0.6309 0.0107 0.0169
0 0.147 0.6003 0.0146 0.0234
0 0.0176 0.4629 0.0156 0.0247
0 0.0327 0.4408 0.0146 0.0221
0 0.019 0.4238 0.0127 0.0195
0 0.0615 0.4395 0.0137 0.0273
0 0.2568 0.4948 0.0117 0.0208
0 0.3491 0.5072 0.0127 0.0221
0 0.3916 0.4772 0.0117 0.0221
0 0.3438 0.4681 0.0117 0.0247
0 0.2852 0.4648 0.0117 0.0208
0 0.2412 0.4128 0.0117 0.0208
0 0.2734 0.4095 0.0098 0.0195
0 0.2539 0.4219 0.0117 0.0182
0 0.1929 0.4102 0.0127 0.0208
0 0.1489 0.4095 0.0127 0.0195
0 0.3774 0.4355 0.0127 0.0221
0 0.3271 0.446 0.0117 0.0195
0 0.3311 0.4336 0.0117 0.0208
0 0.3237 0.4134 0.0127 0.0195
0 0.2275 0.4609 0.0117 0.0182
0 0.0269 0.2305 0.0088 0.0156
0 0.0146 0.2793 0.0059 0.0195
0 0.02 0.278 0.0088 0.0221
0 0.043 0.3086 0.0098 0.0156
0 0.064 0.3418 0.0107 0.0221
0 0.0737 0.3301 0.0088 0.0169
0 0.1021 0.3379 0.0107 0.0195
0 0.1289 0.3659 0.0098 0.0182
0 0.1196 0.3978 0.0107 0.0221
0 0.1719 0.3542 0.0098 0.0182
0 0.1138 0.2878 0.0107 0.0182
0 0.0811 0.2852 0.0117 0.0182
0 0.0503 0.278 0.0107 0.0169
0 0.0859 0.2598 0.0098 0.0195
0 0.124 0.2695 0.0098 0.0182
0 0.0645 0.2344 0.0098 0.013
0 0.126 0.2331 0.0098 0.0182
0 0.1538 0.2988 0.0088 0.0169
0 0.1841 0.2526 0.0088 0.0156
0 0.2144 0.36 0.0107 0.0169
0 0.2749 0.3776 0.0127 0.0208
0 0.3584 0.3932 0.0117 0.0208
0 0.1567 0.2422 0.0088 0.0156
0 0.2241 0.2695 0.0088 0.0156
0 0.251 0.2865 0.0098 0.0156
0 0.3467 0.3535 0.0098 0.0195
0 0.375 0.3223 0.0098 0.0143
0 0.1792 0.3281 0.0088 0.0156
0 0.1875 0.3203 0.0098 0.0156
0 0.1836 0.2891 0.0078 0.0156
0 0.2461 0.2396 0.0078 0.0156
0 0.3555 0.3398 0.0098 0.0208
0 0.3828 0.3626 0.0098 0.0169
0 0.3848 0.3822 0.0098 0.0169
0 0.311 0.3516 0.0127 0.0156
0 0.4434 0.5788 0.0117 0.0195
0 0.4019 0.3984 0.0107 0.0182
