0 0.7256 0.1933 0.0566 0.0791
0 0.7319 0.1032 0.0361 0.06
0 0.6636 0.1457 0.0322 0.0571
0 0.5806 0.2365 0.042 0.0776
0 0.5479 0.1925 0.0332 0.0571
0 0.5391 0.1193 0.0352 0.063
0 0.5078 0.1581 0.0312 0.0615
0 0.4663 0.172 0.0283 0.0512
0 0.4614 0.5 0.0479 0.0835
0 0.4048 0.1633 0.0381 0.0717
0 0.3359 0.1772 0.0371 0.0673
0 0.2837 0.1947 0.0381 0.0644
0 0.2788 0.1493 0.0361 0.0527
0 0.4023 0.3463 0.0469 0.0835
0 0.3096 0.1808 0.0234 0.0483
0 0.0229 0.3887 0.0186 0.0278
0 0.1089 0.3734 0.0088 0.0205
0 0.1382 0.3316 0.0107 0.022
0 0.0898 0.336 0.0098 0.019
0 0.0454 0.3119 0.0107 0.0205
0 0.042 0.2577 0.0137 0.0176
0 0.0874 0.2562 0.0088 0.0146
0 0.0791 0.2379 0.0078 0.0132
0 0.0967 0.2211 0.0078 0.0146
0 0.0957 0.2013 0.0078 0.0132
0 0.1377 0.2269 0.0078 0.0146
0 0.0283 0.2218 0.0078 0.0132
0 0.0669 0.2086 0.0068 0.0132
0 0.082 0.1911 0.0059 0.0132
0 0.0918 0.1903 0.0059 0.0117
0 0.0889 0.1669 0.0059 0.0117
0 0.0439 0.1933 0.0078 0.0146
0 0.022 0.1867 0.0068 0.0132
0 0.0049 0.3763 0.0117 0.0205
0 0.0073 0.3572 0.0107 0.0205
0 0.1289 0.3755 0.0156 0.0278
0 0.1235 0.2379 0.0088 0.0161
0 0.1909 0.2182 0.0068 0.0146
0 0.9849 0.3397 0.0088 0.0176
0 0.9658 0.3441 0.0078 0.0117
0 0.8838 0.3367 0.0078 0.0146
0 0.9263 0.3551 0.0068 0.0132
0 0.9346 0.3499 0.0059 0.0117
0 0.9048 0.347 0.0068 0.0117
