0 0.0508 0.3807 0.0059 0.0088
0 0.0327 0.3821 0.0049 0.0088
0 0.0132 0.3792 0.0049 0.0088
0 0.04 0.4019 0.0039 0.0102
0 0.0566 0.4143 0.0059 0.0117
0 0.061 0.3975 0.0068 0.0161
0 0.1025 0.4305 0.0039 0.0088
0 0.1006 0.4502 0.0059 0.0102
0 0.0869 0.4539 0.0059 0.0117
0 0.0762 0.4488 0.0059 0.0102
0 0.0688 0.448 0.0049 0.0088
0 0.0615 0.4641 0.0059 0.0117
0 0.0503 0.4524 0.0049 0.0088
0 0.0425 0.4451 0.0049 0.0059
0 0.04 0.4597 0.0059 0.0117
0 0.0205 0.4165 0.0039 0.0102
0 0.0029 0.4209 0.0039 0.0102
0 0.001 0.4422 0.0039 0.0088
0 0.1143 0.4524 0.0059 0.0117
0 0.1235 0.4319 0.0049 0.0117
0 0.1265 0.4451 0.0049 0.0088
0 0.1348 0.4641 0.0039 0.0117
0 0.1113 0.4802 0.0059 0.0117
0 0.02 0.4744 0.0068 0.0117
0 0.0161 0.4414 0.0049 0.0102
0 0.0205 0.4927 0.0078 0.0132
0 0.0386 0.481 0.0068 0.0161
0 0.0103 0.5044 0.0049 0.0132
0 0.1162 0.5022 0.0059 0.0146
0 0.106 0.4714 0.0049 0.0088
0 0.126 0.5293 0.0059 0.0102
0 0.1187 0.5388 0.0068 0.0117
0 0.0913 0.5242 0.0068 0.0146
0 0.0552 0.5066 0.0068 0.0117
0 0.0708 0.5183 0.0088 0.0176
0 0.041 0.5139 0.0059 0.0117
0 0.0269 0.5168 0.0068 0.0117
0 0.0054 0.5388 0.0088 0.0176
0 0.0347 0.53 0.0068 0.0117
0 0.0371 0.5447 0.0098 0.0117
0 0.0557 0.549 0.0078 0.0205
0 0.0859 0.563 0.0078 0.0132
0 0.0894 0.5469 0.0068 0.0132
0 0.0669 0.5754 0.0068 0.0146
0 0.0547 0.5893 0.0117 0.022
0 0.0869 0.5908 0.0098 0.0161
0 0.1187 0.5783 0.0088 0.0176
0 0.019 0.5893 0.0068 0.0132
0 0.0972 0.593 0.0088 0.0117
0 0.0654 0.4817 0.0078 0.0117
0 0.0679 0.5066 0.0088 0.0117
0 0.0303 0.6303 0.0078 0.0249
0 0.0605 0.6296 0.0137 0.0234
0 0.0938 0.623 0.0117 0.0278
0 0.1172 0.6076 0.0059 0.0146
0 0.1318 0.6069 0.0098 0.019
0 0.1255 0.6428 0.0107 0.0205
0 0.147 0.6332 0.0107 0.022
0 0.1626 0.6266 0.0107 0.0205
0 0.1782 0.6706 0.0107 0.0234
0 0.1655 0.5776 0.0088 0.019
0 0.1533 0.5915 0.0098 0.0146
0 0.1416 0.5688 0.0078 0.0161
0 0.1699 0.5337 0.0098 0.0161
0 0.167 0.5066 0.0078 0.0146
0 0.1367 0.5154 0.0078 0.0146
0 0.1846 0.4773 0.0078 0.0117
0 0.165 0.4722 0.0059 0.0102
0 0.147 0.4802 0.0068 0.0117
0 0.1812 0.4495 0.0049 0.0088
0 0.1743 0.4495 0.0049 0.0117
0 0.1533 0.4524 0.0059 0.0117
0 0.1499 0.4444 0.0049 0.0102
0 0.064 0.5439 0.0107 0.019
0 0.0083 0.6025 0.0127 0.022
0 0.0107 0.6567 0.0117 0.022
0 0.1387 0.4327 0.0059 0.0102
0 0.1455 0.4261 0.0039 0.0088
0 0.1919 0.5146 0.0068 0.0132
0 0.1841 0.5337 0.0088 0.0102
0 0.1895 0.5761 0.0098 0.0161
0 0.1514 0.4056 0.0059 0.0088
0 0.2002 0.4078 0.0039 0.0073
0 0.1948 0.4209 0.0029 0.0073
0 0.2124 0.4305 0.0029 0.0088
0 0.2246 0.4392 0.0039 0.0088
0 0.2339 0.4305 0.0029 0.0088
0 0.2358 0.4078 0.0049 0.0102
0 0.2686 0.4392 0.0039 0.0088
0 0.2754 0.4531 0.0039 0.0102
0 0.2588 0.4597 0.0039 0.0088
0 0.2441 0.4531 0.0039 0.0073
0 0.2607 0.4773 0.0059 0.0088
0 0.2402 0.4766 0.0059 0.0102
0 0.2173 0.4722 0.0049 0.0073
0 0.2007 0.4627 0.0049 0.0088
0 0.2075 0.4773 0.0049 0.0117
0 0.2637 0.5117 0.0078 0.0132
0 0.248 0.5139 0.0059 0.0146
0 0.2134 0.5256 0.0068 0.0117
0 0.21 0.5425 0.0098 0.0161
0 0.2393 0.5622 0.0078 0.0146
0 0.271 0.5791 0.0107 0.019
0 0.2534 0.5952 0.0088 0.019
0 0.2407 0.5432 0.0068 0.0146
0 0.1929 0.5622 0.0107 0.0176
0 0.2139 0.6208 0.0098 0.0205
0 0.2188 0.6384 0.0117 0.0234
0 0.2358 0.6347 0.0068 0.0161
0 0.2573 0.6186 0.0107 0.022
0 0.2861 0.6376 0.0098 0.022
0 0.3042 0.6369 0.0088 0.0205
0 0.3115 0.6215 0.0117 0.019
0 0.3145 0.5813 0.0078 0.0176
0 0.3872 0.4239 0.0029 0.0102
0 0.3774 0.4268 0.0049 0.0102
0 0.3647 0.4283 0.0049 0.0102
0 0.4019 0.4451 0.0049 0.0088
0 0.3486 0.4539 0.0039 0.0088
0 0.3257 0.4268 0.0049 0.0102
0 0.311 0.418 0.0049 0.0102
0 0.3052 0.4422 0.0049 0.0088
0 0.2925 0.4561 0.0049 0.0102
0 0.3008 0.4722 0.0039 0.0102
0 0.2847 0.4802 0.0049 0.0146
0 0.2764 0.5161 0.0059 0.0102
0 0.2964 0.5161 0.0049 0.0102
0 0.312 0.4817 0.0049 0.0117
0 0.3457 0.4363 0.0039 0.0088
0 0.3354 0.4319 0.0049 0.0088
0 0.2983 0.4231 0.0049 0.0088
0 0.3257 0.5351 0.0068 0.0161
0 0.355 0.5366 0.0068 0.0161
0 0.3706 0.5022 0.0049 0.0117
0 0.3789 0.4993 0.0059 0.0146
0 0.4058 0.4722 0.0049 0.0102
0 0.3989 0.4722 0.0049 0.0102
0 0.417 0.4883 0.0059 0.0132
0 0.4258 0.4832 0.0059 0.0117
0 0.4038 0.5124 0.0049 0.0088
0 0.4116 0.5373 0.0068 0.0117
0 0.3945 0.5469 0.0059 0.0102
0 0.4014 0.5622 0.0059 0.0117
0 0.3872 0.5571 0.0068 0.0161
0 0.3657 0.5586 0.0068 0.0161
0 0.3955 0.5747 0.0078 0.0161
0 0.4292 0.5695 0.0068 0.0117
0 0.4243 0.5271 0.0049 0.0205
0 0.4209 0.5849 0.0078 0.0161
0 0.417 0.601 0.0059 0.019
0 0.4185 0.6223 0.0088 0.0176
0 0.3882 0.6171 0.0127 0.0249
0 0.3569 0.5878 0.0068 0.0132
0 0.3428 0.6047 0.0078 0.0176
0 0.3457 0.6413 0.0117 0.0205
0 0.3623 0.6428 0.0117 0.0234
0 0.3745 0.6318 0.0088 0.0161
0 0.4141 0.6449 0.0078 0.019
0 0.4233 0.6618 0.0068 0.0146
0 0.5278 0.4136 0.0049 0.0102
0 0.5181 0.4129 0.0049 0.0088
0 0.5029 0.407 0.0039 0.0088
0 0.5308 0.4268 0.0049 0.0102
0 0.5151 0.4261 0.0049 0.0088
0 0.4966 0.4224 0.0029 0.0073
0 0.4844 0.4327 0.0039 0.0073
0 0.4756 0.4261 0.0039 0.0117
0 0.4629 0.4275 0.0039 0.0088
0 0.437 0.44 0.0049 0.0073
0 0.4473 0.4524 0.0039 0.0088
0 0.4663 0.4436 0.0029 0.0088
0 0.459 0.4407 0.0039 0.0088
0 0.479 0.4495 0.0049 0.0088
0 0.5181 0.4466 0.0049 0.0117
0 0.5093 0.4531 0.0049 0.0102
0 0.4961 0.4627 0.0059 0.0117
0 0.5093 0.4678 0.0049 0.0073
0 0.5259 0.4656 0.0049 0.0117
0 0.5166 0.4898 0.0039 0.0073
0 0.501 0.4978 0.0059 0.0088
0 0.4819 0.4736 0.0049 0.0102
0 0.4526 0.4861 0.0049 0.0088
0 0.4409 0.4736 0.0049 0.0073
0 0.4419 0.4993 0.0068 0.0117
0 0.4746 0.5051 0.0059 0.0117
0 0.5176 0.5124 0.0059 0.0146
0 0.5151 0.5293 0.0049 0.0132
0 0.5029 0.549 0.0059 0.0146
0 0.4707 0.5425 0.0078 0.0161
0 0.4497 0.5732 0.0088 0.0161
0 0.4927 0.5791 0.0068 0.0132
0 0.4844 0.5805 0.0059 0.0132
0 0.4658 0.5681 0.0059 0.0117
0 0.5176 0.5652 0.0059 0.0146
0 0.5278 0.5688 0.0088 0.0132
0 0.5225 0.5857 0.0078 0.0146
0 0.4575 0.6135 0.0068 0.0117
0 0.5024 0.6523 0.0088 0.019
0 0.4839 0.6398 0.0107 0.0205
0 0.4697 0.6471 0.0098 0.0205
0 0.4536 0.6369 0.0088 0.0176
0 0.4419 0.6515 0.0107 0.0146
0 0.4517 0.6552 0.0107 0.0161
0 0.4814 0.5454 0.0078 0.0161
0 0.4424 0.5278 0.0078 0.0161
0 0.5767 0.2716 0.0342 0.0571
0 0.667 0.3968 0.0039 0.0088
0 0.6602 0.4151 0.0059 0.0102
0 0.6421 0.4268 0.0049 0.0102
0 0.687 0.5293 0.0068 0.0102
0 0.6655 0.5256 0.0049 0.0146
0 0.6445 0.5505 0.0078 0.0146
0 0.6646 0.5498 0.0088 0.0132
0 0.6816 0.5542 0.0059 0.0102
0 0.6665 0.5732 0.0068 0.0161
0 0.6855 0.5769 0.0078 0.0146
0 0.7012 0.5754 0.0078 0.0176
0 0.6807 0.6142 0.0098 0.019
0 0.6968 0.6201 0.0088 0.0161
0 0.6978 0.6515 0.0127 0.0264
0 0.8135 0.4004 0.0039 0.0102
0 0.8008 0.4173 0.0039 0.0088
0 0.7632 0.4422 0.0049 0.0088
0 0.7866 0.4553 0.0049 0.0088
0 0.8052 0.4517 0.0049 0.0102
0 0.8125 0.4758 0.0039 0.0117
0 0.792 0.4736 0.0059 0.0102
0 0.7661 0.4729 0.0049 0.0088
0 0.7632 0.4575 0.0049 0.0102
0 0.7749 0.4985 0.0049 0.0132
0 0.7935 0.5022 0.0049 0.0088
0 0.8003 0.5088 0.0049 0.0132
0 0.8179 0.5015 0.0049 0.0102
0 0.8081 0.5176 0.0068 0.0132
0 0.7817 0.5286 0.0068 0.0146
0 0.79 0.5549 0.0059 0.0146
0 0.8052 0.5542 0.0049 0.0132
0 0.7939 0.5842 0.0078 0.0176
0 0.7642 0.601 0.0068 0.0161
0 0.7485 0.6435 0.0107 0.022
0 0.7866 0.6201 0.0068 0.019
0 0.814 0.6135 0.0068 0.0146
0 0.7866 0.6376 0.0068 0.0161
0 0.813 0.6442 0.0146 0.0264
0 0.8179 0.604 0.0068 0.0161
0 0.9771 0.4217 0.0049 0.0088
0 0.9619 0.4217 0.0039 0.0088
0 0.9507 0.4422 0.0049 0.0088
0 0.9365 0.4034 0.0039 0.0073
0 0.9297 0.4041 0.0039 0.0088
0 0.9111 0.4261 0.0039 0.0088
0 0.8857 0.4136 0.0039 0.0073
0 0.8989 0.4019 0.0029 0.0073
0 0.8311 0.3917 0.0059 0.0102
0 0.8647 0.4092 0.0049 0.0073
0 0.8525 0.4209 0.0039 0.0073
0 0.8657 0.4224 0.0049 0.0073
0 0.832 0.437 0.0039 0.0073
0 0.8452 0.4444 0.0049 0.0102
0 0.8374 0.4766 0.0049 0.0132
0 0.8647 0.437 0.0049 0.0102
0 0.8257 0.4466 0.0049 0.0088
0 0.8232 0.4363 0.0039 0.0088
0 0.832 0.4063 0.0039 0.0102
0 0.8721 0.4356 0.0039 0.0073
0 0.9165 0.448 0.0049 0.0088
0 0.9258 0.4568 0.0039 0.0088
0 0.9409 0.4663 0.0049 0.0102
0 0.9478 0.4634 0.0049 0.0102
0 0.9692 0.4612 0.0049 0.0088
0 0.9814 0.4707 0.0059 0.0132
0 0.9736 0.4766 0.0039 0.0102
0 0.9526 0.4832 0.0049 0.0117
0 0.8877 0.4561 0.0059 0.0102
0 0.8784 0.481 0.0029 0.0102
0 0.8945 0.4773 0.0039 0.0088
0 0.9155 0.4729 0.0049 0.0117
0 0.9038 0.4854 0.0049 0.0102
0 0.8267 0.4736 0.0068 0.0132
0 0.855 0.4795 0.0049 0.0132
0 0.8633 0.5015 0.0039 0.0102
0 0.8223 0.5205 0.0059 0.0132
0 0.8379 0.5286 0.0059 0.0117
0 0.8335 0.5117 0.0049 0.0102
0 0.8813 0.5132 0.0049 0.0102
0 0.8652 0.5307 0.0059 0.0132
0 0.8276 0.549 0.0068 0.0176
0 0.8413 0.5593 0.0068 0.0146
0 0.8599 0.5542 0.0068 0.0132
0 0.8667 0.5622 0.0068 0.0146
0 0.8931 0.552 0.0068 0.0176
0 0.8848 0.5278 0.0078 0.0132
0 0.9058 0.5022 0.0049 0.0117
0 0.916 0.522 0.0059 0.0132
0 0.9419 0.53 0.0068 0.0176
0 0.9224 0.563 0.0068 0.0161
0 0.9492 0.5454 0.0059 0.0161
0 0.9658 0.53 0.0059 0.0117
0 0.9746 0.5469 0.0117 0.0161
0 0.9219 0.4905 0.0059 0.0117
0 0.9238 0.4817 0.0059 0.0146
0 0.8579 0.5937 0.0068 0.0161
0 0.8574 0.6266 0.0078 0.0146
0 0.9175 0.623 0.0088 0.0161
0 0.9409 0.6003 0.0068 0.0146
0 0.9751 0.5791 0.0088 0.0132
0 0.9678 0.5922 0.0059 0.0132
0 0.9922 0.6142 0.0098 0.0132
0 0.9702 0.6288 0.0107 0.019
0 0.9526 0.642 0.0068 0.0132
0 0.9365 0.642 0.0078 0.019
0 0.8936 0.6618 0.0098 0.0176
0 0.8857 0.6332 0.0059 0.0161
0 0.8687 0.6545 0.0088 0.0176
0 0.8262 0.642 0.0078 0.019
0 0.7856 0.6764 0.0107 0.0205
0 0.4702 0.4714 0.0068 0.0117
0 0.6646 0.4239 0.0049 0.0102
0 0.6812 0.418 0.0049 0.0102
0 0.7002 0.3799 0.0039 0.0102
0 0.6812 0.4063 0.0049 0.0132
0 0.6514 0.3895 0.0039 0.0088
0 0.6577 0.3682 0.0068 0.0132
0 0.6357 0.5139 0.0078 0.0146
0 0.6401 0.5322 0.0107 0.0132
0 0.2144 0.4561 0.0049 0.0073
0 0.2021 0.4517 0.0059 0.0132
0 0.1816 0.4012 0.0039 0.0088
0 0.1973 0.4414 0.0059 0.0132
0 0.3262 0.4685 0.0059 0.0117
0 0.4048 0.5051 0.0049 0.0117
0 0.313 0.5615 0.0068 0.0102
0 0.4141 0.4649 0.0059 0.0102
0 0.3677 0.5154 0.0049 0.0117
0 0.3354 0.5381 0.0049 0.0102
0 0.1646 0.4122 0.0049 0.0102
0 0.1616 0.4297 0.0029 0.0073
0 0.1689 0.429 0.0039 0.0088
0 0.1787 0.4283 0.0059 0.0102
0 0.2905 0.3895 0.0029 0.0088
0 0.209 0.3909 0.0039 0.0088
0 0.2266 0.3931 0.0039 0.0102
0 0.3174 0.4524 0.0059 0.0117
0 0.3311 0.3982 0.0039 0.0088
0 0.0957 0.4766 0.0059 0.0102
