0 0.9404 0.0182 0.0176 0.033
0 0.8955 0.0434 0.0137 0.0417
0 0.9082 0.0642 0.0176 0.0382
0 0.9155 0.1771 0.0205 0.0556
0 0.9888 0.1771 0.0146 0.0451
0 0.9604 0.375 0.0244 0.0556
0 0.8423 0.0104 0.0166 0.0243
0 0.8481 0.1441 0.0186 0.0382
0 0.7935 0.0755 0.0166 0.0399
0 0.8135 0.059 0.0117 0.0312
0 0.8276 0.2135 0.0186 0.0451
0 0.7769 0.2569 0.0166 0.0521
0 0.7573 0.2517 0.0186 0.059
0 0.7402 0.2196 0.0176 0.0469
0 0.7603 0.138 0.0166 0.0469
0 0.7295 0.0694 0.0156 0.0417
0 0.6729 0.0252 0.0176 0.0365
0 0.6875 0.1589 0.0195 0.0399
0 0.6333 0.0764 0.0166 0.0486
0 0.6514 0.1814 0.0195 0.0399
0 0.5835 0.3793 0.0225 0.0538
0 0.5898 0.1319 0.0176 0.0556
0 0.6001 0.0903 0.0166 0.0347
0 0.5537 0.0477 0.0195 0.0469
0 0.5679 0.1927 0.0186 0.0417
0 0.541 0.191 0.0195 0.0417
0 0.5 0.1866 0.0215 0.0503
0 0.5171 0.2578 0.0225 0.0503
0 0.4746 0.2309 0.0215 0.0451
0 0.4482 0.1832 0.0566 0.0642
0 0.7808 0.3993 0.0205 0.0521
0 0.6343 0.4575 0.0459 0.0781
0 0.5093 0.0217 0.0186 0.0434
0 0.021 0.2014 0.0166 0.0451
0 0.0635 0.204 0.0176 0.0469
0 0.0981 0.2205 0.0166 0.0417
0 0.1196 0.2569 0.0146 0.0312
0 0.1558 0.2161 0.0166 0.0365
0 0.1528 0.2743 0.0166 0.0451
0 0.1821 0.4054 0.0205 0.0538
