0 0.4404 0.1324 0.0547 0.1131
0 0.6245 0.2966 0.0615 0.1214
0 0.0435 0.3662 0.0166 0.0317
0 0.0044 0.4669 0.0088 0.0317
0 0.0752 0.4814 0.0176 0.0359
0 0.0918 0.4648 0.0156 0.0331
0 0.1055 0.3655 0.0137 0.0303
0 0.1533 0.4834 0.0176 0.0262
0 0.1748 0.469 0.0176 0.0303
0 0.189 0.4021 0.0146 0.0317
0 0.2163 0.4069 0.0146 0.0248
0 0.1611 0.4379 0.0117 0.029
0 0.1489 0.4324 0.0127 0.0234
0 0.7456 0.3352 0.0146 0.0221
0 0.7446 0.3745 0.0186 0.0317
0 0.7422 0.4083 0.0176 0.0248
0 0.7896 0.4028 0.0225 0.0303
0 0.8086 0.3745 0.0176 0.0317
0 0.8032 0.3414 0.0166 0.0234
0 0.8638 0.2855 0.0146 0.0248
0 0.833 0.3779 0.0195 0.0331
0 0.8774 0.3772 0.0205 0.0317
0 0.8511 0.4145 0.0186 0.0317
0 0.9155 0.3731 0.0205 0.04
0 0.9023 0.3483 0.0195 0.0345
0 0.9048 0.2876 0.0146 0.029
0 0.9331 0.2793 0.0127 0.029
0 0.9175 0.4193 0.0205 0.0359
0 0.936 0.4034 0.0107 0.0345
0 0.9561 0.2738 0.0156 0.029
0 0.9731 0.3952 0.0205 0.0345
0 0.9487 0.3979 0.0166 0.029
0 0.9941 0.389 0.0098 0.0303
