0 0.0889 0.4187 0.0117 0.0234
0 0.1387 0.4824 0.0137 0.0278
0 0.186 0.489 0.0107 0.0234
0 0.2354 0.4868 0.0137 0.022
0 0.2876 0.4854 0.0107 0.022
0 0.335 0.4919 0.0117 0.0293
0 0.3628 0.4466 0.0127 0.0234
0 0.3145 0.4407 0.0117 0.0234
0 0.2661 0.4473 0.0107 0.022
0 0.2212 0.4568 0.0107 0.0234
0 0.1294 0.4407 0.0127 0.0234
0 0.1631 0.3968 0.0117 0.0234
0 0.2075 0.3975 0.0107 0.022
0 0.2031 0.3712 0.0098 0.019
0 0.2339 0.3624 0.0107 0.0249
0 0.2632 0.3551 0.0107 0.0249
0 0.2505 0.3902 0.0107 0.022
0 0.2979 0.3917 0.0117 0.0249
0 0.3042 0.3572 0.0107 0.0234
0 0.3354 0.3638 0.0107 0.0249
0 0.3403 0.396 0.0127 0.0249
0 0.374 0.366 0.0098 0.0234
0 0.417 0.3638 0.0117 0.022
0 0.4604 0.3646 0.0107 0.0234
0 0.5054 0.3638 0.0088 0.0249
0 0.3887 0.4056 0.0098 0.0234
0 0.4082 0.451 0.0117 0.0264
0 0.3843 0.4898 0.0127 0.022
0 0.4297 0.5 0.0117 0.022
0 0.4756 0.4817 0.0137 0.0264
0 0.4575 0.44 0.0127 0.0249
0 0.4351 0.4048 0.0107 0.022
0 0.8184 0.4231 0.0137 0.0234
0 0.7622 0.4034 0.0107 0.0249
0 0.7178 0.3953 0.0117 0.0234
0 0.6479 0.4341 0.0127 0.0249
0 0.6821 0.489 0.0127 0.0293
0 0.7021 0.4341 0.0137 0.0249
0 0.7495 0.4473 0.0107 0.022
0 0.7324 0.4919 0.0117 0.0264
0 0.7812 0.4934 0.0117 0.0234
0 0.8223 0.4919 0.0117 0.0234
0 0.481 0.3968 0.0107 0.0234
0 0.5034 0.4436 0.0107 0.0234
0 0.5293 0.4832 0.0137 0.0293
0 0.5557 0.4451 0.0117 0.0264
0 0.5796 0.4012 0.0107 0.0234
0 0.5947 0.369 0.0117 0.0234
0 0.5791 0.4883 0.0117 0.0249
0 0.6035 0.4466 0.0098 0.0176
0 0.5527 0.3682 0.0098 0.022
0 0.6289 0.3763 0.0117 0.0234
0 0.6396 0.3558 0.0098 0.0205
0 0.6733 0.3565 0.0107 0.0249
0 0.6753 0.3887 0.0107 0.0249
0 0.7065 0.3572 0.0107 0.0234
0 0.7368 0.3536 0.0107 0.0249
0 0.7729 0.3653 0.0107 0.0249
0 0.8062 0.3887 0.0127 0.0249
0 0.6299 0.489 0.0117 0.0234
0 0.5298 0.396 0.0107 0.022
0 0.1758 0.4444 0.0117 0.019
