0 0.1616 0.1078 0.0088 0.0156
0 0.186 0.1344 0.0107 0.0188
0 0.1738 0.0375 0.0098 0.0188
0 0.1719 0.0813 0.0098 0.0188
0 0.1323 0.0359 0.0068 0.0125
0 0.1084 0.0273 0.0078 0.0141
0 0.2842 0.0656 0.0078 0.0156
0 0.3174 0.0992 0.0098 0.0172
0 0.5293 0.1039 0.0098 0.0141
0 0.5039 0.0992 0.0117 0.0203
0 0.6025 0.0227 0.0098 0.0203
0 0.5518 0.0695 0.0078 0.0141
0 0.6504 0.1102 0.0078 0.0172
0 0.5854 0.0758 0.0088 0.0172
0 0.7144 0.1008 0.0107 0.0203
0 0.9204 0.0484 0.0068 0.0188
0 0.8447 0.0078 0.0078 0.0125
0 0.8696 0.0086 0.0068 0.0141
0 0.8906 0.007 0.0098 0.0141
0 0.2437 0.1211 0.04 0.0891
0 0.3672 0.1516 0.0371 0.0719
0 0.1465 0.5102 0.043 0.0797
0 0.3096 0.4125 0.041 0.0875
0 0.4976 0.1945 0.0381 0.0953
0 0.4863 0.4078 0.043 0.0844
0 0.6104 0.1578 0.041 0.0938
0 0.7051 0.1836 0.0391 0.0859
0 0.855 0.1805 0.04 0.0859
0 0.688 0.432 0.0439 0.0922
0 0.8169 0.3641 0.042 0.0875
0 0.3623 0.0273 0.0078 0.0141
0 0.3198 0.0469 0.0088 0.0156
0 0.2842 0.032 0.0078 0.0109
0 0.2729 0.0398 0.0088 0.0141
0 0.2861 0.1008 0.0078 0.0172
0 0.4702 0.0766 0.0088 0.0156
0 0.4609 0.0234 0.0098 0.0125
0 0.5166 0.0469 0.0098 0.0156
0 0.5684 0.0672 0.0098 0.0156
0 0.5938 0.0477 0.0098 0.0234
0 0.4561 0.1055 0.0098 0.0172
0 0.4087 0.0758 0.0088 0.0141
0 0.4189 0.0938 0.0078 0.0125
0 0.7666 0.1078 0.0098 0.0188
0 0.6729 0.0672 0.0078 0.0188
0 0.6938 0.0297 0.0107 0.0188
0 0.7891 0.107 0.0078 0.0172
0 0.7383 0.1086 0.0098 0.0172
0 0.8184 0.107 0.0078 0.0172
0 0.8413 0.0766 0.0068 0.0156
0 0.8184 0.0266 0.0078 0.0156
0 0.7676 0.0445 0.0078 0.0141
0 0.7979 0.05 0.0078 0.0156
0 0.8027 0.0727 0.0117 0.0203
0 0.7363 0.0523 0.0098 0.0141
0 0.9014 0.1094 0.0078 0.0156
0 0.918 0.082 0.0078 0.0172
0 0.8823 0.0289 0.0068 0.0141
0 0.8838 0.0633 0.0078 0.0141
0 0.939 0.1023 0.0107 0.0203
0 0.9536 0.0688 0.0088 0.0188
0 0.9614 0.1344 0.0107 0.0156
0 0.9702 0.0344 0.0088 0.0156
0 0.1147 0.05 0.0068 0.0125
