0 0.0635 0.431 0.0234 0.0521
0 0.1201 0.4232 0.0137 0.0208
0 0.3398 0.4935 0.0273 0.0443
0 0.2739 0.444 0.0186 0.0417
0 0.3091 0.4258 0.0166 0.0391
0 0.251 0.4342 0.0156 0.0404
0 0.2271 0.4141 0.0205 0.0443
0 0.3374 0.4043 0.0146 0.0326
0 0.4756 0.3984 0.0273 0.0547
0 0.543 0.4212 0.0273 0.0508
0 0.5728 0.4102 0.0146 0.0312
0 0.6074 0.4479 0.0234 0.0469
0 0.6226 0.3887 0.0186 0.0326
0 0.6567 0.4232 0.0244 0.0495
0 0.6865 0.4421 0.0254 0.056
0 0.7388 0.4251 0.0303 0.0482
0 0.7163 0.457 0.0205 0.0286
0 0.8027 0.5163 0.0273 0.0534
0 0.7856 0.6315 0.0342 0.0573
0 0.8755 0.457 0.0186 0.0391
0 0.9561 0.4531 0.0156 0.0391
0 0.2427 0.6393 0.0342 0.0469
0 0.2969 0.3919 0.0137 0.0234
0 0.2676 0.3906 0.0156 0.0234
0 0.1748 0.3939 0.0137 0.0221
0 0.1011 0.459 0.0146 0.0247
0 0.3232 0.3757 0.0137 0.0221
0 0.3716 0.3691 0.0088 0.0195
0 0.3857 0.416 0.0156 0.0299
0 0.8071 0.4616 0.0205 0.0326
