0 0.1416 0.4848 0.0254 0.0521
0 0.3882 0.7221 0.0146 0.026
0 0.4087 0.6585 0.0127 0.026
0 0.3613 0.6671 0.0137 0.026
0 0.3198 0.6737 0.0166 0.0333
0 0.7285 0.7475 0.0137 0.0275
0 0.7734 0.7453 0.0156 0.0289
0 0.709 0.7272 0.0137 0.0275
0 0.6821 0.7315 0.0146 0.0304
0 0.4653 0.6816 0.0127 0.026
0 0.9736 0.8104 0.0156 0.0232
0 0.9429 0.8177 0.0205 0.0318
0 0.9702 0.7692 0.0166 0.0246
0 0.9868 0.767 0.0146 0.0289
0 0.9683 0.7388 0.0127 0.0217
0 0.9414 0.7424 0.0117 0.0203
0 0.9238 0.7243 0.0137 0.0275
0 0.9058 0.7352 0.0107 0.0232
0 0.939 0.7764 0.0107 0.0188
0 0.9644 0.6476 0.0166 0.0333
0 0.9912 0.6252 0.0137 0.026
0 0.9668 0.6751 0.0137 0.0188
0 0.9414 0.6758 0.0137 0.0203
0 0.9238 0.6722 0.0137 0.0275
0 0.9458 0.699 0.0127 0.0232
0 0.957 0.7171 0.0117 0.0217
0 0.9731 0.7164 0.0146 0.0232
0 0.918 0.7019 0.0137 0.0232
0 0.8911 0.6954 0.0146 0.0275
0 0.8828 0.6881 0.0117 0.0246
0 0.8853 0.6563 0.0127 0.0246
0 0.8862 0.6317 0.0127 0.0246
0 0.9019 0.7909 0.0146 0.0333
0 0.9004 0.7692 0.0098 0.0188
0 0.8809 0.7359 0.0137 0.0217
0 0.8711 0.7562 0.0156 0.0217
0 0.8691 0.7243 0.0137 0.0246
0 0.8555 0.7533 0.0137 0.0217
0 0.8306 0.7605 0.0127 0.0246
0 0.8145 0.7634 0.0156 0.0246
0 0.832 0.7366 0.0176 0.026
0 0.8193 0.7265 0.0156 0.0289
0 0.8477 0.6946 0.0117 0.0289
0 0.8369 0.6954 0.0117 0.0275
0 0.8589 0.6614 0.0166 0.0203
0 0.8706 0.6787 0.0107 0.0232
0 0.8096 0.6961 0.0156 0.026
0 0.7832 0.6838 0.0137 0.0217
0 0.7876 0.7055 0.0127 0.0159
0 0.8149 0.623 0.0107 0.0246
0 0.8364 0.6114 0.0088 0.0217
0 0.7842 0.6114 0.0137 0.0246
0 0.7778 0.652 0.0146 0.0246
0 0.7471 0.6628 0.0117 0.0203
0 0.7671 0.7084 0.0166 0.0304
0 0.751 0.6867 0.0078 0.0217
0 0.7456 0.7294 0.0127 0.0232
0 0.7573 0.7446 0.0146 0.0217
0 0.6777 0.6975 0.0117 0.0289
0 0.731 0.7098 0.0166 0.0275
0 0.6606 0.741 0.0127 0.0203
0 0.6714 0.7554 0.0127 0.0174
0 0.5923 0.7315 0.0146 0.0246
0 0.5088 0.7344 0.0176 0.0304
0 0.4897 0.6903 0.0127 0.026
0 0.4746 0.7359 0.0137 0.0188
0 0.4951 0.7323 0.0098 0.0174
0 0.3843 0.6823 0.0107 0.0246
0 0.312 0.6397 0.0127 0.0203
0 0.2661 0.6715 0.0127 0.026
0 0.2305 0.6961 0.0137 0.026
0 0.2754 0.7113 0.0117 0.0217
0 0.2896 0.7482 0.0107 0.026
0 0.2153 0.7033 0.0127 0.026
0 0.2056 0.67 0.0088 0.0203
0 0.187 0.6925 0.0107 0.0246
0 0.2246 0.6664 0.0137 0.0246
0 0.2163 0.6505 0.0107 0.0188
0 0.2832 0.6505 0.0117 0.0217
0 0.2637 0.6208 0.0098 0.0174
0 0.3311 0.5767 0.0098 0.0188
0 0.313 0.5781 0.0088 0.0188
0 0.3164 0.6165 0.0078 0.0145
0 0.3765 0.6397 0.0088 0.0174
0 0.377 0.6179 0.0098 0.0174
0 0.3662 0.6324 0.0098 0.0174
0 0.1855 0.6353 0.0098 0.0174
0 0.2192 0.6143 0.0107 0.0188
0 0.1992 0.6324 0.0098 0.0203
0 0.2021 0.6129 0.0117 0.0188
0 0.062 0.67 0.0127 0.0203
0 0.0435 0.6852 0.0127 0.0188
0 0.0781 0.6939 0.0117 0.0188
0 0.1714 0.6606 0.0107 0.0188
0 0.1704 0.6867 0.0107 0.0217
0 0.1587 0.61 0.0127 0.0217
0 0.147 0.6295 0.0107 0.0232
0 0.1577 0.636 0.0088 0.0159
0 0.0713 0.6505 0.0117 0.0217
0 0.0142 0.691 0.0107 0.0159
0 0.0283 0.6896 0.0098 0.0188
0 0.0186 0.6628 0.0137 0.0203
0 0.0479 0.6462 0.0098 0.0188
0 0.0269 0.6411 0.0088 0.0174
0 0.0645 0.631 0.0098 0.0174
0 0.0347 0.6201 0.0107 0.0159
0 0.0532 0.6281 0.0088 0.0174
0 0.0796 0.631 0.0088 0.0174
0 0.0347 0.6563 0.0107 0.0188
0 0.0522 0.6085 0.0088 0.0159
0 0.0151 0.6194 0.0088 0.0203
0 0.0674 0.6006 0.0078 0.0145
0 0.04 0.6114 0.0098 0.0188
0 0.0737 0.5897 0.0088 0.0159
0 0.0142 0.5904 0.0088 0.0116
0 0.0054 0.6056 0.0068 0.0101
