0 0.604 0.2068 0.0752 0.0935
0 0.4897 0.2996 0.0693 0.1152
0 0.2114 0.1991 0.0439 0.0755
0 0.123 0.2247 0.0273 0.0499
0 0.0742 0.2907 0.0234 0.0461
0 0.2979 0.2247 0.0234 0.0423
0 0.2593 0.1479 0.0205 0.0423
0 0.8091 0.1178 0.0225 0.0512
0 0.7891 0.1761 0.0234 0.0448
0 0.7217 0.0819 0.0234 0.041
0 0.394 0.2951 0.0205 0.0423
0 0.3604 0.2017 0.0176 0.0371
0 0.4297 0.1876 0.0234 0.0397
0 0.4141 0.1236 0.0254 0.0448
0 0.4531 0.0948 0.0215 0.0384
0 0.4917 0.0967 0.0166 0.0397
0 0.5137 0.1524 0.0215 0.0435
0 0.0767 0.1274 0.0244 0.0474
0 0.1626 0.0423 0.0225 0.0461
0 0.2891 0.0698 0.0215 0.0397
0 0.3955 0.0391 0.0234 0.0423
0 0.9385 0.0262 0.0293 0.0448
0 0.8989 0.032 0.0283 0.0384
0 0.8516 0.0224 0.0332 0.0448
0 0.8613 0.1178 0.0293 0.0461
0 0.8525 0.1831 0.0234 0.0384
0 0.9551 0.1773 0.0312 0.0499
0 0.9521 0.3054 0.0273 0.0499
0 0.3467 0.1069 0.0273 0.0448
0 0.5112 0.0467 0.0225 0.0346
0 0.0693 0.2356 0.0273 0.0384
0 0.2109 0.0858 0.0234 0.041
0 0.2612 0.0858 0.0283 0.0487
0 0.4453 0.0435 0.0254 0.0435
0 0.5444 0.0474 0.0244 0.0435
0 0.7715 0.0218 0.0215 0.041
0 0.686 0.0218 0.0225 0.041
0 0.0166 0.0794 0.0215 0.0359
0 0.0229 0.1312 0.0283 0.0397
0 0.0117 0.2273 0.0234 0.0448
0 0.9863 0.0768 0.0254 0.0435
0 0.9795 0.2068 0.0254 0.0474
0 0.9868 0.2746 0.0244 0.0474
0 0.8682 0.3073 0.0234 0.041
0 0.7451 0.1248 0.0254 0.0423
