0 0.0811 0.2186 0.0371 0.0738
0 0.9141 0.3224 0.0352 0.071
0 0.8623 0.4563 0.0352 0.0656
0 0.8359 0.25 0.0332 0.0656
0 0.7764 0.1837 0.0332 0.0587
0 0.5303 0.1673 0.0332 0.0697
0 0.6694 0.181 0.0322 0.0615
0 0.7256 0.2944 0.0371 0.0697
0 0.7417 0.4617 0.0342 0.0683
0 0.6074 0.2719 0.0312 0.071
0 0.6167 0.4624 0.0342 0.0642
0 0.1719 0.2691 0.0352 0.0628
0 0.2778 0.2862 0.0342 0.0642
0 0.2476 0.4597 0.0361 0.0615
0 0.1519 0.4706 0.0361 0.0697
0 0.4717 0.4501 0.0371 0.0697
0 0.3525 0.4549 0.0312 0.0628
0 0.4971 0.2814 0.0391 0.0683
0 0.3765 0.2889 0.0342 0.0587
0 0.3066 0.1769 0.0312 0.0642
0 0.4077 0.181 0.0303 0.0587
