0 0.1411 0.2294 0.0322 0.0762
0 0.2241 0.2668 0.0322 0.0703
0 0.1079 0.5598 0.0303 0.0673
0 0.1958 0.5635 0.0303 0.0658
0 0.8457 0.2444 0.0332 0.0703
0 0.8613 0.4439 0.0332 0.0717
0 0.772 0.5135 0.0322 0.0703
0 0.6748 0.5389 0.0312 0.0673
0 0.5991 0.5314 0.0322 0.0703
0 0.5068 0.5583 0.0312 0.0673
0 0.3086 0.5366 0.0332 0.0717
0 0.4082 0.5493 0.0332 0.0703
0 0.3164 0.2578 0.0293 0.0613
0 0.4043 0.2735 0.0293 0.0688
0 0.4756 0.2541 0.0293 0.0658
0 0.5483 0.2586 0.0303 0.0658
0 0.6387 0.2638 0.0312 0.0643
0 0.7144 0.3027 0.0303 0.0703
