0 0.8691 0.188 0.0312 0.0646
0 0.7935 0.2335 0.0303 0.0587
0 0.7559 0.2577 0.0312 0.0602
0 0.7319 0.4229 0.0342 0.0617
0 0.8115 0.467 0.0352 0.0558
0 0.6909 0.2247 0.0283 0.0499
0 0.6372 0.2313 0.0303 0.0573
0 0.5933 0.243 0.0283 0.0573
0 0.5635 0.2452 0.0332 0.0617
0 0.6313 0.4016 0.0342 0.0661
0 0.5674 0.5184 0.0352 0.0617
0 0.3838 0.4552 0.0391 0.0764
0 0.2656 0.2504 0.0332 0.0573
0 0.3535 0.2291 0.0312 0.0675
0 0.3916 0.1916 0.0332 0.0661
0 0.4414 0.2614 0.0293 0.0558
0 0.4834 0.2452 0.0293 0.0587
0 0.5229 0.243 0.0283 0.0485
0 0.1919 0.2812 0.0342 0.0602
0 0.1304 0.2372 0.0361 0.072
