0 0.4922 0.1593 0.0293 0.0602
0 0.4814 0.2212 0.0371 0.0708
0 0.4355 0.1469 0.0371 0.0885
0 0.1841 0.1584 0.042 0.0938
0 0.2422 0.1301 0.0352 0.0867
0 0.2769 0.1903 0.0361 0.0796
0 0.3057 0.1575 0.0293 0.0637
0 0.3584 0.1858 0.0332 0.085
0 0.377 0.2982 0.041 0.0938
0 0.0649 0.1363 0.042 0.1133
0 0.0894 0.3106 0.0635 0.1257
0 0.2393 0.5053 0.0527 0.1186
0 0.7632 0.1248 0.0381 0.0796
0 0.8052 0.1442 0.0479 0.0832
0 0.9023 0.1257 0.043 0.0885
0 0.6738 0.1575 0.043 0.0956
0 0.6406 0.185 0.0391 0.0903
0 0.3916 0.1708 0.0293 0.0761
0 0.5664 0.1796 0.0391 0.0973
0 0.5366 0.1628 0.0303 0.0779
