0 0.7129 0.2441 0.1738 0.2982
0 0.4673 0.1465 0.0967 0.1393
0 0.4961 0.7513 0.0293 0.0495
0 0.1909 0.7728 0.0146 0.0221
0 0.1782 0.7435 0.0088 0.0156
0 0.2046 0.7539 0.0088 0.0156
0 0.2617 0.7819 0.0078 0.0169
0 0.3594 0.7292 0.0137 0.0234
0 0.2695 0.7096 0.0078 0.0156
0 0.2461 0.7246 0.0078 0.0143
0 0.0283 0.7318 0.0195 0.026
0 0.1543 0.7799 0.0078 0.013
0 0.4238 0.7624 0.0098 0.0169
0 0.1938 0.7174 0.0068 0.0156
0 0.1714 0.8216 0.0088 0.0182
0 0.1616 0.8066 0.0088 0.0169
0 0.252 0.7474 0.0098 0.0156
0 0.2275 0.7174 0.0078 0.0156
0 0.23 0.7656 0.0088 0.0104
0 0.2671 0.8164 0.0088 0.0156
0 0.2891 0.7311 0.0078 0.0143
0 0.188 0.709 0.0088 0.0169
0 0.1689 0.7253 0.0098 0.0182
0 0.23 0.8158 0.0107 0.0169
0 0.2905 0.7845 0.0049 0.0117
0 0.2783 0.7637 0.0059 0.0117
0 0.2041 0.7031 0.0078 0.0078
0 0.1704 0.7103 0.0088 0.0117
0 0.2344 0.776 0.0098 0.0156
0 0.2051 0.7721 0.0059 0.0078
0 0.1753 0.7624 0.0049 0.0117
