0 0.2954 0.4225 0.0342 0.043
0 0.4878 0.5436 0.0186 0.0273
0 0.6187 0.569 0.0166 0.0286
0 0.6753 0.5592 0.0186 0.0299
0 0.8311 0.5007 0.0176 0.0247
0 0.7886 0.4896 0.0205 0.0234
0 0.6299 0.5137 0.0176 0.0247
0 0.9839 0.4935 0.0166 0.0286
0 0.7236 0.4674 0.0137 0.0208
0 0.5044 0.4583 0.0127 0.0234
0 0.6528 0.4557 0.0166 0.0286
0 0.5332 0.4329 0.0156 0.0221
0 0.4771 0.4382 0.0166 0.0326
0 0.561 0.5794 0.0186 0.0286
0 0.7026 0.5553 0.0186 0.0273
0 0.688 0.5059 0.0205 0.0299
0 0.6123 0.4701 0.0156 0.0286
0 0.1133 0.526 0.0176 0.0312
0 0.0474 0.5156 0.0166 0.0286
0 0.5757 0.5078 0.0205 0.0339
0 0.5625 0.4596 0.0195 0.0312
0 0.5645 0.4167 0.0156 0.0312
0 0.6021 0.416 0.0205 0.0326
0 0.9419 0.4173 0.0127 0.0221
0 0.9619 0.416 0.0156 0.0273
0 0.6948 0.4108 0.0146 0.0247
0 0.9385 0.5176 0.0156 0.0273
0 0.6587 0.5586 0.0146 0.0286
0 0.8413 0.5469 0.0283 0.0312
0 0.2183 0.487 0.0322 0.0495
0 0.8345 0.4382 0.0107 0.0195
