0 0.7573 0.1783 0.0068 0.0261
0 0.4326 0.225 0.0098 0.0239
0 0.0195 0.1391 0.0078 0.0217
0 0.0415 0.1098 0.0068 0.0196
0 0.1489 0.038 0.0107 0.0326
0 0.0796 0.0739 0.0088 0.0261
0 0.0244 0.2033 0.0078 0.0239
0 0.0767 0.237 0.0088 0.0217
0 0.0542 0.2446 0.0088 0.0239
0 0.1011 0.2707 0.0088 0.0239
0 0.0879 0.2402 0.0078 0.0196
0 0.0903 0.0467 0.0088 0.0196
0 0.0322 0.1326 0.0059 0.0261
0 0.019 0.1076 0.0088 0.0239
0 0.1484 0.3043 0.0215 0.0304
0 0.2651 0.2272 0.0068 0.0196
0 0.2876 0.1815 0.0068 0.0239
0 0.2446 0.3663 0.0107 0.0283
0 0.2241 0.2293 0.0088 0.0239
0 0.2314 0.1913 0.0078 0.0261
0 0.3853 0.2359 0.0088 0.0196
0 0.3291 0.2174 0.0078 0.0261
0 0.3965 0.1804 0.0078 0.0217
0 0.3667 0.1902 0.0068 0.0239
0 0.5552 0.2163 0.0088 0.0196
0 0.0586 0.2087 0.0078 0.0217
0 0.0752 0.2033 0.0078 0.0196
0 0.0542 0.1793 0.0068 0.0196
0 0.041 0.2109 0.0059 0.0217
0 0.0273 0.0272 0.0078 0.0196
0 0.0479 0.0228 0.0078 0.0196
0 0.0659 0.0283 0.0068 0.013
0 0.0708 0.0554 0.0068 0.0196
0 0.0977 0.025 0.0059 0.0196
0 0.1035 0.1185 0.0098 0.0239
0 0.0972 0.0837 0.0068 0.0196
0 0.1323 0.0228 0.0088 0.0196
0 0.1294 0.0511 0.0088 0.0239
0 0.1626 0.0207 0.0088 0.0239
0 0.1792 0.0293 0.0068 0.0152
0 0.1963 0.0239 0.0059 0.0174
0 0.1626 0.0478 0.0068 0.0217
0 0.1909 0.0772 0.0068 0.0196
0 0.1968 0.0576 0.0068 0.0196
0 0.2124 0.0554 0.0068 0.0196
0 0.2158 0.0239 0.0059 0.0174
0 0.1143 0.0228 0.0059 0.0196
0 0.1187 0.0772 0.0068 0.0196
0 0.1094 0.0554 0.0078 0.0196
0 0.0933 0.1717 0.0068 0.0217
0 0.0903 0.2 0.0068 0.0261
0 0.1172 0.2033 0.0078 0.0196
0 0.0776 0.1717 0.0088 0.0217
0 0.0107 0.2228 0.0078 0.0239
0 0.0493 0.2707 0.0068 0.0239
0 0.0688 0.275 0.0088 0.0196
0 0.083 0.2728 0.0078 0.0239
0 0.0605 0.3152 0.0078 0.0217
0 0.1929 0.1717 0.0088 0.0261
0 0.1865 0.137 0.0078 0.0217
0 0.2021 0.1196 0.0078 0.0261
0 0.2124 0.1022 0.0068 0.0217
0 0.2417 0.0272 0.0068 0.0196
0 0.2261 0.025 0.0049 0.0196
0 0.2266 0.0598 0.0078 0.0196
0 0.2256 0.088 0.0078 0.0196
0 0.2407 0.1315 0.0068 0.0196
0 0.2388 0.1652 0.0088 0.0217
0 0.2261 0.1641 0.0088 0.0196
0 0.1797 0.1141 0.0078 0.0196
0 0.2446 0.0554 0.0068 0.0196
0 0.2383 0.0772 0.0078 0.0196
0 0.2451 0.1043 0.0078 0.0174
0 0.252 0.1337 0.0078 0.0196
0 0.2603 0.1065 0.0068 0.0174
0 0.2705 0.0717 0.0059 0.0217
0 0.2622 0.0543 0.0068 0.0261
0 0.2852 0.0728 0.0059 0.0196
0 0.3027 0.0739 0.0098 0.0174
0 0.291 0.0957 0.0059 0.0174
0 0.2764 0.1087 0.0078 0.0217
0 0.2803 0.1413 0.0059 0.0174
0 0.2656 0.1337 0.0078 0.0239
0 0.2578 0.1696 0.0098 0.0217
0 0.2568 0.1946 0.0078 0.0196
0 0.269 0.1924 0.0088 0.0196
0 0.2754 0.1609 0.0078 0.0174
0 0.2422 0.2239 0.0078 0.0217
0 0.2368 0.2435 0.0107 0.0217
0 0.2886 0.2402 0.0068 0.0196
0 0.3052 0.187 0.0068 0.0174
0 0.3076 0.1283 0.0098 0.0217
0 0.2954 0.1565 0.0068 0.0217
0 0.3071 0.1543 0.0068 0.0174
0 0.3281 0.1359 0.0078 0.0196
0 0.3242 0.1543 0.0078 0.0174
0 0.3384 0.0924 0.0088 0.0196
0 0.3223 0.0989 0.0078 0.0239
0 0.3086 0.1011 0.0059 0.0152
0 0.3398 0.1239 0.0078 0.0217
0 0.3374 0.1641 0.0088 0.0152
0 0.3369 0.1913 0.0078 0.0217
0 0.3232 0.187 0.0078 0.0217
0 0.313 0.2163 0.0068 0.0152
0 0.3101 0.25 0.0068 0.0217
0 0.3228 0.2446 0.0068 0.0239
0 0.2388 0.2739 0.0088 0.0261
0 0.3569 0.0978 0.0068 0.0217
0 0.3599 0.1315 0.0068 0.0152
0 0.3545 0.1533 0.0059 0.0196
0 0.3706 0.125 0.0068 0.0196
0 0.3701 0.1522 0.0098 0.0174
0 0.3848 0.1543 0.0078 0.0217
0 0.4023 0.15 0.0078 0.0174
0 0.3623 0.2174 0.0078 0.0174
0 0.3511 0.1924 0.0088 0.0196
0 0.3452 0.2174 0.0068 0.0174
0 0.3389 0.2402 0.0059 0.0152
0 0.3467 0.2478 0.0098 0.0217
0 0.3706 0.2478 0.0068 0.0217
0 0.3555 0.2413 0.0078 0.0217
0 0.4214 0.188 0.0068 0.0196
0 0.4409 0.2 0.0068 0.0217
0 0.4546 0.2011 0.0068 0.0196
0 0.4648 0.2261 0.0078 0.0174
0 0.4492 0.225 0.0078 0.0196
0 0.4209 0.2174 0.0059 0.0174
0 0.417 0.237 0.0059 0.0174
0 0.4019 0.2337 0.0068 0.0152
0 0.4053 0.2087 0.0078 0.0174
0 0.3843 0.187 0.0068 0.0174
0 0.478 0.2304 0.0068 0.0217
0 0.5317 0.2109 0.0068 0.0174
0 0.5068 0.2065 0.0078 0.0174
0 0.0054 0.112 0.0068 0.0239
0 0.0059 0.0043 0.0059 0.013
0 0.0215 0.0033 0.0059 0.0109
0 0.0654 0.0065 0.0059 0.013
0 0.0454 0.0043 0.0049 0.0087
0 0.0889 0.0076 0.0078 0.0152
0 0.0825 0.0304 0.0068 0.0217
0 0.1343 0.2304 0.0088 0.0261
0 0.1328 0.2065 0.0078 0.0261
0 0.0049 0.2837 0.0059 0.0239
0 0.0068 0.2533 0.0078 0.0152
0 0.9644 0.0457 0.0088 0.0217
0 0.7524 0.162 0.0068 0.0196
0 0.0015 0.1489 0.0049 0.0196
0 0.2012 0.1402 0.0059 0.0152
