0 0.6045 0.2383 0.0469 0.0836
0 0.8911 0.3541 0.0107 0.0191
0 0.9365 0.3512 0.0098 0.022
0 0.9424 0.3255 0.0117 0.0176
0 0.9702 0.2859 0.0127 0.0205
0 0.9609 0.357 0.0137 0.022
0 0.7876 0.3094 0.0127 0.0264
0 0.834 0.2757 0.0078 0.0293
0 0.7695 0.2764 0.0117 0.0191
0 0.7422 0.2705 0.0117 0.022
0 0.8086 0.2852 0.0078 0.0132
0 0.8652 0.2405 0.0117 0.0235
0 0.7456 0.2485 0.0107 0.0161
0 0.7871 0.2471 0.0098 0.0191
0 0.8198 0.2397 0.0068 0.022
0 0.8179 0.1965 0.0107 0.0235
0 0.7905 0.1862 0.0107 0.0235
0 0.7495 0.2111 0.0107 0.0205
0 0.7539 0.1921 0.0098 0.0205
0 0.7305 0.1848 0.0098 0.0205
0 0.9536 0.1804 0.0107 0.0205
0 0.9214 0.1811 0.0107 0.0191
0 0.9297 0.1547 0.0098 0.0191
0 0.9492 0.1452 0.0098 0.0205
0 0.9951 0.1166 0.0078 0.0191
0 0.9565 0.1012 0.0068 0.0147
0 0.9844 0.0696 0.0078 0.0161
0 0.9648 0.0367 0.0078 0.0147
0 0.9922 0.033 0.0059 0.0161
0 0.8511 0.1891 0.0088 0.0176
0 0.853 0.1459 0.0088 0.0191
0 0.8882 0.1496 0.0088 0.0176
0 0.9248 0.096 0.0078 0.0161
0 0.897 0.0975 0.0088 0.0191
0 0.896 0.1371 0.0088 0.0191
0 0.9268 0.1261 0.0078 0.0176
0 0.8301 0.129 0.0098 0.0205
0 0.835 0.0938 0.0098 0.0176
0 0.8633 0.096 0.0078 0.0161
0 0.8252 0.0689 0.0098 0.0176
0 0.8413 0.0447 0.0088 0.0161
0 0.7314 0.1672 0.0098 0.0205
0 0.7666 0.1694 0.0098 0.0161
0 0.7207 0.2654 0.0098 0.0205
0 0.8003 0.1224 0.0107 0.0191
0 0.7646 0.1188 0.0137 0.0176
0 0.771 0.096 0.0088 0.0191
0 0.7734 0.0696 0.0098 0.0161
0 0.7803 0.0389 0.0078 0.0161
0 0.7534 0.0396 0.0088 0.0176
0 0.7314 0.044 0.0078 0.0147
0 0.731 0.1188 0.0088 0.0176
0 0.7485 0.1063 0.0088 0.0161
0 0.6821 0.1833 0.0107 0.0205
0 0.667 0.1576 0.0117 0.0191
0 0.6548 0.1268 0.0107 0.0161
0 0.6582 0.0997 0.0078 0.0176
0 0.7021 0.1217 0.0078 0.0147
0 0.7061 0.1459 0.0098 0.0161
0 0.7178 0.1012 0.0098 0.0176
0 0.7036 0.0491 0.0088 0.0161
0 0.6665 0.074 0.0088 0.0161
0 0.6665 0.0455 0.0088 0.0176
0 0.6436 0.0682 0.0098 0.0191
0 0.6299 0.099 0.0098 0.0191
0 0.6284 0.1334 0.0088 0.0176
0 0.6333 0.1562 0.0088 0.0161
0 0.5957 0.1371 0.0098 0.0191
0 0.6089 0.1063 0.0088 0.0161
0 0.564 0.2119 0.0088 0.0191
0 0.5552 0.2493 0.0088 0.0205
0 0.541 0.2133 0.0078 0.0191
0 0.5444 0.1862 0.0088 0.0147
0 0.5884 0.1569 0.0088 0.0176
0 0.5747 0.184 0.0088 0.022
0 0.8989 0.1811 0.0088 0.0191
0 0.5005 0.2148 0.0088 0.0161
0 0.5132 0.187 0.0107 0.0161
0 0.4937 0.187 0.0107 0.0191
0 0.4795 0.2104 0.0098 0.0161
0 0.4702 0.2478 0.0107 0.0205
0 0.4443 0.2119 0.0098 0.0191
0 0.4189 0.2456 0.0117 0.0191
0 0.478 0.1305 0.0068 0.0147
0 0.4883 0.1048 0.0078 0.0161
0 0.5112 0.1063 0.0068 0.0161
0 0.5015 0.0836 0.0068 0.0176
0 0.5156 0.0645 0.0078 0.0147
0 0.5591 0.0579 0.0088 0.0191
0 0.5859 0.0565 0.0078 0.0161
0 0.6309 0.0828 0.0078 0.0161
0 0.4517 0.1312 0.0088 0.0191
0 0.4526 0.1056 0.0088 0.0147
0 0.4688 0.0609 0.0078 0.0161
0 0.4897 0.0638 0.0088 0.0132
0 0.4355 0.1063 0.0078 0.0161
0 0.4292 0.14 0.0088 0.0161
0 0.4038 0.1855 0.0088 0.0161
0 0.3828 0.184 0.0098 0.0191
0 0.3965 0.1584 0.0078 0.0147
0 0.4097 0.1334 0.0068 0.0147
0 0.415 0.1012 0.0059 0.0147
0 0.4565 0.0887 0.0068 0.0161
0 0.4429 0.0587 0.0068 0.0147
0 0.415 0.0623 0.0078 0.0132
0 0.3945 0.1129 0.0078 0.0147
0 0.3799 0.14 0.0078 0.0132
0 0.3604 0.2207 0.0098 0.0191
0 0.3892 0.0652 0.0088 0.0161
0 0.3682 0.0645 0.0078 0.0176
0 0.3477 0.085 0.0078 0.0147
0 0.3857 0.1056 0.0059 0.0147
0 0.376 0.1114 0.0078 0.0147
0 0.3394 0.1613 0.0068 0.0176
0 0.3511 0.1811 0.0088 0.0161
0 0.3403 0.2163 0.0107 0.0191
0 0.3472 0.2456 0.0088 0.0191
0 0.2944 0.2507 0.0088 0.0176
0 0.3008 0.1833 0.0078 0.0147
0 0.2837 0.1877 0.0088 0.0176
0 0.2642 0.217 0.0088 0.0147
0 0.2935 0.2148 0.0107 0.0191
0 0.2964 0.162 0.0088 0.0161
0 0.3325 0.1422 0.0068 0.0147
0 0.3203 0.1246 0.0078 0.0147
0 0.3457 0.1122 0.0078 0.0161
0 0.3164 0.0909 0.0078 0.0147
0 0.3345 0.0909 0.0068 0.0117
0 0.3276 0.0733 0.0068 0.0147
0 0.3452 0.0667 0.0068 0.0132
0 0.2432 0.2221 0.0078 0.0161
0 0.2573 0.1884 0.0088 0.0191
0 0.251 0.1642 0.0098 0.0147
0 0.2212 0.239 0.0088 0.0147
0 0.2153 0.2148 0.0088 0.0161
0 0.2881 0.1393 0.0078 0.0117
0 0.2686 0.1613 0.0078 0.0147
0 0.3193 0.1532 0.0078 0.0161
0 0.2778 0.1217 0.0068 0.0147
0 0.293 0.0931 0.0078 0.0161
0 0.2871 0.0674 0.0059 0.0117
0 0.2632 0.0696 0.0068 0.0132
0 0.2583 0.1224 0.0088 0.0161
0 0.2676 0.0887 0.0078 0.0132
0 0.2314 0.121 0.0098 0.0191
0 0.2437 0.096 0.0068 0.0132
0 0.2329 0.0953 0.0068 0.0117
0 0.2388 0.0704 0.0068 0.0117
0 0.2192 0.0718 0.0068 0.0117
0 0.2148 0.0902 0.0078 0.0161
0 0.2148 0.165 0.0078 0.0191
0 0.2134 0.118 0.0088 0.0161
0 0.2056 0.1862 0.0068 0.0147
0 0.1904 0.2199 0.0078 0.0147
0 0.2002 0.2397 0.0098 0.0161
0 0.1582 0.2449 0.0078 0.0147
0 0.127 0.2456 0.0098 0.0161
0 0.1045 0.2463 0.0098 0.0176
0 0.0776 0.2441 0.0088 0.0161
0 0.0615 0.2456 0.0098 0.0161
0 0.0415 0.2412 0.0107 0.0161
0 0.0215 0.2419 0.0098 0.0176
0 0.064 0.2185 0.0088 0.0147
0 0.106 0.2163 0.0088 0.0161
0 0.1479 0.2192 0.0107 0.0191
0 0.165 0.1994 0.0078 0.0147
0 0.1875 0.1891 0.0078 0.0147
0 0.1987 0.1657 0.0088 0.0147
0 0.1768 0.1628 0.0098 0.0147
0 0.1602 0.1584 0.0098 0.0147
0 0.1348 0.1664 0.0078 0.0132
0 0.1196 0.1679 0.0068 0.0132
0 0.1304 0.1466 0.0068 0.0147
0 0.0928 0.1606 0.0078 0.0132
0 0.0557 0.1979 0.0098 0.0147
0 0.0615 0.1701 0.0059 0.0088
0 0.0376 0.2185 0.0088 0.0147
0 0.0146 0.2229 0.0078 0.0147
0 0.0283 0.1708 0.0078 0.0132
0 0.0391 0.1312 0.0059 0.0103
0 0.0601 0.1268 0.0068 0.0132
0 0.0815 0.1224 0.0049 0.0103
0 0.104 0.1048 0.0088 0.0132
0 0.1367 0.1012 0.0059 0.0117
0 0.1733 0.1195 0.0068 0.0132
0 0.1904 0.1232 0.0078 0.0147
0 0.1611 0.1312 0.0078 0.0132
0 0.1709 0.0806 0.0078 0.0147
0 0.1543 0.0733 0.0078 0.0117
0 0.1382 0.0704 0.0068 0.0117
0 0.0986 0.0806 0.0078 0.0147
0 0.0771 0.0982 0.0098 0.0147
0 0.2153 0.0279 0.0068 0.0117
0 0.2749 0.0213 0.0068 0.0132
0 0.1602 0.0286 0.0078 0.0132
0 0.1226 0.0286 0.0068 0.0132
0 0.0288 0.0367 0.0068 0.0147
0 0.0151 0.0367 0.0068 0.0117
0 0.3232 0.195 0.0078 0.0147
0 0.0068 0.1305 0.0059 0.0147
0 0.7427 0.0748 0.0107 0.0205
