0 0.0229 0.2562 0.0166 0.0569
0 0.0464 0.1584 0.0166 0.055
0 0.1162 0.2457 0.0176 0.0588
0 0.1782 0.2362 0.0303 0.0816
0 0.2534 0.1651 0.0146 0.0531
0 0.4038 0.3074 0.0127 0.038
0 0.3105 0.3349 0.0098 0.0398
0 0.5039 0.3093 0.0195 0.0607
0 0.6479 0.3605 0.0186 0.038
0 0.7559 0.296 0.0117 0.0493
0 0.8579 0.3283 0.0127 0.0531
0 0.7095 0.2154 0.0068 0.0133
0 0.7407 0.1736 0.0088 0.0133
0 0.6416 0.1594 0.0078 0.0152
0 0.5908 0.1727 0.0098 0.0228
0 0.5474 0.1708 0.0088 0.0228
0 0.6646 0.1992 0.0068 0.0228
0 0.3008 0.149 0.0098 0.0209
