0 0.0078 0.2306 0.0137 0.0278
0 0.0938 0.2474 0.0156 0.0234
0 0.2656 0.06 0.0156 0.0264
0 0.2217 0.1464 0.0156 0.0293
0 0.4014 0.1698 0.0156 0.0351
0 0.4692 0.2855 0.0146 0.0293
0 0.4341 0.3499 0.0186 0.0293
0 0.2188 0.2635 0.0156 0.0293
0 0.3364 0.3755 0.0166 0.0307
0 0.2397 0.4451 0.0166 0.0293
0 0.5044 0.101 0.0146 0.0293
0 0.5337 0.1215 0.0166 0.0293
0 0.5596 0.1493 0.0176 0.0293
0 0.1719 0.4363 0.0156 0.0351
0 0.2207 0.6603 0.0176 0.0322
0 0.0645 0.6018 0.0176 0.0351
0 0.1255 0.97 0.0127 0.0366
0 0.2461 0.9612 0.0195 0.0366
0 0.2729 0.9773 0.0205 0.0425
0 0.5303 0.6647 0.0156 0.0264
0 0.7041 0.7204 0.0137 0.0293
0 0.7271 0.8624 0.0146 0.0381
0 0.624 0.0344 0.0156 0.0337
0 0.6606 0.1127 0.0166 0.0322
0 0.7148 0.0403 0.0156 0.0307
0 0.6064 0.1406 0.0117 0.0264
0 0.6206 0.2284 0.0146 0.0293
0 0.8149 0.0432 0.0146 0.0278
0 0.8423 0.1457 0.0127 0.0307
0 0.9941 0.5242 0.0098 0.0234
