0 0.1968 0.3967 0.0127 0.026
0 0.2046 0.3533 0.0088 0.0191
0 0.2344 0.3385 0.0078 0.0174
0 0.2588 0.3186 0.0078 0.0191
0 0.271 0.4071 0.0107 0.0226
0 0.3091 0.4661 0.0127 0.0295
0 0.3545 0.4549 0.0117 0.0243
0 0.3892 0.4766 0.0107 0.0191
0 0.4482 0.5035 0.0117 0.0208
0 0.2998 0.316 0.0098 0.0174
0 0.3237 0.4097 0.0088 0.0174
0 0.3457 0.4123 0.0098 0.026
0 0.3345 0.3438 0.0088 0.0174
0 0.3564 0.3507 0.0098 0.0208
0 0.3936 0.4271 0.0078 0.0208
0 0.439 0.4045 0.0088 0.0243
0 0.4824 0.4253 0.0098 0.0208
0 0.3848 0.3524 0.0098 0.0208
0 0.3999 0.3594 0.0107 0.0208
0 0.3916 0.3238 0.0078 0.0156
0 0.4019 0.3255 0.0068 0.0156
0 0.4141 0.3498 0.0078 0.0191
0 0.4233 0.3168 0.0068 0.0122
0 0.4487 0.3516 0.0088 0.0156
0 0.4312 0.3438 0.0068 0.0174
0 0.4619 0.2865 0.0078 0.0208
0 0.4844 0.303 0.0078 0.0156
0 0.4824 0.349 0.0078 0.0174
0 0.4561 0.3438 0.0078 0.0139
0 0.8169 0.4575 0.0088 0.0226
0 0.7852 0.4488 0.0098 0.0226
0 0.7417 0.4766 0.0107 0.0191
0 0.7026 0.4549 0.0107 0.0208
0 0.7061 0.3733 0.0078 0.0139
0 0.6851 0.3672 0.0088 0.0226
0 0.6655 0.3646 0.0068 0.0174
0 0.6479 0.3576 0.0068 0.0208
0 0.6294 0.3142 0.0088 0.0174
0 0.5903 0.283 0.0068 0.0174
0 0.5791 0.3342 0.0078 0.0122
0 0.6226 0.3646 0.0068 0.0139
0 0.6362 0.5747 0.0107 0.0174
0 0.606 0.487 0.0107 0.0191
0 0.5703 0.5686 0.0098 0.0191
0 0.522 0.5573 0.0107 0.0243
0 0.5347 0.4089 0.0088 0.0156
0 0.5586 0.4184 0.0059 0.0139
0 0.5112 0.3993 0.0068 0.0208
0 0.5249 0.395 0.0088 0.0156
0 0.5371 0.3533 0.0059 0.0122
0 0.5479 0.3342 0.0059 0.0122
0 0.5312 0.2743 0.0078 0.0139
0 0.5083 0.3542 0.0068 0.0174
0 0.5063 0.3333 0.0068 0.0139
0 0.8809 0.5095 0.0098 0.0191
0 0.5835 0.4644 0.0068 0.0122
0 0.6177 0.3924 0.0088 0.0208
