0 0.8501 0.643 0.0186 0.0359
0 0.8555 0.325 0.0137 0.0312
0 0.8062 0.3313 0.0127 0.0281
0 0.7642 0.8422 0.0107 0.025
0 0.625 0.6984 0.0098 0.0188
0 0.7109 0.6859 0.0078 0.0156
0 0.2163 0.6789 0.0225 0.0391
0 0.5098 0.1445 0.0352 0.0828
0 0.4482 0.1469 0.0371 0.0813
0 0.1401 0.1078 0.0225 0.0438
0 0.1025 0.0992 0.0234 0.0484
0 0.1772 0.1063 0.0225 0.0438
0 0.2065 0.1289 0.0225 0.0453
0 0.2017 0.4086 0.0068 0.0172
0 0.1377 0.3805 0.0078 0.0141
0 0.1963 0.4039 0.0078 0.0172
0 0.8467 0.1367 0.0059 0.0109
0 0.6079 0.1547 0.0088 0.0156
0 0.1646 0.3578 0.0068 0.0156
0 0.1919 0.7289 0.0146 0.0203
0 0.8413 0.1719 0.0107 0.0219
0 0.7583 0.2383 0.0127 0.0203
0 0.7407 0.1594 0.0088 0.0188
