0 0.1152 0.5241 0.0195 0.0378
0 0.1499 0.5449 0.0264 0.0378
0 0.1133 0.4167 0.0117 0.0208
0 0.0371 0.4323 0.0098 0.0156
0 0.1953 0.3971 0.0156 0.0312
0 0.2275 0.4264 0.0117 0.0195
0 0.0835 0.4147 0.0068 0.0143
0 0.127 0.4303 0.0059 0.0091
0 0.1572 0.4271 0.0059 0.0104
0 0.356 0.4108 0.0205 0.0273
0 0.2764 0.4219 0.0078 0.0182
0 0.2832 0.4069 0.0098 0.0195
0 0.4277 0.4707 0.0117 0.0247
0 0.4312 0.416 0.0146 0.0221
0 0.4976 0.4076 0.0146 0.0286
0 0.4487 0.4134 0.0127 0.0169
0 0.4624 0.4147 0.0068 0.0117
0 0.4087 0.4134 0.0068 0.0143
0 0.5312 0.4017 0.0078 0.0169
0 0.6582 0.4447 0.0059 0.0091
0 0.6743 0.4232 0.0049 0.0078
0 0.7036 0.4062 0.0068 0.0156
0 0.8311 0.3854 0.0098 0.0208
0 0.3711 0.5267 0.0176 0.0404
0 0.0664 0.4831 0.0059 0.0104
0 0.2627 0.4141 0.0078 0.0104
0 0.375 0.4004 0.0078 0.0143
0 0.3896 0.4043 0.0059 0.0143
0 0.4697 0.4049 0.0078 0.0104
0 0.4727 0.4173 0.0059 0.0091
0 0.5137 0.4076 0.0078 0.013
0 0.6011 0.3477 0.0068 0.0156
0 0.6152 0.4004 0.0059 0.0091
0 0.6416 0.4017 0.0039 0.0091
0 0.7515 0.4082 0.0068 0.0143
0 0.2661 0.4342 0.0068 0.0143
0 0.2925 0.4251 0.0068 0.0169
0 0.2466 0.4251 0.0049 0.0091
0 0.4014 0.4095 0.0059 0.0117
0 0.5439 0.3978 0.0039 0.0091
0 0.6147 0.3633 0.0088 0.0208
0 0.5967 0.3965 0.0078 0.0117
0 0.5835 0.3867 0.0068 0.0156
0 0.4995 0.3477 0.0107 0.013
0 0.4854 0.3249 0.0078 0.0169
