0 0.0259 0.4681 0.0107 0.0169
0 0.0469 0.4831 0.0098 0.0234
0 0.0947 0.4596 0.0117 0.0182
0 0.1284 0.4518 0.0146 0.026
0 0.2153 0.4401 0.0166 0.0286
0 0.2046 0.4974 0.0146 0.0234
0 0.2881 0.5059 0.0098 0.0169
0 0.3589 0.457 0.0068 0.013
0 0.3765 0.4505 0.0049 0.0104
0 0.4277 0.4635 0.0215 0.0469
0 0.5601 0.3757 0.0068 0.0091
0 0.5537 0.4531 0.0156 0.0339
0 0.6504 0.4531 0.0059 0.0104
0 0.708 0.4844 0.0039 0.0104
0 0.7651 0.4837 0.0068 0.0091
0 0.7944 0.4681 0.0088 0.0091
0 0.9199 0.4551 0.0098 0.0273
0 0.1343 0.4102 0.0068 0.0104
0 0.0293 0.4141 0.0098 0.0104
0 0.2891 0.3581 0.0078 0.0104
0 0.5518 0.401 0.0137 0.0234
