0 0.0825 0.5573 0.0225 0.0234
0 0.1689 0.5078 0.0176 0.0339
0 0.2388 0.4941 0.0166 0.0273
0 0.2651 0.4316 0.0146 0.0273
0 0.2969 0.5254 0.0176 0.0221
0 0.3779 0.4531 0.0176 0.0234
0 0.314 0.4349 0.0068 0.0104
0 0.4648 0.5723 0.0137 0.0195
0 0.5327 0.5931 0.0166 0.0221
0 0.6646 0.6458 0.0127 0.0182
0 0.6968 0.6217 0.0088 0.0169
0 0.8208 0.6087 0.0107 0.0143
0 0.8296 0.6152 0.0068 0.0117
0 0.7021 0.5736 0.0098 0.0143
0 0.6777 0.5931 0.0078 0.0143
0 0.6333 0.5586 0.0068 0.0104
0 0.7471 0.7096 0.0117 0.013
0 0.8003 0.6927 0.0107 0.0156
0 0.5757 0.5156 0.0068 0.013
0 0.4922 0.4779 0.0059 0.0104
0 0.417 0.4232 0.0039 0.0078
0 0.3994 0.4186 0.0039 0.0065
0 0.3887 0.4219 0.0039 0.0078
0 0.373 0.4082 0.0039 0.0065
0 0.1177 0.3275 0.0068 0.0117
0 0.2153 0.3457 0.0068 0.0091
0 0.2339 0.3503 0.0049 0.0078
0 0.2627 0.3327 0.0039 0.0065
0 0.144 0.2923 0.0049 0.0091
0 0.2163 0.3294 0.0049 0.0078
0 0.2754 0.3372 0.0039 0.0078
0 0.2456 0.3385 0.0049 0.0104
0 0.4331 0.4577 0.0088 0.0117
0 0.9277 0.6322 0.0059 0.0065
