0 0.4902 0.3435 0.0234 0.0423
0 0.5352 0.354 0.0195 0.0396
0 0.5508 0.3771 0.0176 0.041
0 0.6211 0.4835 0.0234 0.037
0 0.624 0.4062 0.0176 0.0357
0 0.6416 0.3468 0.0254 0.0304
0 0.4883 0.2668 0.0234 0.0343
0 0.042 0.1506 0.0176 0.0396
0 0.0034 0.0528 0.0088 0.0264
0 0.1729 0.0522 0.0176 0.0357
0 0.0664 0.3197 0.0195 0.0449
0 0.7397 0.1215 0.0225 0.0343
0 0.8584 0.0324 0.0215 0.0383
0 0.9629 0.0515 0.0195 0.0343
0 0.8828 0.2424 0.0215 0.0383
0 0.9336 0.14 0.0156 0.037
0 0.4756 0.0264 0.0195 0.0396
0 0.6704 0.0225 0.0225 0.037
0 0.7178 0.0145 0.0234 0.0291
0 0.7759 0.0119 0.0205 0.0264
0 0.6982 0.1024 0.0137 0.033
0 0.9683 0.7919 0.0264 0.0436
0 0.8867 0.9174 0.0176 0.0357
0 0.5864 0.1308 0.0205 0.0264
0 0.4321 0.3336 0.0166 0.0357
0 0.3438 0.3435 0.0215 0.0343
0 0.5303 0.0357 0.0254 0.037
0 0.814 0.0046 0.0186 0.0119
