0 0.7544 0.4979 0.0068 0.0126
0 0.7319 0.4958 0.0068 0.0112
0 0.8511 0.5007 0.0049 0.0154
0 0.8604 0.507 0.0059 0.014
0 0.9092 0.514 0.0078 0.0112
0 0.8911 0.5126 0.0049 0.0112
0 0.873 0.5014 0.0078 0.0112
0 0.9443 0.5147 0.0059 0.0154
0 0.9194 0.514 0.0029 0.0112
0 0.7979 0.5098 0.0078 0.0112
0 0.6924 0.5042 0.0059 0.014
0 0.6294 0.4679 0.0166 0.0335
0 0.5498 0.4483 0.0195 0.0335
0 0.4746 0.2772 0.0059 0.0126
0 0.5342 0.2863 0.0078 0.0112
0 0.502 0.2856 0.0059 0.0098
0 0.5591 0.2912 0.0049 0.0098
0 0.5693 0.2905 0.0059 0.014
0 0.6187 0.2835 0.0049 0.014
0 0.6528 0.294 0.0068 0.0126
0 0.625 0.2933 0.0059 0.0112
0 0.0757 0.4462 0.0205 0.0293
0 0.1372 0.456 0.0166 0.0265
0 0.1885 0.4539 0.0156 0.0335
0 0.2134 0.433 0.0186 0.0307
0 0.2798 0.4539 0.0186 0.0363
0 0.313 0.4818 0.0049 0.014
0 0.3198 0.4225 0.0049 0.0126
0 0.3408 0.3973 0.0059 0.0126
0 0.2632 0.3939 0.0049 0.0112
0 0.2754 0.382 0.0059 0.0126
0 0.2886 0.3785 0.0049 0.014
0 0.3018 0.3778 0.0059 0.0098
0 0.3091 0.3841 0.0049 0.0084
0 0.3179 0.3757 0.0068 0.014
0 0.3442 0.3659 0.0068 0.0112
0 0.3027 0.4777 0.0078 0.0168
0 0.2886 0.4134 0.0068 0.0112
0 0.2642 0.3806 0.0049 0.0098
0 0.3833 0.4784 0.0186 0.0321
0 0.3848 0.3701 0.0059 0.0112
0 0.3613 0.3701 0.0078 0.0112
0 0.3291 0.3659 0.0078 0.0112
0 0.7183 0.2821 0.0068 0.0112
0 0.7007 0.28 0.0068 0.0126
0 0.6821 0.2772 0.0068 0.0126
0 0.7593 0.2786 0.0049 0.0126
0 0.7842 0.2793 0.0078 0.0112
0 0.7671 0.2772 0.0068 0.0126
0 0.8047 0.2856 0.0059 0.0126
0 0.8286 0.2884 0.0068 0.0126
0 0.4839 0.4839 0.0107 0.0209
0 0.5068 0.493 0.0098 0.014
0 0.8398 0.5189 0.0078 0.0182
0 0.7749 0.5007 0.0127 0.0126
0 0.8652 0.2772 0.0078 0.0126
0 0.896 0.2863 0.0068 0.0112
0 0.9297 0.2793 0.0078 0.014
0 0.9512 0.2814 0.0078 0.0154
0 0.9639 0.287 0.0059 0.0126
0 0.8809 0.2786 0.0078 0.0126
0 0.9136 0.2877 0.0068 0.014
0 0.8467 0.2821 0.0078 0.014
0 0.4316 0.324 0.0059 0.0084
0 0.4907 0.2821 0.0068 0.014
0 0.5825 0.2835 0.0088 0.0112
0 0.6382 0.2919 0.0068 0.0112
0 0.9741 0.2828 0.0068 0.0098
0 0.9858 0.2884 0.0068 0.0098
