0 0.7871 0.6494 0.0527 0.1002
0 0.8877 0.4645 0.041 0.0856
0 0.8281 0.4612 0.0371 0.0792
0 0.7334 0.5275 0.041 0.0824
0 0.6484 0.5412 0.041 0.0775
0 0.6177 0.4265 0.04 0.0808
0 0.5977 0.3506 0.0273 0.0549
0 0.6387 0.038 0.0293 0.0695
0 0.7207 0.0404 0.0234 0.0646
0 0.8354 0.0808 0.0205 0.0614
0 0.9004 0.1898 0.0273 0.0598
0 0.8643 0.3239 0.0312 0.0662
0 0.8643 0.2771 0.0234 0.0565
0 0.6831 0.2956 0.0244 0.0485
0 0.6626 0.3837 0.0283 0.0792
0 0.6167 0.2916 0.0205 0.0565
0 0.5713 0.0654 0.0273 0.0695
0 0.7471 0.3595 0.0371 0.0824
0 0.6831 0.9435 0.0713 0.1099
0 0.5864 0.7932 0.0439 0.0969
0 0.9561 0.9426 0.0469 0.105
0 0.6016 0.5048 0.0352 0.0565
0 0.4805 0.4507 0.0293 0.0711
0 0.4092 0.4806 0.0332 0.0598
0 0.1538 0.2892 0.0479 0.1551
0 0.3184 0.2407 0.0273 0.084
0 0.2358 0.1438 0.0439 0.1131
0 0.3716 0.0307 0.0244 0.0355
0 0.3086 0.0695 0.0254 0.0582
0 0.3428 0.0477 0.0117 0.021
0 0.3374 0.0194 0.0127 0.0162
0 0.77 0.0194 0.0264 0.042
0 0.396 0.1147 0.0439 0.0808
0 0.4736 0.0517 0.0312 0.0679
0 0.5122 0.0808 0.0283 0.0646
