0 0.085 0.2677 0.0117 0.0298
0 0.1523 0.2889 0.0176 0.0377
0 0.1768 0.2881 0.0195 0.0392
0 0.3647 0.2841 0.0146 0.0314
0 0.7188 0.4089 0.0234 0.0424
0 0.854 0.2622 0.0186 0.0408
0 0.9097 0.2504 0.0186 0.0392
0 0.9639 0.2575 0.0215 0.044
0 0.9922 0.2292 0.0137 0.0785
0 0.7715 0.2292 0.0117 0.022
0 0.7998 0.2449 0.0176 0.0314
0 0.7031 0.2567 0.0137 0.0298
0 0.9224 0.2096 0.0088 0.0204
0 0.4087 0.4278 0.0166 0.0235
0 0.208 0.2433 0.0078 0.0126
0 0.1968 0.2582 0.0107 0.0173
0 0.2373 0.3312 0.0176 0.0408
0 0.4541 0.2967 0.0215 0.0502
0 0.8931 0.2308 0.0088 0.0188
