0 0.8364 0.209 0.0068 0.0155
0 0.8452 0.2074 0.0068 0.0186
0 0.853 0.1912 0.0068 0.0139
0 0.8735 0.2036 0.0068 0.0139
0 0.8594 0.2221 0.0098 0.017
0 0.8506 0.2376 0.0078 0.0201
0 0.7554 0.3274 0.0127 0.0325
0 0.7769 0.2601 0.0166 0.031
0 0.7798 0.1858 0.0088 0.0186
0 0.6509 0.1974 0.0107 0.0201
0 0.6733 0.192 0.0088 0.0217
0 0.6953 0.185 0.0078 0.017
0 0.5801 0.2337 0.0098 0.0186
0 0.5381 0.2554 0.0098 0.0217
0 0.5347 0.2175 0.0068 0.017
0 0.5488 0.2113 0.0117 0.017
0 0.5249 0.2237 0.0088 0.0201
0 0.5063 0.2229 0.0107 0.0217
0 0.4932 0.2167 0.0078 0.0155
0 0.5659 0.2964 0.0127 0.0263
0 0.5557 0.2678 0.0098 0.0248
0 0.5488 0.2523 0.0078 0.0217
0 0.7354 0.2361 0.0098 0.0232
0 0.7461 0.2283 0.0078 0.0201
0 0.5991 0.0697 0.0107 0.0155
0 0.6694 0.1517 0.0107 0.0155
0 0.8823 0.3529 0.0166 0.0495
0 0.9609 0.3607 0.0156 0.0495
0 0.9351 0.2577 0.0088 0.0232
0 0.8794 0.2856 0.0127 0.0387
0 0.939 0.2252 0.0088 0.0263
0 0.9429 0.1981 0.0088 0.0248
0 0.8276 0.1687 0.0049 0.0093
0 0.8408 0.1711 0.0059 0.0139
0 0.8628 0.178 0.0049 0.0124
0 0.8574 0.1749 0.0059 0.0124
0 0.7651 0.1587 0.0049 0.0108
0 0.7583 0.1556 0.0049 0.0108
0 0.7168 0.1354 0.0059 0.0108
0 0.7031 0.1316 0.0059 0.0124
0 0.9204 0.1718 0.0049 0.0124
0 0.9697 0.2098 0.0078 0.0201
0 0.957 0.2407 0.0078 0.0201
0 0.9092 0.2454 0.0059 0.0232
0 0.9067 0.2183 0.0068 0.0186
0 0.9243 0.2136 0.0068 0.0217
0 0.9575 0.1943 0.0068 0.017
0 0.9775 0.1935 0.0059 0.0155
0 0.7979 0.1718 0.0059 0.0155
0 0.8164 0.1656 0.0059 0.0124
0 0.9897 0.2995 0.0127 0.0418
0 0.9863 0.2121 0.0078 0.0217
0 0.2397 0.928 0.083 0.1409
0 0.3452 0.339 0.0146 0.0464
0 0.7783 0.4567 0.0352 0.0836
0 0.6675 0.4613 0.0244 0.0929
0 0.5923 0.4768 0.042 0.0836
0 0.4673 0.4211 0.0342 0.0557
0 0.5103 0.6176 0.0205 0.0526
0 0.5898 0.298 0.0137 0.0356
0 0.6313 0.2817 0.0088 0.031
0 0.6436 0.2415 0.0078 0.0217
0 0.7378 0.2601 0.0088 0.0217
0 0.6865 0.3901 0.0215 0.0588
0 0.7891 0.315 0.0176 0.0387
0 0.4756 0.2763 0.0137 0.0325
0 0.4854 0.2647 0.0078 0.0248
0 0.48 0.2237 0.0068 0.0201
0 0.4453 0.2817 0.0098 0.0217
0 0.4565 0.2136 0.0068 0.0124
0 0.6128 0.1912 0.0088 0.0232
0 0.6304 0.2214 0.0107 0.0186
0 0.6704 0.2322 0.0088 0.0217
0 0.7104 0.2128 0.0127 0.0263
0 0.7593 0.1966 0.0107 0.0279
0 0.8057 0.2438 0.0117 0.0325
0 0.2051 0.4605 0.0254 0.0511
0 0.0806 0.2647 0.0068 0.0124
0 0.1021 0.2786 0.0068 0.0093
0 0.062 0.2933 0.0049 0.0077
0 0.0474 0.3274 0.0068 0.017
0 0.0786 0.3421 0.0146 0.0217
0 0.0815 0.3181 0.0068 0.017
0 0.0898 0.3978 0.0195 0.0372
0 0.0483 0.4752 0.0166 0.0712
0 0.1084 0.5294 0.0332 0.0805
0 0.1465 0.2995 0.0078 0.017
0 0.1631 0.3228 0.0117 0.0232
0 0.1362 0.2988 0.0088 0.0155
0 0.9722 0.1772 0.0049 0.0108
0 0.9946 0.1633 0.0049 0.0108
