0 0.1714 0.3942 0.0342 0.0391
0 0.2661 0.4124 0.0303 0.0326
0 0.3511 0.4073 0.0322 0.0317
0 0.4453 0.4073 0.0332 0.0373
0 0.5381 0.3891 0.0332 0.0382
0 0.6284 0.3933 0.0322 0.0373
0 0.7202 0.4105 0.0303 0.0326
0 0.8237 0.4021 0.0283 0.0363
0 0.2095 0.4879 0.0381 0.0382
0 0.3403 0.4772 0.0381 0.0447
0 0.436 0.4711 0.0342 0.0457
0 0.543 0.4795 0.0371 0.0419
0 0.6504 0.4846 0.0371 0.041
0 0.7495 0.4786 0.0381 0.0438
0 0.8213 0.4874 0.0352 0.0429
0 0.8525 0.6188 0.0469 0.0466
0 0.6543 0.5983 0.0391 0.0522
0 0.521 0.5983 0.04 0.0522
0 0.3315 0.6053 0.04 0.0494
0 0.1719 0.5829 0.041 0.0475
