0 0.1582 0.7026 0.0449 0.0485
0 0.2397 0.7031 0.0439 0.0495
0 0.3691 0.6902 0.041 0.0526
0 0.4912 0.6948 0.041 0.0495
0 0.603 0.6809 0.0459 0.0464
0 0.7148 0.666 0.043 0.0474
0 0.8472 0.6572 0.04 0.0443
0 0.1147 0.434 0.0439 0.0515
0 0.2222 0.4423 0.0459 0.0495
0 0.332 0.418 0.0449 0.0546
0 0.4209 0.4376 0.0449 0.0588
0 0.5127 0.4247 0.0391 0.0474
0 0.6035 0.3974 0.043 0.0464
0 0.7075 0.4124 0.0439 0.0557
0 0.7837 0.4134 0.042 0.0495
0 0.1758 0.35 0.0371 0.0423
0 0.2388 0.3216 0.0322 0.0433
0 0.3232 0.3325 0.0391 0.0443
0 0.3745 0.3392 0.0381 0.0474
0 0.4243 0.3206 0.0381 0.0474
0 0.5093 0.3402 0.0322 0.0392
0 0.5581 0.3134 0.0361 0.0495
0 0.6167 0.3119 0.0342 0.0443
0 0.6753 0.3309 0.0361 0.0515
0 0.7495 0.3046 0.0361 0.0485
0 0.2837 0.2412 0.0342 0.0371
0 0.3511 0.2314 0.0361 0.0443
0 0.4165 0.2211 0.0322 0.0402
0 0.4976 0.2242 0.0342 0.0443
0 0.5762 0.2299 0.0332 0.0392
0 0.6572 0.2175 0.0352 0.0433
0 0.7388 0.2448 0.0342 0.0423
