0 0.4688 0.3642 0.0312 0.054
0 0.3228 0.7569 0.0088 0.0131
0 0.2866 0.7547 0.0088 0.0146
0 0.2549 0.765 0.0078 0.0117
0 0.2192 0.7613 0.0068 0.0131
0 0.1895 0.7606 0.0098 0.0175
0 0.1143 0.7569 0.0078 0.0161
0 0.0874 0.7555 0.0088 0.0131
0 0.6543 0.7606 0.0078 0.0146
0 0.7793 0.7533 0.0078 0.0175
0 0.8032 0.7445 0.0107 0.0204
0 0.8262 0.7343 0.0078 0.0146
0 0.1108 0.7117 0.0068 0.0131
0 0.0322 0.7314 0.0078 0.0146
0 0.1577 0.735 0.0088 0.0131
0 0.1504 0.7606 0.0078 0.0175
0 0.2163 0.692 0.0068 0.0175
0 0.2739 0.6832 0.0088 0.0175
0 0.2725 0.7182 0.0059 0.0117
0 0.293 0.7161 0.0059 0.0161
0 0.3281 0.7153 0.0078 0.0146
0 0.3555 0.7161 0.0059 0.0161
0 0.2461 0.7204 0.0078 0.0161
0 0.1558 0.6905 0.0088 0.0117
0 0.0073 0.6547 0.0068 0.0161
0 0.0122 0.6825 0.0068 0.0131
0 0.0591 0.7365 0.0068 0.0131
0 0.0566 0.7029 0.0059 0.0131
0 0.041 0.6788 0.0059 0.0117
0 0.1792 0.7146 0.0068 0.0161
0 0.1528 0.7109 0.0049 0.0117
0 0.1284 0.6861 0.0068 0.0146
0 0.0781 0.6854 0.0078 0.0131
0 0.2134 0.6657 0.0068 0.0146
0 0.0073 0.5949 0.0088 0.0131
0 0.0161 0.6146 0.0068 0.0117
0 0.0293 0.6416 0.0078 0.0131
0 0.0308 0.6584 0.0068 0.0117
0 0.9038 0.7139 0.0088 0.0234
0 0.9453 0.7095 0.0059 0.0146
0 0.6724 0.7146 0.0068 0.019
0 0.668 0.6883 0.0059 0.0131
0 0.6416 0.6905 0.0059 0.0146
0 0.5488 0.7204 0.0098 0.019
