0 0.5112 0.1995 0.04 0.024
0 0.4136 0.1487 0.0342 0.0182
0 0.2695 0.1427 0.0352 0.0198
0 0.1338 0.1945 0.0371 0.0224
0 0.4741 0.0794 0.0322 0.0224
0 0.5527 0.0786 0.0371 0.0229
0 0.5981 0.1539 0.0322 0.0193
0 0.73 0.144 0.0361 0.0203
0 0.8774 0.1901 0.0342 0.026
0 0.4282 0.381 0.0537 0.0307
0 0.6177 0.3552 0.0518 0.0333
0 0.5186 0.4263 0.0664 0.038
0 0.6216 0.4583 0.0732 0.0385
0 0.7856 0.4396 0.0576 0.0333
0 0.5181 0.5409 0.0889 0.0589
0 0.8604 0.3346 0.0078 0.0047
0 0.3584 0.3346 0.0098 0.0068
0 0.8682 0.3661 0.0078 0.0063
