0 0.1948 0.3118 0.0303 0.043
0 0.292 0.3112 0.0273 0.0417
0 0.3784 0.2878 0.0303 0.0417
0 0.4624 0.2721 0.0303 0.0521
0 0.5537 0.2383 0.0312 0.0417
0 0.6973 0.207 0.0312 0.0495
0 0.7607 0.2214 0.0312 0.0469
0 0.7944 0.2663 0.0342 0.0482
0 0.1748 0.3776 0.0273 0.0469
0 0.2241 0.3796 0.0303 0.0404
0 0.3076 0.3776 0.0293 0.0469
0 0.3623 0.3835 0.0293 0.043
0 0.4268 0.3906 0.0312 0.0573
0 0.5034 0.3848 0.0322 0.0508
0 0.5576 0.3945 0.0293 0.0495
0 0.6191 0.4023 0.0312 0.0495
0 0.6729 0.3574 0.0332 0.056
0 0.7446 0.3835 0.0303 0.0508
0 0.084 0.5462 0.0371 0.056
0 0.1836 0.5508 0.0352 0.0521
0 0.3047 0.5508 0.0332 0.0469
0 0.3843 0.5996 0.0342 0.0508
0 0.5088 0.5938 0.0391 0.0469
0 0.7114 0.498 0.0303 0.0508
0 0.7656 0.6257 0.0391 0.0612
0 0.8296 0.3021 0.0361 0.0547
0 0.8198 0.5762 0.0381 0.056
0 0.8667 0.6927 0.0459 0.0625
