0 0.1216 0.2375 0.0283 0.0461
0 0.1909 0.2537 0.0264 0.0461
0 0.0659 0.3797 0.0283 0.0511
0 0.1338 0.3797 0.0254 0.0461
0 0.0903 0.4844 0.0264 0.0511
0 0.0923 0.5985 0.0283 0.0499
0 0.1724 0.606 0.0283 0.0499
0 0.2456 0.2537 0.0244 0.0461
0 0.2866 0.2544 0.0283 0.0449
0 0.3247 0.2556 0.0283 0.0474
0 0.2134 0.3766 0.0303 0.0449
0 0.293 0.3691 0.0312 0.0449
0 0.3594 0.3747 0.0273 0.0436
0 0.1768 0.4956 0.0312 0.0486
0 0.2583 0.4906 0.0303 0.0461
0 0.2588 0.6066 0.0273 0.0461
0 0.3804 0.2581 0.0264 0.0374
0 0.4419 0.26 0.0283 0.0461
0 0.5176 0.2625 0.0254 0.0436
0 0.4106 0.3753 0.0244 0.0424
0 0.4648 0.3822 0.0273 0.0511
0 0.5195 0.3809 0.0273 0.0461
0 0.3462 0.4944 0.0283 0.0511
0 0.4233 0.4963 0.0264 0.0424
0 0.4927 0.4956 0.0264 0.0511
0 0.3398 0.6135 0.0273 0.0499
0 0.4141 0.6122 0.0293 0.0499
0 0.4912 0.6228 0.0293 0.0511
0 0.5859 0.2662 0.0234 0.0486
0 0.6509 0.2643 0.0225 0.0449
0 0.5845 0.3772 0.0244 0.0486
0 0.6704 0.3853 0.0264 0.0449
0 0.7222 0.2799 0.0283 0.0461
0 0.7925 0.2718 0.0244 0.0449
0 0.8706 0.2643 0.0244 0.0474
0 0.7437 0.3897 0.0283 0.0461
0 0.8291 0.3847 0.0254 0.0486
0 0.9014 0.4034 0.0293 0.0436
0 0.7192 0.4869 0.0283 0.0486
0 0.8062 0.4925 0.0283 0.0474
0 0.8906 0.5156 0.0293 0.0436
0 0.9404 0.5156 0.0293 0.0436
0 0.564 0.4938 0.0264 0.0449
0 0.644 0.4925 0.0283 0.0499
0 0.5674 0.611 0.0293 0.0474
0 0.6577 0.6079 0.0283 0.0461
0 0.7427 0.6128 0.0283 0.0486
0 0.8359 0.6384 0.0273 0.0499
