0 0.0059 0.3828 0.0137 0.0295
0 0.0435 0.3663 0.0186 0.0278
0 0.0825 0.3819 0.0166 0.0347
0 0.1255 0.3741 0.0186 0.0365
0 0.1709 0.3793 0.0195 0.0399
0 0.2075 0.3967 0.0244 0.0399
0 0.2612 0.3524 0.0225 0.0451
0 0.3223 0.3611 0.0234 0.0486
0 0.3765 0.3672 0.0225 0.0503
0 0.4282 0.4045 0.0283 0.0486
0 0.4854 0.3759 0.0215 0.0469
0 0.5654 0.4028 0.0234 0.0521
0 0.5869 0.4089 0.0156 0.0503
0 0.6411 0.4514 0.0205 0.0417
0 0.6562 0.3845 0.0215 0.0469
0 0.7168 0.4262 0.0156 0.033
0 0.7612 0.4375 0.0088 0.0174
0 0.8682 0.4297 0.0117 0.0191
0 0.8081 0.4314 0.0127 0.0226
0 0.8325 0.4323 0.0127 0.0243
0 0.9004 0.4306 0.0156 0.0278
0 0.7324 0.4158 0.0117 0.0295
0 0.6909 0.4262 0.0107 0.026
0 0.7402 0.4253 0.0078 0.0174
0 0.9272 0.4219 0.0166 0.0312
0 0.4209 0.5816 0.0215 0.0486
