0 0.7637 0.4758 0.043 0.0703
0 0.7461 0.2482 0.0352 0.06
0 0.687 0.5117 0.04 0.0864
0 0.5654 0.5769 0.043 0.082
0 0.647 0.2533 0.0342 0.0673
0 0.4023 0.5842 0.041 0.0849
0 0.4551 0.2101 0.0352 0.0571
0 0.3511 0.202 0.0361 0.0556
0 0.2993 0.2064 0.04 0.0673
0 0.2349 0.1977 0.0361 0.0644
0 0.1484 0.1442 0.0469 0.0864
0 0.0557 0.1442 0.0508 0.0835
0 0.0796 0.4158 0.0615 0.1025
0 0.2241 0.4524 0.0518 0.0908
0 0.5571 0.2313 0.0322 0.0527
0 0.8848 0.5168 0.0469 0.0849
0 0.9609 0.2035 0.043 0.0791
0 0.8462 0.2335 0.042 0.0717
