0 0.375 0.1333 0.0078 0.0107
0 0.3438 0.2598 0.0078 0.0137
0 0.5625 0.229 0.0098 0.0127
0 0.6133 0.2271 0.0098 0.0127
0 0.6836 0.2666 0.0098 0.0137
0 0.6924 0.1753 0.0098 0.0146
0 0.6387 0.1562 0.0117 0.0137
0 0.6064 0.1875 0.0098 0.0137
0 0.5781 0.1929 0.0098 0.0127
0 0.5962 0.2144 0.0068 0.0107
0 0.6479 0.2065 0.0088 0.0107
0 0.6353 0.186 0.0068 0.0068
0 0.6201 0.1709 0.0078 0.0078
0 0.6641 0.2212 0.0098 0.0088
0 0.6299 0.2568 0.0098 0.0078
0 0.6411 0.291 0.0107 0.0156
0 0.7217 0.3491 0.0098 0.0146
0 0.5796 0.3022 0.0107 0.0127
0 0.5815 0.2676 0.0068 0.0098
0 0.6616 0.3286 0.0127 0.0107
0 0.7017 0.2485 0.0088 0.0088
0 0.7632 0.1851 0.0068 0.0107
0 0.4399 0.124 0.0127 0.0117
0 0.4873 0.1538 0.0137 0.0146
0 0.458 0.1797 0.0098 0.0098
0 0.4258 0.2202 0.0098 0.0127
0 0.3999 0.2544 0.0088 0.0127
0 0.3379 0.5547 0.0098 0.0137
0 0.3232 0.6284 0.0098 0.0127
0 0.2964 0.6172 0.0127 0.0117
0 0.291 0.6514 0.0117 0.0156
0 0.2676 0.647 0.0098 0.0107
0 0.418 0.6777 0.0137 0.0156
0 0.3965 0.6621 0.0098 0.0156
0 0.4199 0.6592 0.0098 0.0137
0 0.3115 0.519 0.0137 0.0146
0 0.3418 0.6826 0.0098 0.0176
0 0.3706 0.6694 0.0088 0.0166
0 0.7778 0.4302 0.0127 0.0146
0 0.5664 0.4321 0.0117 0.0146
0 0.5527 0.4468 0.0098 0.0146
0 0.5479 0.4727 0.0117 0.0176
0 0.5776 0.4521 0.0107 0.0156
0 0.5776 0.4692 0.0146 0.0166
0 0.6187 0.4761 0.0127 0.0166
0 0.373 0.2446 0.0098 0.0127
0 0.3726 0.2207 0.0107 0.0117
0 0.334 0.2134 0.0117 0.0127
0 0.3989 0.1406 0.0088 0.0117
0 0.3794 0.1157 0.0127 0.0127
0 0.5508 0.6523 0.0137 0.0176
0 0.5327 0.6108 0.0146 0.0166
0 0.4829 0.6411 0.0107 0.0166
0 0.498 0.5864 0.0098 0.0205
0 0.4922 0.6758 0.0156 0.0195
0 0.4741 0.7002 0.0127 0.0117
0 0.5044 0.7559 0.0107 0.0137
0 0.5288 0.7349 0.0146 0.0146
0 0.522 0.7144 0.0146 0.0186
0 0.5654 0.7222 0.0117 0.0166
0 0.6206 0.7524 0.0107 0.0146
0 0.6602 0.731 0.0137 0.0127
0 0.6562 0.6992 0.0117 0.0156
0 0.6367 0.6519 0.0117 0.0166
0 0.7241 0.6406 0.0146 0.0117
0 0.6904 0.689 0.0117 0.0146
0 0.6963 0.729 0.0078 0.0127
0 0.6963 0.7046 0.0117 0.0146
0 0.6152 0.6353 0.0117 0.0225
0 0.7607 0.5503 0.0098 0.0186
0 0.46 0.7139 0.0078 0.0176
0 0.4551 0.6226 0.0098 0.0186
0 0.3145 0.2842 0.0117 0.0117
0 0.646 0.4805 0.0107 0.0156
0 0.666 0.4639 0.0117 0.0137
0 0.7031 0.5195 0.0117 0.0117
0 0.6675 0.5132 0.0107 0.0166
0 0.6387 0.5244 0.0156 0.0195
0 0.6021 0.5005 0.0146 0.0166
0 0.603 0.7026 0.0146 0.0186
0 0.6812 0.6431 0.0146 0.0205
0 0.5957 0.6304 0.0137 0.0205
0 0.6743 0.7856 0.0127 0.0146
0 0.5664 0.7241 0.0137 0.0205
0 0.3979 0.4902 0.0107 0.0156
0 0.4888 0.6108 0.0107 0.0146
0 0.4155 0.2822 0.0107 0.0137
0 0.7197 0.2012 0.0059 0.0078
0 0.6909 0.1924 0.0068 0.0078
0 0.7363 0.2632 0.0059 0.0068
0 0.7217 0.3101 0.0098 0.0127
0 0.5093 0.2051 0.0088 0.0117
0 0.4907 0.2246 0.0088 0.0098
0 0.4399 0.2402 0.0107 0.0117
0 0.4268 0.2651 0.0098 0.0127
0 0.4761 0.2451 0.0107 0.0117
0 0.4653 0.2666 0.0088 0.0117
0 0.4907 0.2642 0.0088 0.0127
0 0.4004 0.3003 0.0098 0.0127
0 0.3853 0.2788 0.0107 0.0107
0 0.3628 0.2998 0.0107 0.0098
0 0.3789 0.2603 0.0098 0.0107
0 0.3154 0.501 0.0137 0.0137
0 0.2695 0.5503 0.0098 0.0186
0 0.2793 0.5674 0.0117 0.0117
0 0.2583 0.5894 0.0127 0.0166
0 0.231 0.6753 0.0127 0.0146
0 0.312 0.6016 0.0107 0.0117
0 0.5703 0.4907 0.0117 0.0146
0 0.5264 0.4907 0.0098 0.0166
0 0.5303 0.5137 0.0098 0.0176
0 0.5708 0.5386 0.0107 0.0186
0 0.5879 0.522 0.0117 0.0146
0 0.542 0.5347 0.0098 0.0166
0 0.5688 0.5654 0.0127 0.0176
0 0.6069 0.5444 0.0146 0.0205
0 0.6348 0.5752 0.0117 0.0117
0 0.6641 0.5942 0.0137 0.0146
0 0.709 0.5874 0.0137 0.0146
0 0.7383 0.5679 0.0117 0.0107
0 0.708 0.5435 0.0137 0.0146
0 0.542 0.627 0.0098 0.0195
0 0.5815 0.6084 0.0127 0.0156
0 0.5957 0.584 0.0117 0.0156
0 0.6758 0.6626 0.0137 0.0166
0 0.2983 0.2788 0.0088 0.0186
0 0.7104 0.3384 0.0127 0.0146
0 0.6475 0.2637 0.0117 0.0117
0 0.7524 0.2349 0.0127 0.0146
0 0.6177 0.2031 0.0107 0.0117
0 0.6226 0.7739 0.0146 0.0166
0 0.5933 0.7671 0.0146 0.0146
0 0.4292 0.4268 0.0127 0.0137
0 0.4419 0.4106 0.0088 0.0127
0 0.4746 0.418 0.0098 0.0117
0 0.5029 0.4229 0.0137 0.0098
0 0.48 0.4448 0.0107 0.0146
0 0.5029 0.4658 0.0078 0.0098
0 0.5122 0.4497 0.0088 0.0107
0 0.4346 0.5205 0.0098 0.0156
0 0.46 0.5117 0.0098 0.0117
0 0.4316 0.48 0.0117 0.0146
0 0.4932 0.5127 0.0059 0.0156
0 0.4155 0.5532 0.0146 0.0166
0 0.396 0.5493 0.0127 0.0166
0 0.4478 0.5786 0.0107 0.0146
0 0.4014 0.5928 0.0098 0.0117
0 0.3545 0.5972 0.0176 0.0127
0 0.3877 0.6167 0.0137 0.0127
0 0.4365 0.644 0.0156 0.0166
0 0.3584 0.6489 0.0137 0.0146
0 0.3145 0.6714 0.0117 0.0146
0 0.3018 0.6978 0.0117 0.0146
0 0.3418 0.7119 0.0137 0.0156
0 0.3867 0.7085 0.0117 0.0146
0 0.4136 0.5776 0.0127 0.0127
0 0.7153 0.4585 0.0146 0.0146
0 0.7563 0.5 0.0088 0.0117
0 0.7681 0.481 0.0146 0.0127
0 0.7256 0.4956 0.0137 0.0146
0 0.4365 0.292 0.0078 0.0098
0 0.4023 0.1719 0.0098 0.0078
0 0.4155 0.1567 0.0068 0.0088
0 0.4639 0.1431 0.0059 0.0107
0 0.5869 0.2378 0.0098 0.0127
0 0.5498 0.2593 0.0098 0.0107
0 0.772 0.2178 0.0088 0.0117
0 0.3115 0.4346 0.0098 0.0117
0 0.354 0.4189 0.0127 0.0117
0 0.3306 0.415 0.0127 0.0098
0 0.3755 0.4019 0.0107 0.0146
0 0.3945 0.4067 0.0117 0.0146
0 0.396 0.4307 0.0107 0.0117
0 0.3564 0.4438 0.0117 0.0146
0 0.3618 0.4658 0.0127 0.0176
0 0.3154 0.4565 0.0098 0.0146
0 0.3062 0.4819 0.0107 0.0127
0 0.5581 0.6738 0.0127 0.0176
0 0.5781 0.6489 0.0098 0.0166
0 0.6089 0.6743 0.0107 0.0166
0 0.5269 0.6909 0.0166 0.0186
0 0.5098 0.6416 0.0117 0.0156
0 0.7378 0.1719 0.0088 0.0078
0 0.6196 0.3247 0.0088 0.0107
0 0.3604 0.2764 0.0098 0.0098
0 0.3623 0.1934 0.0098 0.0098
0 0.3384 0.188 0.0088 0.0107
0 0.3599 0.1538 0.0068 0.0127
0 0.4365 0.1426 0.0078 0.0117
0 0.4883 0.1875 0.0098 0.0117
0 0.6758 0.7622 0.0137 0.0146
0 0.6846 0.5601 0.0117 0.0146
0 0.3882 0.4502 0.0107 0.0137
0 0.3457 0.5107 0.0117 0.0137
0 0.396 0.5127 0.0107 0.0117
0 0.3086 0.5537 0.0098 0.0117
0 0.2891 0.5361 0.0117 0.0137
0 0.2769 0.519 0.0088 0.0146
0 0.7227 0.2373 0.0098 0.0117
0 0.6045 0.145 0.0098 0.0107
