0 0.0112 0.2174 0.0186 0.0286
0 0.0654 0.235 0.0078 0.0143
0 0.1318 0.2116 0.0195 0.0326
0 0.1875 0.2044 0.0176 0.026
0 0.2314 0.2285 0.0117 0.0247
0 0.2065 0.207 0.0068 0.013
0 0.2627 0.2279 0.0137 0.0312
0 0.3325 0.1882 0.0244 0.0404
0 0.3481 0.1849 0.0127 0.0417
0 0.3823 0.2044 0.0107 0.0286
0 0.4292 0.207 0.0146 0.0182
0 0.4902 0.2012 0.0195 0.0352
0 0.52 0.194 0.0127 0.0208
0 0.5098 0.1797 0.0117 0.0182
0 0.7026 0.1387 0.04 0.0716
0 0.9038 0.1712 0.0225 0.0404
0 0.9619 0.1777 0.0117 0.0247
0 0.9233 0.1595 0.0166 0.0299
0 0.0439 0.2422 0.0117 0.0182
0 0.0264 0.2253 0.0078 0.0156
0 0.1445 0.2246 0.0059 0.0117
0 0.5347 0.1999 0.0068 0.0091
0 0.606 0.1908 0.0088 0.0143
0 0.6343 0.1868 0.0088 0.0169
0 0.8521 0.1973 0.0088 0.0221
0 0.2197 0.2083 0.0098 0.0182
0 0.0996 0.2285 0.0059 0.0091
