0 0.8916 0.6219 0.0176 0.0308
0 0.8145 0.6028 0.0176 0.0308
0 0.7778 0.558 0.0166 0.0294
0 0.7583 0.5176 0.0146 0.025
0 0.7129 0.4787 0.0117 0.0176
0 0.6807 0.5294 0.0117 0.022
0 0.7393 0.638 0.0176 0.0396
0 0.6685 0.6021 0.0166 0.0294
0 0.6074 0.6512 0.0195 0.0338
0 0.6416 0.5536 0.0176 0.0264
0 0.6055 0.4927 0.0117 0.0191
0 0.5547 0.5404 0.0137 0.0206
0 0.5225 0.572 0.0156 0.025
0 0.4897 0.6182 0.0186 0.0323
0 0.5015 0.4831 0.0127 0.0206
0 0.4541 0.5396 0.0137 0.022
0 0.4072 0.5609 0.0137 0.0235
0 0.4077 0.6667 0.0205 0.0323
0 0.3545 0.6079 0.0156 0.0323
0 0.3779 0.5037 0.0137 0.0235
0 0.3223 0.5514 0.0156 0.022
0 0.2822 0.6285 0.0195 0.0264
0 0.2734 0.5073 0.0137 0.0191
0 0.2207 0.5595 0.0176 0.0235
0 0.1772 0.4905 0.0146 0.0206
0 0.1006 0.5198 0.0156 0.0264
0 0.1465 0.649 0.0195 0.0352
