0 0.6084 0.5988 0.0391 0.0791
0 0.7471 0.4034 0.0195 0.06
0 0.6816 0.4151 0.0098 0.022
0 0.6343 0.396 0.0107 0.022
0 0.6587 0.4173 0.0107 0.0234
0 0.8608 0.4012 0.0107 0.0234
0 0.8501 0.4056 0.0107 0.0176
0 0.8687 0.4231 0.0107 0.0293
0 0.5073 0.3843 0.0127 0.0249
0 0.4707 0.3909 0.0098 0.0205
0 0.4233 0.4085 0.0127 0.0234
0 0.4336 0.4078 0.0078 0.019
0 0.3374 0.4305 0.0146 0.0322
0 0.2437 0.3821 0.0146 0.0322
0 0.2188 0.3719 0.0117 0.0293
0 0.1465 0.4056 0.0117 0.0264
0 0.2788 0.4034 0.0127 0.022
0 0.1455 0.369 0.0098 0.0264
0 0.1084 0.3163 0.0098 0.0293
0 0.0581 0.3463 0.0107 0.0278
0 0.1069 0.3858 0.0127 0.0425
