0 0.8462 0.5788 0.0303 0.0612
0 0.8809 0.5293 0.0117 0.0195
0 0.9805 0.526 0.0137 0.0234
0 0.811 0.4798 0.0088 0.0143
0 0.7969 0.4857 0.0059 0.0156
0 0.897 0.4902 0.0088 0.0169
0 0.8047 0.4948 0.0059 0.013
0 0.75 0.4531 0.0059 0.013
0 0.8486 0.4629 0.0117 0.0143
0 0.7041 0.4583 0.0078 0.0156
0 0.8374 0.4922 0.0068 0.0156
0 0.6426 0.7344 0.043 0.0833
0 0.3975 0.3854 0.0137 0.026
0 0.4365 0.3965 0.0137 0.0221
0 0.3052 0.3236 0.0068 0.0143
0 0.2207 0.3184 0.0059 0.0143
0 0.2578 0.321 0.0059 0.0117
0 0.1255 0.2826 0.0088 0.0208
0 0.106 0.278 0.0068 0.0117
0 0.1138 0.2806 0.0049 0.0195
0 0.1367 0.2839 0.0078 0.0182
