0 0.4766 0.2958 0.0488 0.1113
0 0.6572 0.3843 0.0488 0.1069
0 0.8062 0.41 0.0225 0.0439
0 0.7544 0.4378 0.0186 0.0351
0 0.9253 0.3821 0.0264 0.0469
0 0.96 0.3997 0.0176 0.0322
0 0.8584 0.4165 0.0176 0.0307
0 0.0176 0.3975 0.0156 0.0395
0 0.0493 0.3909 0.0166 0.0322
0 0.0752 0.3917 0.0137 0.0307
0 0.1147 0.3675 0.0186 0.041
0 0.1504 0.3814 0.0176 0.0425
0 0.2217 0.4129 0.0176 0.0293
0 0.2261 0.3792 0.0166 0.0293
0 0.2744 0.3638 0.0156 0.0366
0 0.9902 0.4085 0.0176 0.041
0 0.6255 0.3909 0.0146 0.0293
0 0.5688 0.3777 0.0166 0.0351
0 0.5879 0.3902 0.0156 0.0307
0 0.3384 0.3792 0.0146 0.0205
