0 0.9033 0.692 0.0195 0.0467
0 0.9507 0.5971 0.0127 0.0234
0 0.9102 0.5263 0.0117 0.0161
0 0.8481 0.619 0.0166 0.0321
0 0.835 0.5964 0.0117 0.0219
0 0.8135 0.5861 0.0098 0.0219
0 0.7817 0.5693 0.0107 0.0175
0 0.7334 0.5752 0.0098 0.0204
0 0.7847 0.4949 0.0068 0.0146
0 0.8018 0.4993 0.0059 0.0117
0 0.6143 0.5109 0.0078 0.0146
0 0.5669 0.4985 0.0068 0.0131
0 0.5303 0.5394 0.0059 0.0161
0 0.5562 0.5328 0.0068 0.0175
0 0.498 0.5759 0.0098 0.019
0 0.2217 0.5964 0.0137 0.0277
0 0.2637 0.6467 0.0117 0.035
0 0.2012 0.5073 0.0098 0.0131
0 0.2148 0.4876 0.0078 0.0146
0 0.2822 0.4942 0.0078 0.0131
0 0.2568 0.4985 0.0059 0.0131
0 0.1182 0.5146 0.0078 0.0161
0 0.0967 0.4818 0.0059 0.0117
0 0.0977 0.5161 0.0059 0.0131
0 0.0244 0.7248 0.0176 0.0307
0 0.0376 0.7336 0.0146 0.0307
0 0.311 0.6394 0.0146 0.0292
0 0.3228 0.5453 0.0088 0.019
0 0.2671 0.5372 0.0068 0.0146
0 0.3906 0.6854 0.0117 0.0277
0 0.4429 0.6839 0.0127 0.0336
0 0.5347 0.662 0.0127 0.0219
0 0.6343 0.6978 0.0107 0.0292
0 0.6616 0.6277 0.0127 0.0263
0 0.5371 0.535 0.0059 0.0131
0 0.7217 0.5409 0.0078 0.019
0 0.7544 0.5241 0.0068 0.0146
0 0.3491 0.4964 0.0068 0.0146
0 0.2271 0.4526 0.0049 0.0088
0 0.2158 0.4606 0.0059 0.0102
0 0.1221 0.4657 0.0059 0.0117
0 0.2036 0.4642 0.0049 0.0088
0 0.2305 0.481 0.0078 0.0161
0 0.6392 0.5197 0.0068 0.0117
0 0.6821 0.4766 0.0049 0.0102
0 0.7158 0.5058 0.0059 0.0131
0 0.7383 0.4847 0.0078 0.0117
0 0.7261 0.4423 0.0068 0.0146
0 0.4893 0.4672 0.0059 0.0117
0 0.4717 0.5737 0.0098 0.0175
0 0.5503 0.5482 0.0068 0.0131
0 0.1348 0.5971 0.0098 0.0175
0 0.25 0.4796 0.0059 0.0131
0 0.3135 0.4606 0.0059 0.0131
0 0.2969 0.4547 0.0059 0.0102
0 0.0547 0.7109 0.0176 0.0409
0 0.8281 0.5095 0.0059 0.0117
0 0.6831 0.5255 0.0068 0.0117
0 0.8931 0.5307 0.0068 0.0161
