0 0.8076 0.3976 0.0078 0.0133
0 0.9722 0.4056 0.0088 0.0133
0 0.8979 0.5851 0.0068 0.0133
0 0.9717 0.6011 0.0039 0.0106
0 0.7256 0.6416 0.0117 0.0226
0 0.7603 0.5805 0.0088 0.0146
0 0.314 0.1536 0.0557 0.0864
0 0.6523 0.8172 0.0117 0.0199
0 0.6304 0.7387 0.0127 0.0199
0 0.6597 0.7108 0.0127 0.0253
0 0.7134 0.7613 0.0146 0.0279
0 0.686 0.7799 0.0127 0.0173
0 0.688 0.6908 0.0146 0.0253
0 0.7012 0.7114 0.0098 0.016
0 0.7021 0.6609 0.0137 0.0266
0 0.6631 0.625 0.0078 0.016
0 0.645 0.641 0.0088 0.016
0 0.6313 0.6203 0.0088 0.0173
0 0.771 0.6297 0.0107 0.0253
0 0.8164 0.6363 0.0137 0.0253
0 0.8457 0.6217 0.0098 0.0146
0 0.8901 0.6769 0.0127 0.0213
0 0.8491 0.6503 0.0107 0.0213
0 0.8604 0.7221 0.0117 0.0239
0 0.8408 0.7387 0.0137 0.0226
0 0.7368 0.6868 0.0146 0.0226
0 0.7515 0.6682 0.0107 0.0226
0 0.7817 0.6622 0.0088 0.0213
0 0.627 0.6961 0.0117 0.0199
0 0.6475 0.6922 0.0137 0.0226
0 0.6118 0.6576 0.0107 0.0226
0 0.606 0.6336 0.0088 0.0146
0 0.7002 0.623 0.0098 0.0173
0 0.8203 0.7281 0.0098 0.0306
0 0.8818 0.5705 0.0098 0.0186
0 0.9312 0.5605 0.0127 0.0199
0 0.9321 0.6616 0.0186 0.0332
0 0.7256 0.3856 0.0117 0.0239
0 0.75 0.369 0.0078 0.0146
0 0.7456 0.4608 0.0107 0.0199
0 0.792 0.621 0.0078 0.016
0 0.021 0.4767 0.0107 0.0199
0 0.0747 0.4628 0.0088 0.0133
0 0.0967 0.4701 0.0098 0.0173
0 0.8618 0.4096 0.0107 0.0213
0 0.8921 0.4435 0.0127 0.0199
0 0.959 0.3371 0.0117 0.0199
0 0.8252 0.3963 0.0098 0.0186
0 0.1836 0.4428 0.0098 0.016
0 0.1846 0.4156 0.0059 0.012
0 0.2241 0.4142 0.0068 0.012
0 0.2256 0.4481 0.0117 0.0239
0 0.0967 0.4408 0.0078 0.012
0 0.1299 0.4601 0.0098 0.016
0 0.9907 0.4069 0.0127 0.0266
0 0.7554 0.752 0.0088 0.0146
0 0.7676 0.4541 0.0098 0.0199
0 0.7505 0.4342 0.0127 0.0226
0 0.7871 0.4521 0.0137 0.0266
0 0.8076 0.4568 0.0098 0.0173
0 0.8525 0.4541 0.0098 0.0199
0 0.8174 0.4182 0.0117 0.0226
0 0.8613 0.3697 0.0098 0.0213
