0 0.5088 0.5798 0.0195 0.0556
0 0.4644 0.5307 0.0186 0.0454
0 0.4561 0.254 0.0371 0.0659
0 0.4165 0.5666 0.0283 0.0498
0 0.5547 0.5857 0.0273 0.0673
0 0.4258 0.8404 0.0312 0.0849
0 0.6104 0.6083 0.0215 0.0688
0 0.9214 0.7064 0.0322 0.0747
0 0.375 0.3968 0.0547 0.1025
0 0.4565 0.4634 0.0225 0.0395
0 0.6841 0.5542 0.0244 0.0483
0 0.7041 0.7987 0.0527 0.0922
0 0.8984 0.5264 0.0156 0.0483
0 0.5469 0.3163 0.0742 0.1201
0 0.1538 0.3909 0.0225 0.0293
0 0.0796 0.6325 0.0381 0.0527
0 0.2324 0.5073 0.0234 0.06
0 0.2646 0.5227 0.0098 0.0381
0 0.3535 0.571 0.0254 0.0615
0 0.415 0.4963 0.0215 0.0469
0 0.8735 0.5293 0.0186 0.0542
0 0.8418 0.5542 0.0254 0.0483
0 0.7769 0.6713 0.042 0.0776
