0 0.7656 0.5972 0.0059 0.0139
0 0.7837 0.599 0.0049 0.0139
0 0.7974 0.6276 0.0049 0.0122
0 0.7695 0.658 0.0059 0.0139
0 0.8018 0.5946 0.0059 0.0156
0 0.9736 0.6936 0.0059 0.0226
0 0.9893 0.7023 0.0078 0.0226
0 0.9629 0.6632 0.0059 0.0139
0 0.9458 0.6597 0.0049 0.0139
0 0.9688 0.6172 0.0059 0.0156
0 0.9849 0.6519 0.0068 0.0156
0 0.9961 0.6866 0.0039 0.0122
0 0.9556 0.691 0.0049 0.0104
0 0.9854 0.6198 0.0059 0.0139
0 0.9336 0.6267 0.0098 0.0208
0 0.9233 0.6736 0.0049 0.0139
0 0.9199 0.6198 0.0059 0.0139
0 0.9565 0.6033 0.0049 0.0156
0 0.9751 0.5903 0.0049 0.0139
0 0.9917 0.5859 0.0049 0.0122
0 0.939 0.5651 0.0068 0.0156
0 0.98 0.5608 0.0049 0.0104
0 0.978 0.533 0.0068 0.0208
0 0.9663 0.5278 0.0068 0.0139
0 0.957 0.5365 0.0059 0.0174
0 0.9629 0.5052 0.0059 0.0139
0 0.9351 0.5373 0.0068 0.0156
0 0.9268 0.5087 0.0059 0.0139
0 0.9326 0.4835 0.0059 0.0156
0 0.9668 0.4887 0.0059 0.0122
0 0.9927 0.4575 0.0049 0.0122
0 0.9517 0.4818 0.0049 0.0156
0 0.959 0.4592 0.0039 0.0156
0 0.9644 0.4384 0.0049 0.0156
0 0.98 0.434 0.0049 0.0139
0 0.9468 0.4358 0.0049 0.0139
0 0.9946 0.4306 0.0049 0.0139
0 0.9888 0.4974 0.0068 0.0191
0 0.9858 0.526 0.0068 0.0174
0 0.8916 0.6849 0.0059 0.0122
0 0.8706 0.6849 0.0049 0.0156
0 0.8965 0.6493 0.0078 0.0139
0 0.9111 0.671 0.0059 0.0122
0 0.8765 0.6545 0.0068 0.0139
0 0.8716 0.6545 0.0068 0.0139
0 0.8745 0.6259 0.0049 0.0122
0 0.8901 0.6293 0.0068 0.0156
0 0.8618 0.5938 0.0068 0.0139
0 0.8555 0.6641 0.0059 0.0122
0 0.8374 0.6328 0.0068 0.0226
0 0.8457 0.6198 0.0059 0.0139
0 0.8579 0.6936 0.0068 0.0156
0 0.8647 0.6927 0.0088 0.0174
0 0.8018 0.7075 0.0059 0.0122
0 0.812 0.6849 0.0049 0.0156
0 0.8057 0.6632 0.0059 0.0174
0 0.7876 0.6823 0.0088 0.0278
0 0.7754 0.7023 0.0078 0.026
0 0.8071 0.6224 0.0068 0.0122
0 0.8169 0.6276 0.0049 0.0156
0 0.8198 0.6007 0.0068 0.0139
0 0.8242 0.6606 0.0078 0.0191
0 0.8398 0.658 0.0059 0.0139
0 0.8428 0.5981 0.0039 0.0087
0 0.9209 0.5382 0.0059 0.0139
0 0.9189 0.4878 0.0039 0.0104
0 0.9258 0.4557 0.0078 0.0122
0 0.9175 0.454 0.0049 0.0156
0 0.9307 0.4366 0.0059 0.0156
0 0.9233 0.4184 0.0049 0.0069
0 0.9175 0.4193 0.0049 0.0087
0 0.9326 0.4175 0.0039 0.0087
0 0.9829 0.4201 0.0049 0.0104
0 0.9741 0.395 0.0068 0.0191
0 0.9902 0.3863 0.0039 0.0122
0 0.9497 0.4019 0.0068 0.0191
0 0.9634 0.3872 0.0088 0.0312
0 0.979 0.3646 0.0049 0.0139
0 0.9863 0.3594 0.0039 0.0174
0 0.9673 0.3411 0.0049 0.0122
0 0.9497 0.3429 0.0049 0.0087
0 0.9448 0.3646 0.0049 0.0104
0 0.9438 0.3854 0.0068 0.0104
0 0.9541 0.3941 0.0059 0.0174
0 0.9956 0.4028 0.0049 0.0139
0 0.9971 0.3628 0.0039 0.0174
0 0.9639 0.3655 0.0039 0.0087
0 0.9341 0.3455 0.0088 0.0174
0 0.937 0.3255 0.0049 0.0087
0 0.9829 0.3333 0.0068 0.0139
0 0.9224 0.329 0.0068 0.0156
0 0.9185 0.3438 0.0049 0.0174
0 0.9204 0.3438 0.0068 0.0139
0 0.9282 0.3663 0.0049 0.0139
0 0.9141 0.3628 0.0059 0.0104
0 0.9351 0.3872 0.0049 0.0139
0 0.9214 0.3924 0.0049 0.0104
0 0.9395 0.401 0.0078 0.0139
0 0.9355 0.3689 0.0078 0.0156
0 0.9575 0.3802 0.0049 0.0139
0 0.7974 0.5694 0.0049 0.0139
0 0.8042 0.5833 0.0049 0.0139
0 0.7866 0.5686 0.0068 0.0122
0 0.7622 0.5712 0.0049 0.0139
0 0.7651 0.5425 0.0049 0.0156
0 0.7817 0.5451 0.0049 0.0139
0 0.8022 0.5451 0.0049 0.0139
0 0.8037 0.5174 0.0059 0.0139
0 0.7861 0.5104 0.0059 0.0174
0 0.7695 0.5139 0.0059 0.0139
0 0.8008 0.4896 0.0039 0.0104
0 0.7852 0.4878 0.0039 0.0104
0 0.7686 0.4905 0.0059 0.0156
0 0.77 0.4705 0.0049 0.0104
0 0.7881 0.4627 0.0059 0.0191
0 0.8047 0.4644 0.0059 0.0156
0 0.0322 0.7387 0.0059 0.0156
0 0.0186 0.7326 0.0078 0.0208
0 0.0308 0.7144 0.0068 0.0156
0 0.0972 0.724 0.0088 0.0174
0 0.0522 0.7109 0.0068 0.0156
0 0.0205 0.6771 0.0059 0.0139
0 0.0396 0.6771 0.0049 0.0174
0 0.0596 0.6745 0.0039 0.0087
0 0.0137 0.6493 0.0059 0.0139
0 0.0361 0.6458 0.0059 0.0139
0 0.0557 0.6458 0.0059 0.0139
0 0.0796 0.6719 0.0049 0.0104
0 0.0874 0.7101 0.0068 0.0139
0 0.0732 0.7075 0.0059 0.0122
0 0.0981 0.6762 0.0068 0.0156
0 0.0957 0.6467 0.0059 0.0156
0 0.0835 0.6502 0.0049 0.0122
0 0.0791 0.6233 0.0078 0.0174
0 0.0591 0.6137 0.0049 0.0122
0 0.0386 0.6172 0.0049 0.0122
0 0.0205 0.6181 0.0059 0.0139
0 0.1099 0.7049 0.0068 0.0174
0 0.1387 0.7309 0.0059 0.0174
0 0.1323 0.704 0.0049 0.0122
0 0.167 0.7292 0.0059 0.0139
0 0.1733 0.7266 0.0049 0.0122
0 0.1841 0.7283 0.0049 0.0122
0 0.1733 0.7031 0.0068 0.0139
0 0.1846 0.7101 0.0078 0.0174
0 0.1543 0.7066 0.0059 0.0139
0 0.1338 0.6727 0.0059 0.0156
0 0.1196 0.6701 0.0049 0.0104
0 0.1543 0.6771 0.0059 0.0139
0 0.1558 0.6493 0.0049 0.0104
0 0.168 0.6424 0.0059 0.0139
0 0.1758 0.6745 0.0059 0.0156
0 0.1924 0.6649 0.0059 0.0139
0 0.1157 0.6432 0.0049 0.0122
0 0.2095 0.7335 0.0049 0.0122
0 0.1992 0.6988 0.0059 0.0156
0 0.2119 0.6675 0.0059 0.0122
0 0.2456 0.7101 0.0049 0.0174
0 0.2661 0.7274 0.0068 0.0139
0 0.2603 0.7014 0.0049 0.0139
0 0.2817 0.6988 0.0049 0.0122
0 0.2642 0.6684 0.0049 0.0139
0 0.229 0.6675 0.0068 0.0122
0 0.2471 0.6389 0.0059 0.0139
0 0.2671 0.6389 0.0049 0.0104
0 0.228 0.6441 0.0049 0.0104
0 0.2095 0.6372 0.0068 0.0139
0 0.1929 0.6432 0.0068 0.0122
0 0.2217 0.704 0.0059 0.0122
0 0.293 0.7222 0.0059 0.0139
0 0.2959 0.7014 0.0059 0.0139
0 0.3096 0.7231 0.0059 0.0156
0 0.3281 0.7179 0.0039 0.0122
0 0.3467 0.7161 0.0059 0.0156
0 0.3335 0.6997 0.0049 0.0104
0 0.3164 0.6988 0.0059 0.0122
0 0.3535 0.6979 0.0059 0.0139
0 0.374 0.7066 0.0059 0.0139
0 0.3716 0.6606 0.0049 0.0156
0 0.3623 0.6615 0.0078 0.0139
0 0.3384 0.6606 0.0049 0.0156
0 0.3174 0.6649 0.0039 0.0104
0 0.2988 0.6684 0.0059 0.0139
0 0.2837 0.6406 0.0049 0.0139
0 0.3213 0.6363 0.0059 0.0156
0 0.3403 0.6363 0.0068 0.0156
0 0.3574 0.6363 0.0059 0.0122
0 0.377 0.6389 0.0059 0.0139
0 0.4263 0.7057 0.0088 0.0191
0 0.3882 0.6936 0.0049 0.0122
0 0.3921 0.6641 0.0049 0.0122
0 0.4097 0.6632 0.0049 0.0139
0 0.4341 0.6649 0.0049 0.0104
0 0.457 0.6649 0.0059 0.0174
0 0.4414 0.651 0.0059 0.0139
0 0.4219 0.651 0.0059 0.0174
0 0.4189 0.6267 0.0059 0.0139
0 0.3789 0.612 0.0059 0.0156
0 0.4746 0.6944 0.0059 0.0139
0 0.5317 0.6884 0.0068 0.0156
0 0.4741 0.6641 0.0049 0.0122
0 0.4731 0.6363 0.0068 0.0156
0 0.4878 0.6415 0.0049 0.0122
0 0.5078 0.6389 0.0039 0.0104
0 0.5439 0.6311 0.0059 0.0122
0 0.4688 0.6076 0.0059 0.0104
0 0.541 0.6615 0.0078 0.0174
0 0.5493 0.6927 0.0068 0.0139
0 0.5693 0.6918 0.0059 0.0122
0 0.5903 0.6918 0.0049 0.0122
0 0.5859 0.658 0.0059 0.0139
0 0.5752 0.6267 0.0078 0.0174
0 0.562 0.6363 0.0068 0.0156
0 0.5576 0.605 0.0059 0.0156
0 0.5757 0.6068 0.0049 0.0122
0 0.5405 0.5998 0.0049 0.0156
0 0.5239 0.6033 0.0049 0.0122
0 0.5996 0.7266 0.0059 0.0122
0 0.606 0.7231 0.0068 0.0156
0 0.6187 0.6892 0.0068 0.0139
0 0.6226 0.6571 0.0049 0.0122
0 0.6421 0.6901 0.0049 0.0122
0 0.6387 0.6571 0.0059 0.0122
0 0.6304 0.6293 0.0049 0.0122
0 0.6162 0.6337 0.0039 0.0104
0 0.5962 0.6311 0.0049 0.0122
0 0.6099 0.6033 0.0068 0.0156
0 0.6289 0.6033 0.0039 0.0122
0 0.6445 0.6024 0.0059 0.0139
0 0.6519 0.6337 0.0068 0.0139
0 0.6558 0.6649 0.0049 0.0139
0 0.6558 0.691 0.0049 0.0139
0 0.665 0.6918 0.0059 0.0122
0 0.6665 0.7127 0.0068 0.0156
0 0.6528 0.7057 0.0049 0.0156
0 0.686 0.7057 0.0068 0.0156
0 0.6782 0.6918 0.0049 0.0122
0 0.6997 0.6901 0.0049 0.0122
0 0.6934 0.6441 0.0078 0.0174
0 0.6821 0.6458 0.0068 0.0174
0 0.6934 0.6562 0.0059 0.0139
0 0.6626 0.6345 0.0068 0.0191
0 0.6621 0.5998 0.0059 0.0156
0 0.7041 0.6311 0.0059 0.0191
0 0.7188 0.6953 0.0059 0.0226
0 0.7261 0.6632 0.0068 0.0208
0 0.7231 0.6285 0.0049 0.0139
0 0.7061 0.6076 0.0059 0.0139
0 0.7104 0.5694 0.0049 0.0104
0 0.6631 0.5773 0.0059 0.0122
0 0.6484 0.5816 0.0059 0.0104
0 0.7148 0.6589 0.0039 0.0122
0 0.7339 0.6927 0.0049 0.0174
0 0.75 0.6649 0.0059 0.0139
0 0.7598 0.6944 0.0059 0.0174
0 0.7446 0.6276 0.0049 0.0122
0 0.7637 0.6302 0.0039 0.0104
0 0.7427 0.6016 0.0049 0.0087
0 0.7222 0.6024 0.0049 0.0104
0 0.7495 0.5443 0.0049 0.0122
0 0.7427 0.5729 0.0049 0.0139
0 0.7256 0.5729 0.0039 0.0139
0 0.73 0.5451 0.0049 0.0104
0 0.7119 0.5347 0.0059 0.0139
0 0.731 0.5165 0.0049 0.0122
0 0.7446 0.5312 0.0049 0.0139
0 0.7202 0.4939 0.0049 0.0122
0 0.7275 0.4844 0.0039 0.0104
0 0.7358 0.487 0.0068 0.0122
0 0.7427 0.5148 0.0049 0.0122
0 0.7476 0.5182 0.0049 0.0122
0 0.7529 0.4852 0.0059 0.0156
0 0.6899 0.4939 0.0049 0.0122
0 0.6987 0.487 0.0049 0.0122
0 0.7222 0.4722 0.0049 0.0104
0 0.7378 0.4714 0.0049 0.0122
0 0.7559 0.4679 0.0039 0.0122
0 0.792 0.4479 0.0039 0.0104
0 0.7749 0.4427 0.0049 0.0139
0 0.771 0.4488 0.0049 0.0122
0 0.7788 0.4193 0.0068 0.0156
0 0.7837 0.3984 0.0049 0.0122
0 0.7939 0.395 0.0039 0.0122
0 0.9028 0.3932 0.0049 0.0156
0 0.894 0.3689 0.0049 0.0122
0 0.7783 0.3819 0.0039 0.0104
0 0.7847 0.3533 0.0049 0.0087
0 0.791 0.342 0.0039 0.0104
0 0.7905 0.3273 0.0049 0.0122
0 0.7778 0.3316 0.0049 0.0139
0 0.79 0.3108 0.0039 0.0104
0 0.7964 0.296 0.0049 0.0087
0 0.7817 0.2812 0.0068 0.0104
0 0.7949 0.2708 0.0039 0.0104
0 0.7881 0.25 0.0039 0.0069
0 0.7798 0.2457 0.0049 0.0156
0 0.7905 0.2257 0.0068 0.0139
0 0.7715 0.2517 0.0039 0.0104
0 0.771 0.2127 0.0049 0.0156
0 0.7681 0.1962 0.0049 0.0139
0 0.79 0.2118 0.0059 0.0174
0 0.7788 0.2127 0.0088 0.0191
0 0.7568 0.276 0.0039 0.0104
0 0.7549 0.2995 0.0039 0.0087
0 0.7495 0.3333 0.0049 0.0139
0 0.7432 0.2578 0.0039 0.0087
0 0.7266 0.2248 0.0039 0.0087
0 0.7305 0.2561 0.0039 0.0087
0 0.7256 0.2951 0.0039 0.0139
0 0.7227 0.3255 0.0039 0.0122
0 0.7163 0.3299 0.0049 0.0208
0 0.7725 0.2943 0.0039 0.0156
0 0.7085 0.4262 0.0049 0.0156
0 0.7256 0.3785 0.0039 0.0104
0 0.7158 0.3585 0.0059 0.0156
0 0.7417 0.3715 0.0049 0.0139
0 0.729 0.3507 0.0068 0.0139
0 0.6606 0.4028 0.0049 0.0139
0 0.689 0.3368 0.0049 0.0104
0 0.6992 0.3576 0.0059 0.0174
0 0.6567 0.4913 0.0068 0.0139
0 0.6802 0.4505 0.0049 0.0122
0 0.6636 0.4696 0.0049 0.0122
0 0.6709 0.5156 0.0059 0.0208
0 0.6187 0.5521 0.0049 0.0139
0 0.6138 0.5755 0.0049 0.0122
0 0.6333 0.553 0.0049 0.0156
0 0.6279 0.572 0.0059 0.0122
0 0.6367 0.5234 0.0039 0.0122
0 0.6533 0.5217 0.0039 0.0122
0 0.6206 0.5269 0.0049 0.0122
0 0.6079 0.4939 0.0049 0.0122
0 0.6001 0.5217 0.0049 0.0122
0 0.6255 0.4896 0.0049 0.0104
0 0.645 0.4766 0.0049 0.0122
0 0.6279 0.4714 0.0059 0.0122
0 0.5942 0.4835 0.0049 0.0122
0 0.6743 0.5052 0.0049 0.0104
0 0.5967 0.5477 0.0059 0.0156
0 0.5596 0.5738 0.0039 0.0156
0 0.5415 0.5747 0.0049 0.0139
0 0.5317 0.5217 0.0049 0.0122
0 0.5493 0.5295 0.0049 0.0104
0 0.5562 0.5052 0.0049 0.0139
0 0.5654 0.5252 0.0039 0.0087
0 0.5732 0.5069 0.0039 0.0104
0 0.5889 0.5087 0.0059 0.0139
0 0.5771 0.4722 0.0039 0.0104
0 0.4873 0.6059 0.0059 0.0174
0 0.5068 0.6042 0.0059 0.0139
0 0.4932 0.5477 0.0059 0.0122
0 0.4805 0.5521 0.0039 0.0139
0 0.5234 0.5781 0.0059 0.0139
0 0.5059 0.5799 0.0059 0.0139
0 0.5107 0.5538 0.0059 0.0139
0 0.5156 0.5217 0.0059 0.0156
0 0.5229 0.4957 0.0049 0.0122
0 0.5083 0.5017 0.0049 0.0139
0 0.4814 0.5243 0.0059 0.0139
0 0.4771 0.5738 0.0068 0.0156
0 0.4751 0.5009 0.0049 0.0122
0 0.4604 0.5243 0.0068 0.0208
0 0.3882 0.5608 0.0049 0.0139
0 0.3823 0.5825 0.0049 0.0156
0 0.3975 0.5799 0.0039 0.0139
0 0.4233 0.559 0.0049 0.0174
0 0.4067 0.5503 0.0049 0.0139
0 0.3735 0.5503 0.0049 0.0139
0 0.3745 0.5304 0.0049 0.0122
0 0.3911 0.5304 0.0049 0.0122
0 0.4458 0.5599 0.0049 0.0122
0 0.4126 0.5243 0.0049 0.0104
0 0.4443 0.5043 0.0059 0.0156
0 0.4453 0.5278 0.0039 0.0104
0 0.4253 0.5052 0.0049 0.0139
0 0.4092 0.5017 0.0059 0.0174
0 0.4248 0.48 0.0039 0.0122
0 0.4434 0.4549 0.0039 0.0104
0 0.457 0.4922 0.0059 0.0122
0 0.4258 0.4497 0.0039 0.0104
0 0.4771 0.4531 0.0049 0.0104
0 0.4883 0.4878 0.0059 0.0139
0 0.5029 0.48 0.0039 0.0122
0 0.5 0.4549 0.0039 0.0139
0 0.3599 0.605 0.0049 0.0122
0 0.3604 0.5781 0.0039 0.0104
0 0.3555 0.5538 0.0059 0.0139
0 0.3359 0.5564 0.0059 0.0156
0 0.3203 0.559 0.0039 0.0104
0 0.3438 0.6111 0.0059 0.0139
0 0.3208 0.6163 0.0049 0.0104
0 0.29 0.6128 0.0039 0.0104
0 0.2739 0.6102 0.0049 0.0122
0 0.2554 0.5842 0.0049 0.0122
0 0.2705 0.5825 0.0059 0.0122
0 0.2896 0.5859 0.0049 0.0122
0 0.2832 0.5521 0.0039 0.0104
0 0.2935 0.5339 0.0049 0.0122
0 0.27 0.5547 0.0049 0.0122
0 0.2495 0.5356 0.0049 0.0122
0 0.2603 0.5295 0.0049 0.0104
0 0.2178 0.6102 0.0059 0.0122
0 0.1997 0.6146 0.0049 0.0139
0 0.1953 0.5833 0.0039 0.0104
0 0.2178 0.5868 0.0059 0.0139
0 0.2397 0.5877 0.0049 0.0122
0 0.2134 0.5599 0.0049 0.0122
0 0.1958 0.5391 0.0049 0.0122
0 0.23 0.612 0.0049 0.0122
0 0.1689 0.5825 0.0039 0.0122
0 0.1489 0.6155 0.0049 0.0122
0 0.1304 0.5868 0.0049 0.0139
0 0.1294 0.5582 0.0049 0.0156
0 0.146 0.5599 0.0049 0.0122
0 0.144 0.5321 0.0049 0.0122
0 0.1636 0.5304 0.0049 0.0122
0 0.1499 0.5877 0.0049 0.0122
0 0.0947 0.6102 0.0059 0.0156
0 0.0747 0.5851 0.0049 0.0139
0 0.0938 0.5851 0.0059 0.0104
0 0.0356 0.5833 0.0049 0.0104
0 0.0176 0.5938 0.0059 0.0139
0 0.02 0.5573 0.0049 0.0104
0 0.0386 0.5608 0.0049 0.0104
0 0.0552 0.5842 0.0049 0.0087
0 0.0547 0.5608 0.0059 0.0139
0 0.0757 0.5521 0.0049 0.0139
0 0.0938 0.5564 0.0059 0.0122
0 0.0356 0.5304 0.0049 0.0122
0 0.0146 0.5312 0.0059 0.0139
0 0.0898 0.5339 0.0059 0.0122
0 0.0723 0.5304 0.0039 0.0087
0 0.1162 0.6146 0.0059 0.0139
0 0.1094 0.5877 0.0039 0.0122
0 0.1113 0.5556 0.0059 0.0139
0 0.1689 0.6146 0.0059 0.0139
0 0.1699 0.559 0.0039 0.0139
0 0.1802 0.559 0.0049 0.0139
0 0.1763 0.5356 0.0068 0.0156
0 0.1099 0.5312 0.0049 0.0104
0 0.019 0.5729 0.0068 0.0139
0 0.0513 0.5278 0.0068 0.0174
0 0.0747 0.5043 0.0068 0.0156
0 0.0347 0.5026 0.0049 0.0122
0 0.0547 0.5061 0.0039 0.0122
0 0.0923 0.5095 0.0049 0.0122
0 0.106 0.4583 0.0049 0.0139
0 0.0908 0.48 0.0039 0.0087
0 0.1099 0.5061 0.0049 0.0087
0 0.0737 0.4818 0.0049 0.0087
0 0.0811 0.4549 0.0039 0.0139
0 0.019 0.48 0.0049 0.0156
0 0.0166 0.5052 0.0039 0.0104
0 0.0029 0.4757 0.0059 0.0174
0 0.0137 0.4366 0.0059 0.0122
0 0.0386 0.48 0.0049 0.0122
0 0.0327 0.4436 0.0068 0.0156
0 0.0518 0.4306 0.0039 0.0139
0 0.0278 0.4062 0.0049 0.0139
0 0.0083 0.4106 0.0049 0.0122
0 0.0127 0.3915 0.0059 0.0122
0 0.0391 0.401 0.0059 0.0139
0 0.061 0.4106 0.0049 0.0191
0 0.1265 0.5321 0.0068 0.0156
0 0.1274 0.5035 0.0049 0.0104
0 0.1411 0.5043 0.0049 0.0122
0 0.1606 0.5043 0.0049 0.0122
0 0.1665 0.5017 0.0049 0.0139
0 0.1909 0.5087 0.0068 0.0104
0 0.1885 0.4835 0.0059 0.0122
0 0.1729 0.4809 0.0059 0.0139
0 0.1567 0.4679 0.0049 0.0122
0 0.1406 0.4783 0.0059 0.0122
0 0.1245 0.4826 0.0049 0.0139
0 0.1333 0.467 0.0049 0.0139
0 0.1914 0.4635 0.0039 0.0104
0 0.2319 0.5538 0.0049 0.0139
0 0.2231 0.5512 0.0049 0.0122
0 0.2124 0.5304 0.0049 0.0122
0 0.228 0.5295 0.0049 0.0104
0 0.2407 0.5069 0.0049 0.0139
0 0.2222 0.5078 0.0049 0.0087
0 0.2046 0.4783 0.0049 0.0156
0 0.2202 0.4844 0.0049 0.0104
0 0.2305 0.4592 0.0039 0.0122
0 0.2373 0.4835 0.0039 0.0122
0 0.252 0.48 0.0039 0.0122
0 0.2461 0.4557 0.0039 0.0122
0 0.2432 0.4436 0.0059 0.0156
0 0.229 0.4375 0.0049 0.0104
0 0.1904 0.4392 0.0039 0.0104
0 0.207 0.5069 0.0039 0.0104
0 0.2588 0.5035 0.0039 0.0104
0 0.2744 0.5078 0.0039 0.0087
0 0.3096 0.5339 0.0039 0.0122
0 0.311 0.5061 0.0049 0.0122
0 0.2847 0.4809 0.0029 0.0069
0 0.3008 0.4809 0.0039 0.0104
0 0.2622 0.4523 0.0049 0.0087
0 0.2642 0.4601 0.0049 0.0104
0 0.2769 0.4566 0.0049 0.0104
0 0.2837 0.4497 0.0049 0.0139
0 0.2944 0.454 0.0049 0.0191
0 0.3101 0.4549 0.0049 0.0139
0 0.2949 0.5 0.0039 0.0104
0 0.2593 0.4375 0.0049 0.0104
0 0.2568 0.4123 0.0039 0.0122
0 0.2729 0.4401 0.0049 0.0087
0 0.3164 0.4722 0.0078 0.0139
0 0.3198 0.4323 0.0049 0.0139
0 0.2881 0.4097 0.0039 0.0104
0 0.2715 0.4141 0.0059 0.0122
0 0.3047 0.434 0.0039 0.0104
0 0.3105 0.4167 0.0059 0.0139
0 0.3276 0.5321 0.0049 0.0122
0 0.3423 0.5269 0.0049 0.0122
0 0.3608 0.5269 0.0049 0.0122
0 0.3765 0.5026 0.0049 0.0122
0 0.3921 0.5026 0.0049 0.0122
0 0.3418 0.5087 0.0059 0.0174
0 0.3545 0.5043 0.0059 0.0122
0 0.3257 0.5009 0.0068 0.0156
0 0.3433 0.5773 0.0049 0.0122
0 0.3638 0.4766 0.0049 0.0122
0 0.3462 0.4757 0.0049 0.0104
0 0.3604 0.4531 0.0059 0.0139
0 0.3467 0.4583 0.0039 0.0104
0 0.3774 0.4609 0.0049 0.0122
0 0.394 0.4557 0.0049 0.0122
0 0.3359 0.4384 0.0039 0.0087
0 0.3506 0.4253 0.0039 0.0104
0 0.5298 0.553 0.0049 0.0122
0 0.4946 0.5278 0.0049 0.0104
0 0.4937 0.5 0.0029 0.0104
0 0.5425 0.4991 0.0049 0.0156
0 0.5435 0.4774 0.0049 0.0139
0 0.5098 0.4774 0.0039 0.0104
0 0.5264 0.4306 0.0039 0.0104
0 0.543 0.4557 0.0039 0.0122
0 0.5322 0.4688 0.0039 0.0104
0 0.5566 0.4306 0.0039 0.0139
0 0.5581 0.4549 0.0029 0.0104
0 0.5757 0.4297 0.0049 0.0156
0 0.6211 0.4488 0.0039 0.0122
0 0.6104 0.4714 0.0039 0.0122
0 0.605 0.4479 0.0049 0.0104
0 0.6108 0.4253 0.0049 0.0104
0 0.623 0.4245 0.0059 0.0122
0 0.5884 0.4262 0.0049 0.0122
0 0.5796 0.4089 0.0049 0.0122
0 0.5981 0.4028 0.0049 0.0139
0 0.6133 0.4036 0.0059 0.0122
0 0.6406 0.428 0.0039 0.0122
0 0.6455 0.4071 0.0039 0.0122
0 0.6689 0.553 0.0039 0.0087
0 0.6406 0.4939 0.0039 0.0122
0 0.6592 0.4392 0.0039 0.0104
0 0.6777 0.4705 0.0039 0.0139
0 0.6753 0.4948 0.0049 0.0069
0 0.6816 0.4887 0.0039 0.0122
0 0.6396 0.4505 0.0039 0.0122
0 0.6523 0.5477 0.0039 0.0122
0 0.7129 0.2786 0.0039 0.0087
0 0.7197 0.2595 0.0039 0.0087
0 0.7031 0.2552 0.0039 0.0104
0 0.6968 0.2977 0.0049 0.0122
0 0.71 0.2925 0.0039 0.0087
0 0.687 0.276 0.0068 0.0139
0 0.7007 0.2769 0.0029 0.0087
0 0.6753 0.2786 0.0049 0.0122
0 0.6797 0.2977 0.0039 0.0122
0 0.6704 0.2648 0.0029 0.0087
0 0.6792 0.2361 0.0049 0.0104
0 0.7139 0.2326 0.0039 0.0104
0 0.665 0.3021 0.0039 0.0104
0 0.6831 0.2604 0.0049 0.0104
0 0.6924 0.2517 0.0059 0.0139
0 0.7012 0.2326 0.0039 0.0139
0 0.6929 0.2222 0.0029 0.0104
0 0.6641 0.2344 0.0039 0.0104
0 0.6816 0.1884 0.0059 0.0156
0 0.6851 0.2031 0.0049 0.0139
0 0.6421 0.2188 0.0049 0.0104
0 0.644 0.2344 0.0049 0.0139
0 0.6445 0.2613 0.0039 0.0122
0 0.6772 0.1806 0.0049 0.0139
0 0.6323 0.1936 0.0049 0.0087
0 0.6348 0.2248 0.0039 0.0087
0 0.6274 0.2318 0.0049 0.0122
0 0.6216 0.1944 0.0049 0.0104
0 0.6206 0.2109 0.0029 0.0087
0 0.6519 0.3038 0.0049 0.0139
0 0.6377 0.3021 0.0039 0.0104
0 0.6299 0.2821 0.0039 0.0087
0 0.6313 0.2639 0.0029 0.0104
0 0.6733 0.3403 0.0049 0.0104
0 0.6255 0.3411 0.0029 0.0087
0 0.6279 0.3238 0.0039 0.0122
0 0.6211 0.303 0.0039 0.0087
0 0.6436 0.3281 0.0039 0.0104
0 0.6416 0.3611 0.0059 0.0139
0 0.6597 0.3247 0.0049 0.0174
0 0.6104 0.3602 0.0039 0.0122
0 0.6118 0.3411 0.0049 0.0122
0 0.6074 0.322 0.0039 0.0087
0 0.6074 0.3099 0.0039 0.0087
0 0.6074 0.303 0.0039 0.0087
0 0.5972 0.3255 0.0029 0.0087
0 0.5967 0.3446 0.0039 0.0122
0 0.582 0.3446 0.0039 0.0087
0 0.5786 0.3655 0.0068 0.0122
0 0.5684 0.3411 0.0039 0.0087
0 0.5942 0.362 0.0049 0.0122
0 0.5894 0.3932 0.0049 0.0122
0 0.6074 0.3785 0.0039 0.0104
0 0.6211 0.3845 0.0039 0.0122
0 0.5767 0.3819 0.0049 0.0139
0 0.5752 0.4497 0.0039 0.0104
0 0.6533 0.3854 0.0039 0.0104
0 0.6396 0.3845 0.0039 0.0087
0 0.5527 0.408 0.0039 0.0104
0 0.5635 0.3854 0.0039 0.0104
0 0.563 0.3681 0.0049 0.0104
0 0.5381 0.3524 0.0039 0.0104
0 0.4927 0.4583 0.0049 0.0104
0 0.5225 0.4809 0.0039 0.0104
0 0.5234 0.4479 0.0039 0.0104
0 0.4907 0.4306 0.0049 0.0139
0 0.4751 0.4288 0.0049 0.0139
0 0.5068 0.4115 0.0039 0.0104
0 0.5166 0.4002 0.0059 0.0156
0 0.5215 0.4062 0.0039 0.0104
0 0.5117 0.4332 0.0059 0.0122
0 0.4912 0.4123 0.0039 0.0122
0 0.5342 0.3811 0.0039 0.0156
0 0.5044 0.3724 0.0049 0.0122
0 0.4912 0.3655 0.0039 0.0122
0 0.5073 0.3385 0.0068 0.0174
0 0.519 0.3455 0.0049 0.0104
0 0.521 0.3698 0.0029 0.0104
0 0.5356 0.3264 0.0068 0.0104
0 0.4937 0.3238 0.0068 0.0122
0 0.5537 0.3264 0.0039 0.0104
0 0.5498 0.3047 0.0039 0.0122
0 0.5674 0.3281 0.0039 0.0069
0 0.5654 0.3021 0.0039 0.0104
0 0.5771 0.2995 0.0039 0.0087
0 0.5923 0.3012 0.0049 0.0122
0 0.6147 0.2726 0.0049 0.0139
0 0.6035 0.2613 0.0039 0.0122
0 0.5869 0.283 0.0039 0.0104
0 0.5884 0.2622 0.0049 0.0104
0 0.5923 0.2309 0.0029 0.0069
0 0.6128 0.2352 0.0049 0.0156
0 0.5752 0.237 0.0039 0.0087
0 0.5718 0.2674 0.0029 0.0069
0 0.5977 0.2049 0.0059 0.0139
0 0.6069 0.1944 0.0049 0.0104
0 0.6064 0.2057 0.0059 0.0087
0 0.5889 0.2057 0.0059 0.0156
0 0.7041 0.0182 0.0039 0.0122
0 0.6797 0.02 0.0039 0.0087
0 0.6895 0.0217 0.0039 0.0122
0 0.6582 0.0252 0.0039 0.0087
0 0.6279 0.0226 0.0039 0.0104
0 0.687 0.0078 0.0049 0.0122
0 0.7764 0.0174 0.0039 0.0104
0 0.7666 0.0182 0.0039 0.0122
0 0.7485 0.0148 0.0049 0.0122
0 0.7368 0.0304 0.0068 0.0122
0 0.8257 0.0113 0.0049 0.0122
0 0.8364 0.0087 0.0049 0.0139
0 0.6016 0.026 0.0059 0.0104
0 0.582 0.0191 0.0039 0.0104
0 0.5884 0.0382 0.0049 0.0104
0 0.5728 0.026 0.0029 0.0104
0 0.5171 0.0278 0.0049 0.0139
0 0.5015 0.0321 0.0068 0.0122
0 0.5176 0.0061 0.0059 0.0122
0 0.5425 0.026 0.0049 0.0139
0 0.5347 0.0252 0.0049 0.0122
0 0.4512 0.0295 0.0039 0.0104
0 0.4624 0.0165 0.0029 0.0087
0 0.4761 0.0295 0.0049 0.0104
0 0.4775 0.02 0.0039 0.0087
0 0.4888 0.0026 0.0049 0.0087
0 0.4883 0.0278 0.0039 0.0104
0 0.4531 0.0035 0.0039 0.0104
0 0.418 0.0312 0.0039 0.0139
0 0.4355 0.0304 0.0039 0.0122
0 0.4277 0.0139 0.0039 0.0104
0 0.4043 0.0278 0.0039 0.0104
0 0.3906 0.0339 0.0039 0.0122
0 0.375 0.0312 0.0039 0.0139
0 0.3618 0.0295 0.0029 0.0104
0 0.3511 0.0356 0.0068 0.0122
0 0.3711 0.0035 0.0039 0.0104
0 0.3828 0.0026 0.0039 0.0087
0 0.3271 0.0278 0.0039 0.0104
0 0.3496 0.0069 0.0039 0.0104
0 0.292 0.0278 0.0039 0.0104
0 0.3091 0.026 0.0049 0.0104
0 0.3086 0.0035 0.0039 0.0104
0 0.3345 0.0078 0.0049 0.0122
0 0.2793 0.0278 0.0039 0.0104
0 0.2695 0.0113 0.0039 0.0122
0 0.2642 0.0226 0.0029 0.0069
0 0.2329 0.0243 0.0029 0.0104
0 0.2422 0.0191 0.0039 0.0104
0 0.2275 0.0069 0.0039 0.0104
0 0.2202 0.0295 0.0049 0.0104
0 0.2485 0.0269 0.0049 0.0087
0 0.2002 0.0226 0.0039 0.0139
0 0.1685 0.0269 0.0049 0.0122
0 0.1865 0.0356 0.0059 0.0122
0 0.0186 0.0061 0.0059 0.0122
0 0.0059 0.0139 0.0059 0.0104
0 0.0322 0.0113 0.0039 0.0122
0 0.042 0.0113 0.0059 0.0156
0 0.0601 0.0148 0.0049 0.0122
0 0.0703 0.0174 0.0039 0.0104
0 0.0542 0.0069 0.0049 0.0139
0 0.082 0.0156 0.0039 0.0104
0 0.1118 0.0113 0.0049 0.0122
0 0.1328 0.0208 0.0078 0.0139
0 0.1001 0.0139 0.0049 0.0104
0 0.1519 0.02 0.0068 0.0122
0 0.1553 0.0156 0.0059 0.0104
0 0.0562 0.2309 0.0049 0.0139
0 0.0342 0.2205 0.0039 0.0139
0 0.0483 0.2196 0.0049 0.0122
0 0.0747 0.2431 0.0049 0.0139
0 0.0654 0.2535 0.0059 0.0139
0 0.0479 0.263 0.0039 0.0122
0 0.0786 0.2604 0.0049 0.0139
0 0.0977 0.2352 0.0039 0.0087
0 0.0894 0.2344 0.0049 0.0104
0 0.0864 0.2405 0.0049 0.0122
0 0.0952 0.2127 0.0049 0.0122
0 0.1011 0.2274 0.0049 0.0139
0 0.1138 0.23 0.0049 0.0156
0 0.1245 0.2361 0.0049 0.0104
0 0.019 0.2734 0.0049 0.0122
0 0.0244 0.2951 0.0039 0.0104
0 0.0312 0.2648 0.0039 0.0087
0 0.0469 0.2934 0.0059 0.0139
0 0.0005 0.2795 0.0029 0.0104
0 0.0063 0.3021 0.0049 0.0104
0 0.0356 0.296 0.0029 0.0087
0 0.0063 0.2361 0.0049 0.0104
0 0.0195 0.3845 0.0059 0.0122
0 0.0161 0.3611 0.0049 0.0139
0 0.0044 0.3637 0.0049 0.0087
0 0.0132 0.3411 0.0029 0.0087
0 0.0278 0.3403 0.0049 0.0139
0 0.0352 0.3602 0.0039 0.0122
0 0.0371 0.3212 0.0039 0.0104
0 0.0244 0.3229 0.0039 0.0104
0 0.0093 0.3212 0.0049 0.0104
0 0.062 0.3594 0.0049 0.0139
0 0.0547 0.3898 0.0039 0.0087
0 0.0405 0.3446 0.0049 0.0087
0 0.0493 0.362 0.0049 0.0087
0 0.0698 0.3785 0.0049 0.0139
0 0.0615 0.3472 0.0039 0.0104
0 0.0601 0.3811 0.0049 0.0122
0 0.0557 0.3238 0.0039 0.0087
0 0.0718 0.3229 0.0049 0.0139
0 0.0659 0.3073 0.0029 0.0104
0 0.083 0.3012 0.0039 0.0122
0 0.0869 0.3264 0.0039 0.0104
0 0.0781 0.3472 0.0039 0.0104
0 0.0786 0.2778 0.0029 0.0104
0 0.0957 0.2786 0.0039 0.0087
0 0.0957 0.3038 0.0039 0.0104
0 0.0977 0.3333 0.0059 0.0104
0 0.0654 0.2795 0.0039 0.0104
0 0.7109 0.3776 0.0039 0.0087
0 0.6953 0.3837 0.0039 0.0069
0 0.7109 0.4392 0.0039 0.0069
0 0.6855 0.4479 0.0039 0.0069
0 0.4619 0.4306 0.0059 0.0139
0 0.4575 0.4575 0.0049 0.0122
0 0.4458 0.4297 0.0049 0.0122
0 0.4785 0.4132 0.0039 0.0069
0 0.4736 0.3845 0.0039 0.0122
0 0.5059 0.3872 0.0039 0.0104
0 0.4888 0.3837 0.0049 0.0104
0 0.4609 0.3655 0.0039 0.0122
0 0.4751 0.3655 0.0049 0.0122
0 0.5312 0.2865 0.0039 0.0104
0 0.5474 0.283 0.0029 0.0104
0 0.5693 0.2865 0.0039 0.0104
0 0.5591 0.2812 0.0049 0.0104
0 0.5293 0.2674 0.0039 0.0104
0 0.5459 0.2422 0.0039 0.0122
0 0.5347 0.2396 0.0029 0.0104
0 0.5254 0.2422 0.0039 0.0122
0 0.5161 0.2535 0.0029 0.0069
0 0.5195 0.2361 0.0039 0.0104
0 0.5327 0.2257 0.0029 0.0069
0 0.5449 0.2248 0.0039 0.0122
0 0.5635 0.2231 0.0059 0.0156
0 0.5654 0.2066 0.0059 0.0139
0 0.52 0.2118 0.0049 0.0104
0 0.5576 0.2387 0.0039 0.0122
0 0.5562 0.2083 0.0029 0.0104
0 0.502 0.2691 0.0039 0.0104
0 0.4912 0.2778 0.0059 0.0174
0 0.5024 0.2535 0.0049 0.0104
0 0.4893 0.2378 0.0039 0.0104
0 0.4961 0.2361 0.0039 0.0104
0 0.5029 0.2344 0.0039 0.0104
0 0.499 0.2135 0.0039 0.0104
0 0.4712 0.2118 0.0068 0.0139
0 0.478 0.2387 0.0088 0.0122
0 0.478 0.2535 0.0029 0.0069
0 0.4736 0.2535 0.0039 0.0069
0 0.4634 0.2188 0.0049 0.0104
0 0.4644 0.2378 0.0029 0.0069
0 0.4946 0.1797 0.0049 0.0122
0 0.4863 0.2023 0.0039 0.0122
0 0.0698 0.447 0.0049 0.0156
0 0.0645 0.4635 0.0059 0.0139
0 0.0918 0.4418 0.0039 0.0087
0 0.0928 0.4644 0.0039 0.0087
0 0.1118 0.4115 0.0049 0.0139
0 0.0752 0.4062 0.0039 0.0139
0 0.1016 0.388 0.0039 0.0087
0 0.0859 0.3958 0.0039 0.0069
0 0.1084 0.2613 0.0039 0.0087
0 0.1104 0.303 0.0039 0.0087
0 0.1089 0.283 0.0029 0.0104
0 0.1255 0.2821 0.0029 0.0087
0 0.123 0.2622 0.0039 0.0104
0 0.1279 0.3003 0.0039 0.0104
0 0.1191 0.3194 0.0039 0.0139
0 0.0977 0.2587 0.0039 0.0104
0 0.0942 0.2648 0.0049 0.0122
0 0.0713 0.2205 0.0039 0.0104
0 0.083 0.3655 0.0039 0.0087
0 0.0986 0.3646 0.0059 0.0174
0 0.1152 0.3655 0.0039 0.0087
0 0.1196 0.388 0.0049 0.0122
0 0.1333 0.3863 0.0068 0.0122
0 0.1519 0.388 0.0049 0.0122
0 0.1445 0.3724 0.0039 0.0122
0 0.144 0.3446 0.0049 0.0122
0 0.1602 0.3707 0.0039 0.0087
0 0.1646 0.3854 0.0049 0.0139
0 0.1602 0.4132 0.0039 0.0104
0 0.1694 0.4444 0.0049 0.0139
0 0.1479 0.447 0.0049 0.0122
0 0.1392 0.447 0.0049 0.0122
0 0.1787 0.4618 0.0039 0.0104
0 0.1216 0.2257 0.0029 0.0104
0 0.1436 0.2361 0.0039 0.0104
0 0.1475 0.217 0.0039 0.0104
0 0.1572 0.2309 0.0039 0.0104
0 0.1548 0.2639 0.0029 0.0069
0 0.165 0.2205 0.0039 0.0104
0 0.126 0.2144 0.0039 0.0087
0 0.1416 0.2648 0.0039 0.0087
0 0.1494 0.3238 0.0059 0.0122
0 0.166 0.3229 0.0039 0.0104
0 0.1592 0.303 0.0039 0.0087
0 0.1538 0.2865 0.0029 0.0104
0 0.167 0.2786 0.0039 0.0122
0 0.1436 0.2995 0.0039 0.0087
0 0.2007 0.2812 0.0029 0.0104
0 0.1997 0.2674 0.0029 0.0104
0 0.189 0.263 0.0049 0.0122
0 0.1909 0.3056 0.0029 0.0069
0 0.127 0.3455 0.0039 0.0104
0 0.1289 0.322 0.0039 0.0122
0 0.1094 0.3438 0.0039 0.0104
0 0.1562 0.3481 0.0039 0.0087
0 0.1738 0.3663 0.0039 0.0104
0 0.1709 0.3446 0.0039 0.0087
0 0.1851 0.3889 0.0068 0.0139
0 0.1865 0.3455 0.0039 0.0104
0 0.2075 0.3707 0.0029 0.0087
0 0.1895 0.3724 0.0039 0.0087
0 0.1992 0.3941 0.0039 0.0104
0 0.2183 0.3958 0.0049 0.0104
0 0.1948 0.3238 0.0049 0.0122
0 0.21 0.3212 0.0039 0.0104
0 0.207 0.3429 0.0039 0.0122
0 0.2188 0.3646 0.0039 0.0104
0 0.2173 0.3464 0.0029 0.0087
0 0.2417 0.3264 0.0049 0.0104
0 0.229 0.3073 0.0029 0.0069
0 0.2422 0.3056 0.0039 0.0069
0 0.2056 0.4132 0.0049 0.0104
0 0.2251 0.4115 0.0049 0.0104
0 0.1787 0.3194 0.0039 0.0104
0 0.2163 0.3047 0.0029 0.0087
0 0.2422 0.4045 0.0039 0.0104
0 0.2295 0.3898 0.0039 0.0122
0 0.2461 0.3915 0.0059 0.0122
0 0.2603 0.3889 0.0049 0.0104
0 0.2734 0.395 0.0039 0.0087
0 0.2661 0.3733 0.0068 0.0139
0 0.2476 0.3516 0.0049 0.0156
0 0.2339 0.3524 0.0049 0.0139
0 0.2642 0.3472 0.0029 0.0104
0 0.1777 0.224 0.0039 0.0104
0 0.1802 0.2344 0.0029 0.0104
0 0.1753 0.2517 0.0049 0.0104
0 0.186 0.2083 0.0029 0.0069
0 0.2129 0.263 0.0039 0.0087
0 0.2158 0.283 0.0039 0.0104
0 0.1855 0.2795 0.0039 0.0104
0 0.1958 0.2405 0.0049 0.0087
0 0.2095 0.2378 0.0029 0.0069
0 0.2007 0.2118 0.0049 0.0104
0 0.2275 0.2118 0.0059 0.0139
0 0.209 0.2231 0.0039 0.0122
0 0.2275 0.2422 0.0039 0.0122
0 0.2124 0.2526 0.0049 0.0087
0 0.2295 0.2691 0.0039 0.0104
0 0.2441 0.2691 0.0039 0.0069
0 0.2368 0.2231 0.0049 0.0122
0 0.248 0.2431 0.0039 0.0139
0 0.2539 0.23 0.0039 0.0156
0 0.2471 0.2083 0.0039 0.0104
0 0.2349 0.2092 0.0049 0.0087
0 0.2617 0.2127 0.0039 0.0122
0 0.2627 0.237 0.0039 0.0122
0 0.2563 0.2622 0.0049 0.0104
0 0.2637 0.263 0.0059 0.0122
0 0.2607 0.2839 0.0039 0.0122
0 0.2441 0.2856 0.0039 0.0122
0 0.2295 0.2891 0.0039 0.0122
0 0.2339 0.2526 0.0049 0.0087
0 0.2397 0.2465 0.0049 0.0104
0 0.2554 0.3281 0.0049 0.0139
0 0.2583 0.3203 0.0068 0.0122
0 0.2656 0.3247 0.0039 0.0104
0 0.2607 0.3099 0.0039 0.0122
0 0.2876 0.3151 0.0049 0.0122
0 0.2744 0.2674 0.0039 0.0104
0 0.2764 0.3151 0.0039 0.0156
0 0.2812 0.3446 0.0059 0.0156
0 0.2866 0.2865 0.0049 0.0174
0 0.313 0.2665 0.0049 0.0122
0 0.3037 0.2708 0.0039 0.0104
0 0.2886 0.2717 0.0049 0.0122
0 0.3003 0.2986 0.0049 0.0104
0 0.3174 0.3064 0.0039 0.0087
0 0.2769 0.2413 0.0029 0.0069
0 0.3135 0.2361 0.0039 0.0104
0 0.3042 0.3255 0.0049 0.0122
0 0.3096 0.3507 0.0039 0.0104
0 0.2988 0.342 0.0039 0.0104
0 0.2842 0.3707 0.0039 0.0122
0 0.2949 0.3533 0.0039 0.0122
0 0.3062 0.3941 0.0049 0.0139
0 0.2935 0.3889 0.0049 0.0139
0 0.3027 0.4149 0.0039 0.0069
0 0.3374 0.3906 0.0049 0.0104
0 0.3257 0.3689 0.0049 0.0122
0 0.3145 0.3342 0.0039 0.0122
0 0.3276 0.3247 0.0049 0.0139
0 0.3384 0.355 0.0049 0.0122
0 0.3213 0.3941 0.0039 0.0104
0 0.3374 0.4089 0.0049 0.0156
0 0.3677 0.4358 0.0049 0.0139
0 0.3428 0.3663 0.0039 0.0104
0 0.3647 0.4115 0.0049 0.0104
0 0.3511 0.4115 0.0068 0.0139
0 0.3496 0.3924 0.0059 0.0139
0 0.3564 0.3759 0.0039 0.0122
0 0.3672 0.3854 0.0039 0.0104
0 0.3716 0.4045 0.0049 0.0139
0 0.3838 0.3898 0.0039 0.0122
0 0.3857 0.3689 0.0039 0.0122
0 0.3789 0.3681 0.0039 0.0104
0 0.4429 0.4826 0.0049 0.0139
0 0.4019 0.4358 0.0049 0.0139
0 0.4131 0.4332 0.0039 0.0122
0 0.4253 0.4288 0.0049 0.0104
0 0.3823 0.4097 0.0029 0.0069
0 0.394 0.4106 0.0029 0.0087
0 0.4121 0.4045 0.0039 0.0139
0 0.4268 0.4054 0.0059 0.0122
0 0.3931 0.395 0.0049 0.0087
0 0.3999 0.3724 0.0049 0.0156
0 0.418 0.3872 0.0039 0.0104
0 0.4058 0.3958 0.0049 0.0139
0 0.4277 0.3655 0.0039 0.0122
0 0.4424 0.3932 0.0039 0.0122
0 0.4453 0.3663 0.0039 0.0139
0 0.4761 0.3446 0.0049 0.0122
0 0.4722 0.3377 0.0049 0.0122
0 0.4614 0.3464 0.0049 0.0122
0 0.4453 0.3464 0.0039 0.0122
0 0.4497 0.3281 0.0049 0.0104
0 0.4556 0.3151 0.0029 0.0087
0 0.4756 0.3073 0.0039 0.0104
0 0.4766 0.2856 0.0039 0.0087
0 0.4609 0.2839 0.0039 0.0087
0 0.4443 0.3056 0.0039 0.0104
0 0.4648 0.3142 0.0078 0.0174
0 0.4512 0.2804 0.0039 0.0087
0 0.4453 0.2821 0.0059 0.0087
0 0.4619 0.2665 0.0039 0.0087
0 0.4722 0.27 0.0029 0.0087
0 0.4668 0.2674 0.0039 0.0104
0 0.4541 0.2639 0.0039 0.0104
0 0.4438 0.2656 0.0049 0.0104
0 0.5044 0.2969 0.0049 0.0208
0 0.4917 0.3038 0.0049 0.0104
0 0.5215 0.296 0.0039 0.0087
0 0.4419 0.2335 0.0029 0.0087
0 0.4468 0.237 0.0049 0.0122
0 0.4521 0.2352 0.0039 0.0122
0 0.4297 0.2474 0.0098 0.0191
0 0.458 0.204 0.0039 0.0156
0 0.4102 0.2309 0.0059 0.0139
0 0.415 0.2109 0.0039 0.0087
0 0.4419 0.2188 0.0049 0.0139
0 0.4263 0.2222 0.0049 0.0139
0 0.3984 0.2179 0.0059 0.0191
0 0.4136 0.2413 0.0029 0.0069
0 0.4292 0.3056 0.0029 0.0139
0 0.4321 0.2882 0.0068 0.0139
0 0.4199 0.2865 0.0039 0.0104
0 0.4297 0.27 0.0039 0.0087
0 0.4185 0.2674 0.0029 0.0069
0 0.417 0.3099 0.0039 0.0122
0 0.4146 0.3307 0.0029 0.0087
0 0.415 0.3455 0.0039 0.0104
0 0.4287 0.3255 0.0039 0.0087
0 0.4243 0.3464 0.0029 0.0087
0 0.4014 0.349 0.0039 0.0104
0 0.4028 0.3229 0.0049 0.0139
0 0.4189 0.3194 0.0039 0.0104
0 0.4023 0.3012 0.0039 0.0087
0 0.4014 0.2821 0.0039 0.0087
0 0.3853 0.3533 0.0049 0.0122
0 0.3584 0.3273 0.0039 0.0087
0 0.3745 0.3273 0.0049 0.0122
0 0.3857 0.3264 0.0059 0.0174
0 0.3701 0.3498 0.0039 0.0087
0 0.3555 0.3464 0.0039 0.0087
0 0.374 0.3047 0.0039 0.0122
0 0.3848 0.3116 0.0039 0.0087
0 0.375 0.2908 0.0039 0.0122
0 0.3643 0.2917 0.0039 0.0104
0 0.3926 0.2812 0.0059 0.0139
0 0.2881 0.2396 0.0039 0.0104
0 0.2676 0.2257 0.0039 0.0104
0 0.3467 0.3082 0.0039 0.0122
0 0.3325 0.3012 0.0049 0.0156
0 0.3472 0.3307 0.0068 0.0122
0 0.3457 0.2865 0.0039 0.0104
0 0.3545 0.2873 0.0039 0.0122
0 0.3335 0.2717 0.0049 0.0087
0 0.3164 0.2804 0.0039 0.0087
0 0.3447 0.2717 0.0039 0.0122
0 0.3403 0.2882 0.0049 0.0104
0 0.3599 0.27 0.0049 0.0122
0 0.333 0.2509 0.0039 0.0122
0 0.3584 0.2431 0.0039 0.0104
0 0.3511 0.2214 0.0049 0.0122
0 0.374 0.2639 0.0039 0.0104
0 0.3901 0.2648 0.0049 0.0122
0 0.9785 0.4609 0.0078 0.0191
0 0.9395 0.4618 0.0059 0.0104
0 0.4976 0.7257 0.0127 0.0243
0 0.0596 0.724 0.0059 0.0139
0 0.895 0.6016 0.0049 0.0122
0 0.8799 0.5955 0.0059 0.0139
0 0.8564 0.6285 0.0039 0.0139
0 0.8477 0.5668 0.0039 0.0122
0 0.8643 0.5634 0.0059 0.0122
0 0.8877 0.5399 0.0039 0.0104
0 0.9053 0.5599 0.0039 0.0087
0 0.9048 0.5408 0.0029 0.0087
0 0.9102 0.5365 0.0039 0.0104
0 0.8569 0.5104 0.0049 0.0104
0 0.834 0.5365 0.0039 0.0104
0 0.8511 0.5339 0.0049 0.0122
0 0.8335 0.5642 0.0049 0.0104
0 0.8154 0.5651 0.0039 0.0122
0 0.8149 0.5399 0.0049 0.0069
0 0.8359 0.5104 0.0039 0.0104
0 0.8169 0.4913 0.0049 0.0104
0 0.8359 0.4905 0.0039 0.0087
0 0.8516 0.4913 0.0039 0.0104
0 0.8906 0.5122 0.0039 0.0104
0 0.9038 0.4861 0.0049 0.0104
0 0.8735 0.4627 0.0049 0.0122
0 0.8916 0.4627 0.0039 0.0087
0 0.8574 0.4618 0.0059 0.0104
0 0.8359 0.4696 0.0039 0.0087
0 0.8223 0.467 0.0039 0.0104
0 0.8618 0.4167 0.0029 0.0104
0 0.8467 0.4184 0.0039 0.0104
0 0.8833 0.4132 0.0049 0.0104
0 0.8291 0.4167 0.0039 0.0104
0 0.7954 0.4193 0.0049 0.0122
0 0.814 0.4184 0.0049 0.0174
0 0.8154 0.3759 0.0059 0.0122
0 0.8291 0.3707 0.0039 0.0122
0 0.7979 0.375 0.0039 0.0104
0 0.8154 0.4436 0.0059 0.0122
0 0.8076 0.4444 0.0039 0.0104
0 0.8472 0.3715 0.0049 0.0139
0 0.8638 0.3767 0.0049 0.0139
0 0.8682 0.3516 0.0039 0.0122
0 0.854 0.3568 0.0049 0.0122
0 0.855 0.3299 0.0049 0.0104
0 0.8159 0.3516 0.0049 0.0087
0 0.8228 0.3273 0.0049 0.0122
0 0.8008 0.3533 0.0039 0.0122
0 0.8242 0.2925 0.0039 0.0122
0 0.9009 0.2839 0.0049 0.0122
0 0.9194 0.2821 0.0049 0.0122
0 0.8999 0.2474 0.0049 0.0087
0 0.8984 0.2622 0.0039 0.0104
0 0.8535 0.2682 0.0039 0.0087
0 0.9424 0.2587 0.0039 0.0104
0 0.9307 0.3003 0.0039 0.0104
0 0.9453 0.2378 0.0039 0.0104
0 0.9775 0.2951 0.0039 0.0104
0 0.9932 0.2743 0.0059 0.0139
0 0.9785 0.2352 0.0039 0.0087
0 0.8569 0.2266 0.0068 0.0087
0 0.812 0.2804 0.0049 0.0087
0 0.8394 0.2882 0.0049 0.0104
0 0.8379 0.2274 0.0039 0.0104
0 0.8271 0.2266 0.0039 0.0087
0 0.8579 0.2847 0.0029 0.0069
0 0.8711 0.2917 0.0059 0.0104
0 0.8838 0.3056 0.0059 0.0104
0 0.9058 0.3229 0.0049 0.0104
0 0.8838 0.3273 0.0059 0.0087
0 0.8379 0.3411 0.0059 0.0122
0 0.8853 0.3524 0.0049 0.0104
0 0.834 0.388 0.0059 0.0122
0 0.9492 0.2821 0.0059 0.0122
0 0.9146 0.2665 0.0068 0.0156
0 0.9697 0.3194 0.0059 0.0104
0 0.9033 0.4193 0.0059 0.0122
