0 0.9644 0.4327 0.0146 0.0363
0 0.9897 0.4153 0.0146 0.0348
0 0.9043 0.4213 0.0195 0.0378
0 0.8887 0.4516 0.0137 0.0287
0 0.8931 0.1452 0.0146 0.0363
0 0.9424 0.0408 0.0176 0.0363
0 0.9019 0.053 0.0146 0.0272
0 0.8047 0.1815 0.0117 0.0242
0 0.9229 0.1248 0.0137 0.0287
0 0.8018 0.087 0.0137 0.0318
0 0.791 0.3283 0.0156 0.0303
0 0.7266 0.2534 0.0137 0.0287
0 0.7549 0.1717 0.0137 0.0287
0 0.7798 0.1679 0.0127 0.0272
0 0.6587 0.1362 0.0146 0.0272
0 0.6763 0.1467 0.0146 0.0272
0 0.6899 0.1422 0.0146 0.0333
0 0.4795 0.1112 0.0391 0.0862
0 0.3853 0.0734 0.0146 0.0318
0 0.3418 0.0197 0.0137 0.0303
0 0.2402 0.3124 0.0176 0.0348
0 0.2803 0.3381 0.0176 0.0378
0 0.165 0.2526 0.0156 0.0333
0 0.27 0.1861 0.0146 0.0363
0 0.2568 0.1233 0.0117 0.0348
0 0.2388 0.0847 0.0088 0.0182
0 0.2104 0.264 0.0146 0.0287
0 0.1709 0.3555 0.0176 0.0424
0 0.3062 0.1188 0.0127 0.0257
0 0.2656 0.087 0.0117 0.0227
0 0.1553 0.1301 0.0117 0.0303
0 0.0781 0.3737 0.0215 0.0333
0 0.0679 0.239 0.0186 0.0363
0 0.0508 0.1188 0.0156 0.0287
0 0.0991 0.1233 0.0146 0.0348
0 0.0278 0.053 0.0127 0.0242
0 0.061 0.0832 0.0127 0.0303
0 0.1191 0.0318 0.0098 0.0212
0 0.1748 0.0802 0.0117 0.0212
0 0.062 0.0174 0.0127 0.0287
0 0.2754 0.034 0.0137 0.0287
