0 0.9922 0.3142 0.0137 0.0463
0 0.9453 0.2963 0.0254 0.0552
0 0.8818 0.2963 0.0273 0.0493
0 0.8154 0.3149 0.0234 0.0418
0 0.8564 0.2015 0.0215 0.0478
0 0.9199 0.2261 0.0215 0.0463
0 0.9731 0.1933 0.0205 0.0373
0 0.9473 0.1791 0.0215 0.0448
0 0.9775 0.1216 0.0176 0.0373
0 0.9258 0.1075 0.0195 0.0388
0 0.8726 0.1642 0.0244 0.0448
0 0.9458 0.0187 0.0225 0.0403
0 0.8569 0.1119 0.0186 0.0358
0 0.8906 0.0194 0.0195 0.0418
0 0.8359 0.0254 0.0234 0.0388
0 0.7476 0.3052 0.0283 0.0433
0 0.7979 0.2239 0.0215 0.0448
0 0.8047 0.1799 0.0254 0.0463
0 0.7993 0.0784 0.0244 0.0463
0 0.7749 0.0336 0.0186 0.0433
0 0.751 0.1649 0.0234 0.0403
0 0.7275 0.2224 0.0234 0.0448
0 0.6831 0.2985 0.0225 0.0418
0 0.6655 0.2396 0.0225 0.0433
0 0.6895 0.1724 0.0234 0.0463
0 0.7261 0.1015 0.0186 0.0418
0 0.7202 0.0291 0.0205 0.0433
0 0.624 0.2828 0.0215 0.0463
0 0.6289 0.1716 0.0234 0.0537
0 0.6802 0.0978 0.0205 0.0403
0 0.6475 0.0216 0.0215 0.0433
0 0.5713 0.2903 0.0234 0.0403
0 0.48 0.2851 0.0225 0.0448
0 0.4321 0.2843 0.0225 0.0433
0 0.3965 0.2299 0.0195 0.0388
0 0.4365 0.1739 0.0234 0.0463
0 0.4595 0.2127 0.0244 0.0463
0 0.5317 0.2157 0.0244 0.0463
0 0.5933 0.2246 0.0205 0.0433
0 0.5649 0.1537 0.0225 0.0478
0 0.5059 0.1604 0.0215 0.0433
0 0.4756 0.0799 0.0254 0.0433
0 0.5479 0.0828 0.0215 0.0463
0 0.583 0.0246 0.0234 0.0463
0 0.5107 0.0328 0.0254 0.0478
0 0.4673 0.0224 0.0186 0.0299
0 0.4453 0.0664 0.0215 0.0493
0 0.4214 0.0933 0.0244 0.0493
0 0.3999 0.0545 0.0186 0.0463
0 0.4058 0.0955 0.0068 0.0149
0 0.6006 0.0993 0.0234 0.0403
0 0.373 0.3022 0.0234 0.0433
0 0.3345 0.3015 0.0244 0.0418
0 0.2705 0.2806 0.0234 0.0478
0 0.2891 0.2358 0.0234 0.0448
0 0.334 0.2418 0.0215 0.0418
0 0.3804 0.1582 0.0225 0.0418
0 0.3149 0.1724 0.0244 0.0463
0 0.2876 0.1231 0.0244 0.0463
0 0.2896 0.0925 0.0225 0.0299
0 0.2451 0.1716 0.0234 0.0418
0 0.231 0.1403 0.0166 0.0328
0 0.1948 0.1649 0.0225 0.0493
0 0.1909 0.2246 0.0244 0.0463
0 0.1997 0.297 0.0244 0.0478
0 0.3394 0.041 0.0205 0.0493
0 0.3247 0.0164 0.0186 0.0358
0 0.2646 0.0455 0.0215 0.0373
0 0.1982 0.0224 0.0215 0.0478
0 0.2407 0.0119 0.0146 0.0269
0 0.209 0.0149 0.0176 0.0328
0 0.1328 0.4172 0.0195 0.0463
0 0.0503 0.3291 0.0225 0.0493
0 0.0244 0.2948 0.0234 0.0522
0 0.1245 0.2843 0.0244 0.0522
0 0.124 0.2358 0.0215 0.0299
0 0.063 0.2343 0.0205 0.0388
0 0.0283 0.2328 0.0195 0.0388
0 0.1294 0.1746 0.0225 0.0418
0 0.0674 0.1784 0.0254 0.0552
0 0.0059 0.1679 0.0137 0.0552
0 0.1187 0.1336 0.0225 0.0373
0 0.0591 0.109 0.0225 0.0418
0 0.0093 0.0866 0.0205 0.0388
0 0.0156 0.0261 0.0234 0.0463
0 0.085 0.0284 0.0234 0.0478
0 0.1123 0.0254 0.0215 0.0358
0 0.0366 0.0067 0.0146 0.0164
0 0.7974 0.4343 0.0146 0.0418
0 0.1582 0.3493 0.0254 0.0507
