0 0.2397 0.2035 0.0518 0.0761
0 0.0161 0.0425 0.0244 0.0615
0 0.1001 0.0505 0.0264 0.0542
0 0.2119 0.0498 0.0195 0.0439
0 0.2876 0.0542 0.0264 0.0498
0 0.481 0.1332 0.0264 0.0556
0 0.4521 0.0469 0.0254 0.0586
0 0.377 0.1091 0.0234 0.0571
0 0.3721 0.0556 0.0254 0.0498
0 0.7358 0.1201 0.0264 0.0556
0 0.7393 0.0754 0.0156 0.0278
0 0.8149 0.1362 0.0225 0.0351
0 0.6577 0.1223 0.0225 0.0483
0 0.624 0.0666 0.0215 0.0542
0 0.8066 0.0461 0.0293 0.0659
0 0.5723 0.1406 0.0254 0.0527
0 0.707 0.0549 0.0195 0.0483
0 0.897 0.142 0.0303 0.0586
0 0.875 0.0439 0.0312 0.0644
0 0.541 0.0615 0.0352 0.0469
