0 0.9453 0.263 0.0195 0.0312
0 0.9277 0.2363 0.0156 0.0247
0 0.853 0.2337 0.0166 0.0247
0 0.8945 0.2578 0.0176 0.0286
0 0.8428 0.2598 0.0195 0.0326
0 0.7832 0.2474 0.0195 0.0312
0 0.7969 0.2467 0.0117 0.0273
0 0.7422 0.2474 0.0176 0.0234
0 0.7656 0.2507 0.0137 0.0221
0 0.6191 0.2396 0.0117 0.0286
0 0.6069 0.248 0.0186 0.0299
0 0.5576 0.2507 0.0195 0.0326
0 0.499 0.321 0.0352 0.0534
0 0.4985 0.2526 0.0186 0.0286
0 0.4751 0.224 0.0166 0.0312
0 0.5122 0.2174 0.0166 0.026
0 0.5444 0.2428 0.0166 0.0404
0 0.4541 0.2467 0.0195 0.0326
0 0.3838 0.2467 0.0176 0.0352
0 0.3877 0.179 0.0176 0.0326
0 0.3169 0.2474 0.0205 0.0286
0 0.2949 0.2376 0.0176 0.0326
0 0.2593 0.2038 0.0166 0.0299
0 0.2207 0.2435 0.0176 0.0286
0 0.1733 0.235 0.0225 0.0352
0 0.1851 0.2051 0.0186 0.0299
0 0.0894 0.235 0.0186 0.0326
0 0.1006 0.1992 0.0176 0.0312
0 0.04 0.2038 0.0195 0.0352
