0 0.4834 0.5551 0.0078 0.0147
0 0.3774 0.5558 0.0049 0.0073
0 0.1084 0.5029 0.0078 0.0132
0 0.4604 0.5705 0.0049 0.0073
0 0.1714 0.4258 0.0303 0.0499
0 0.25 0.4853 0.0176 0.0308
0 0.2148 0.5264 0.0098 0.0162
0 0.2964 0.5059 0.0127 0.022
0 0.7217 0.4031 0.0391 0.0749
0 0.6348 0.4912 0.0234 0.0485
0 0.5469 0.5294 0.0156 0.022
0 0.9756 0.616 0.0215 0.0338
0 0.8833 0.5411 0.0166 0.0308
0 0.9453 0.558 0.0137 0.0235
0 0.8984 0.5514 0.0117 0.022
0 0.0635 0.4949 0.0117 0.0235
0 0.0381 0.4809 0.0137 0.022
0 0.582 0.5565 0.0098 0.0176
0 0.5083 0.5609 0.0088 0.0176
0 0.5688 0.5668 0.0068 0.0147
0 0.3608 0.5426 0.0088 0.0162
0 0.3267 0.5345 0.0127 0.0206
