0 0.8345 0.6713 0.0205 0.0512
0 0.4951 0.7306 0.0117 0.0293
0 0.5186 0.6969 0.0156 0.0293
0 0.0859 0.7826 0.0176 0.063
0 0.1436 0.8075 0.0156 0.0542
0 0.1255 0.7101 0.0068 0.0146
0 0.0669 0.7687 0.0127 0.0205
0 0.064 0.8016 0.0127 0.022
0 0.4937 0.2716 0.0244 0.0512
0 0.6729 0.2306 0.0293 0.0571
0 0.0396 0.7943 0.0166 0.0307
0 0.9463 0.9466 0.0977 0.104
0 0.7261 0.9136 0.0791 0.1493
0 0.9849 0.7621 0.0283 0.0747
0 0.8936 0.6837 0.0391 0.041
0 0.5703 0.7826 0.0508 0.1098
0 0.707 0.7657 0.0293 0.0469
0 0.6909 0.6918 0.0264 0.0337
0 0.7358 0.7167 0.0244 0.0425
0 0.979 0.6889 0.04 0.06
0 0.3887 0.8792 0.0254 0.0512
0 0.1504 0.9707 0.0703 0.0556
0 0.4219 0.7958 0.0234 0.0278
0 0.4478 0.7408 0.0205 0.0381
0 0.2612 0.8287 0.0322 0.0556
0 0.2153 0.8067 0.0166 0.0322
0 0.354 0.7343 0.0146 0.0278
0 0.7856 0.694 0.0146 0.0322
0 0.2397 0.7123 0.0107 0.019
0 0.2866 0.7526 0.0107 0.0205
0 0.3296 0.7643 0.0127 0.0205
0 0.2559 0.7496 0.0117 0.0234
0 0.2793 0.7013 0.0098 0.0146
0 0.2656 0.7167 0.0137 0.022
0 0.2202 0.7013 0.0127 0.0205
0 0.3267 0.7211 0.0107 0.0161
0 0.4692 0.7965 0.0146 0.041
0 0.458 0.9319 0.0332 0.0717
0 0.4043 0.7526 0.0117 0.0234
0 0.416 0.7101 0.0117 0.0293
0 0.6729 0.7042 0.0156 0.0264
0 0.8052 0.6933 0.0322 0.0454
0 0.1519 0.7233 0.0107 0.0205
0 0.3066 0.784 0.0137 0.0249
0 0.2041 0.7028 0.0098 0.0176
0 0.251 0.7204 0.0098 0.0146
0 0.2925 0.836 0.0166 0.0293
0 0.4287 0.8653 0.0352 0.0527
0 0.3765 0.7255 0.0088 0.019
0 0.394 0.7042 0.0107 0.0234
0 0.3545 0.7108 0.0117 0.022
