0 0.854 0.5832 0.042 0.0852
0 0.4648 0.0852 0.0117 0.0155
0 0.4238 0.0826 0.0098 0.0155
0 0.5078 0.1052 0.0098 0.0142
0 0.4854 0.0929 0.0117 0.0155
0 0.9219 0.0568 0.0098 0.0155
0 0.9365 0.0613 0.0098 0.0142
0 0.7114 0.1626 0.0146 0.0206
0 0.1489 0.5826 0.0361 0.0761
0 0.8975 0.5606 0.0469 0.0839
0 0.4336 0.669 0.0703 0.0968
0 0.3784 0.5406 0.04 0.0568
0 0.436 0.0974 0.0088 0.0142
0 0.3955 0.0961 0.0098 0.0142
0 0.9849 0.0645 0.0107 0.0155
0 0.9868 0.1161 0.0088 0.0155
0 0.6748 0.0613 0.0098 0.0142
0 0.5669 0.0561 0.0107 0.0142
0 0.6187 0.0897 0.0107 0.0142
0 0.6406 0.1497 0.0098 0.0155
0 0.5117 0.0568 0.0098 0.0129
0 0.5767 0.089 0.0107 0.0155
0 0.3481 0.1329 0.0127 0.0206
0 0.0469 0.6019 0.0469 0.0787
0 0.3989 0.1484 0.0127 0.0232
0 0.3672 0.0858 0.0117 0.0194
0 0.3564 0.0961 0.0117 0.0168
0 0.5425 0.089 0.0107 0.0206
0 0.5425 0.1329 0.0127 0.0181
0 0.4365 0.1155 0.0137 0.0168
