0 0.709 0.3102 0.0137 0.0139
0 0.751 0.2933 0.0137 0.0108
0 0.7651 0.3114 0.0107 0.0115
0 0.7007 0.2871 0.0127 0.0139
0 0.585 0.3276 0.0156 0.0162
0 0.6362 0.3249 0.0107 0.0139
0 0.6348 0.3064 0.0117 0.0108
0 0.8003 0.796 0.0439 0.04
0 0.895 0.7564 0.0322 0.0346
0 0.6313 0.7286 0.0322 0.0316
0 0.498 0.7487 0.0332 0.0316
0 0.4404 0.7679 0.0352 0.0346
0 0.2886 0.8025 0.0322 0.0331
0 0.2261 0.8037 0.0381 0.0385
0 0.2241 0.7275 0.0322 0.0308
0 0.1382 0.7344 0.0264 0.0277
0 0.1348 0.6551 0.0312 0.0354
0 0.5117 0.6959 0.0352 0.04
0 0.7612 0.6678 0.0322 0.0346
0 0.5981 0.6724 0.0283 0.0362
0 0.6465 0.6663 0.0312 0.0346
0 0.6177 0.6493 0.0303 0.03
0 0.584 0.642 0.0352 0.037
0 0.6099 0.6166 0.0264 0.0277
0 0.5488 0.6024 0.0332 0.0316
0 0.7319 0.7964 0.0342 0.0362
0 0.7778 0.8018 0.0342 0.0331
0 0.2832 0.6617 0.0312 0.0346
0 0.2876 0.6193 0.0264 0.0269
0 0.4404 0.7025 0.0273 0.0362
0 0.6558 0.7852 0.0381 0.0385
0 0.5425 0.7933 0.0342 0.0362
0 0.0371 0.408 0.0117 0.0139
0 0.1089 0.4169 0.0127 0.0131
0 0.1245 0.4119 0.0166 0.0123
0 0.4863 0.5905 0.0156 0.0169
0 0.293 0.714 0.0273 0.0331
0 0.1387 0.6886 0.0176 0.0254
