0 0.2139 0.5593 0.0215 0.041
0 0.1685 0.5512 0.0166 0.0395
0 0.1475 0.5534 0.0156 0.0469
0 0.4985 0.5747 0.0088 0.0366
0 0.4009 0.6523 0.0205 0.0425
0 0.6494 0.8463 0.0156 0.0703
0 0.0059 0.4048 0.0098 0.022
0 0.0024 0.3792 0.0068 0.0234
0 0.0332 0.3712 0.0078 0.019
0 0.0483 0.3748 0.0088 0.0205
0 0.0684 0.41 0.0117 0.0234
0 0.0317 0.4495 0.0127 0.0234
0 0.0664 0.5081 0.0117 0.0234
0 0.0996 0.5168 0.0098 0.0205
0 0.0874 0.3997 0.0107 0.0205
0 0.0718 0.366 0.0068 0.0146
0 0.126 0.3924 0.0098 0.0234
0 0.1533 0.3873 0.0098 0.019
0 0.167 0.3814 0.0078 0.019
0 0.3818 0.5395 0.0137 0.0337
0 0.667 0.5198 0.0117 0.0264
0 0.6167 0.5307 0.0146 0.0249
0 0.5381 0.4707 0.0098 0.022
0 0.5947 0.4671 0.0098 0.0234
0 0.5752 0.4531 0.0137 0.0307
0 0.1768 0.4898 0.0078 0.022
0 0.187 0.5088 0.0088 0.022
0 0.1699 0.5198 0.0098 0.0234
0 0.2085 0.5183 0.0107 0.0205
0 0.2246 0.5 0.0137 0.0278
0 0.2412 0.5007 0.0078 0.0176
0 0.1885 0.4034 0.0098 0.022
0 0.2051 0.3887 0.0098 0.019
0 0.2246 0.396 0.0078 0.0161
0 0.248 0.3799 0.0078 0.019
0 0.251 0.4107 0.0098 0.022
0 0.2598 0.3953 0.0098 0.0176
0 0.292 0.3909 0.0098 0.0234
0 0.3237 0.4165 0.0088 0.019
0 0.3345 0.3917 0.0088 0.019
0 0.3467 0.399 0.0078 0.019
0 0.5688 0.4012 0.0107 0.0205
0 0.7012 0.4041 0.0078 0.0205
0 0.7227 0.4078 0.0078 0.0161
0 0.7334 0.418 0.0078 0.0161
0 0.7422 0.3975 0.0078 0.019
0 0.748 0.4107 0.0098 0.0161
0 0.731 0.4671 0.0088 0.0176
0 0.752 0.4766 0.0117 0.022
0 0.7793 0.4685 0.0098 0.0176
0 0.7944 0.4758 0.0127 0.0205
0 0.7886 0.418 0.0107 0.022
0 0.8184 0.5483 0.0156 0.0337
0 0.8267 0.4685 0.0107 0.0234
0 0.8423 0.4136 0.0107 0.022
0 0.877 0.4136 0.0098 0.022
0 0.8662 0.4736 0.0098 0.022
0 0.9023 0.4634 0.0117 0.022
0 0.9175 0.5439 0.0107 0.019
0 0.9272 0.5652 0.0088 0.0176
0 0.9277 0.4693 0.0098 0.0161
0 0.9238 0.4488 0.0098 0.019
0 0.9429 0.4634 0.0107 0.019
0 0.9424 0.4898 0.0098 0.019
0 0.9214 0.4114 0.0088 0.0176
0 0.9658 0.3946 0.0098 0.019
0 0.9702 0.4714 0.0088 0.0205
0 0.9668 0.5271 0.0117 0.0264
