0 0.124 0.0902 0.0391 0.0317
0 0.0269 0.1005 0.0264 0.0248
0 0.2686 0.0406 0.0469 0.0385
0 0.4131 0.1222 0.0391 0.0268
0 0.291 0.3558 0.0312 0.0234
0 0.1929 0.2836 0.0264 0.022
0 0.1782 0.3833 0.0303 0.0206
0 0.0938 0.4023 0.0137 0.0103
0 0.1016 0.3944 0.0137 0.0151
0 0.4126 0.3142 0.0186 0.0145
0 0.3296 0.3224 0.0107 0.0089
0 0.2661 0.3462 0.0146 0.0124
0 0.3003 0.3355 0.0107 0.0103
0 0.3276 0.3131 0.0088 0.0055
0 0.3931 0.3121 0.0127 0.0103
0 0.2295 0.0994 0.0215 0.02
0 0.0903 0.1139 0.0146 0.0131
0 0.3506 0.329 0.0117 0.011
0 0.1104 0.3785 0.0117 0.0096
0 0.0796 0.373 0.0088 0.0083
0 0.4326 0.3376 0.0156 0.0158
0 0.6011 0.8837 0.0146 0.0083
