0 0.8926 0.7062 0.0059 0.0182
0 0.4937 0.802 0.0088 0.0201
0 0.5454 0.8102 0.0088 0.0219
0 0.5054 0.4681 0.0166 0.0493
0 0.7012 0.4462 0.0098 0.0237
0 0.6523 0.7391 0.0078 0.0219
0 0.7612 0.7692 0.0107 0.031
0 0.7446 0.7272 0.0088 0.0274
0 0.6401 0.813 0.0088 0.0274
0 0.6406 0.8549 0.0078 0.031
0 0.7441 0.8175 0.0098 0.0292
0 0.6758 0.9005 0.0195 0.0347
0 0.8457 0.8203 0.0137 0.0383
0 0.877 0.8157 0.0137 0.0328
0 0.9556 0.7883 0.0127 0.0328
0 0.9092 0.9197 0.0117 0.0438
0 0.0054 0.2016 0.0127 0.042
0 0.0225 0.198 0.0117 0.031
0 0.064 0.1907 0.0088 0.0237
0 0.1289 0.2327 0.0195 0.0529
0 0.1938 0.1907 0.0166 0.042
0 0.2305 0.187 0.0078 0.0201
0 0.2554 0.2026 0.0166 0.0474
0 0.3462 0.2035 0.0127 0.0274
0 0.3511 0.1779 0.0088 0.0201
0 0.0596 0.5091 0.0176 0.0693
0 0.1074 0.5365 0.0137 0.0328
0 0.1514 0.5858 0.0156 0.062
0 0.144 0.563 0.0088 0.0201
0 0.1592 0.5447 0.0156 0.0347
0 0.2354 0.7765 0.0078 0.0237
0 0.123 0.7381 0.0117 0.0237
0 0.4819 0.1688 0.0225 0.0566
0 0.4585 0.0995 0.0225 0.0566
0 0.5293 0.0995 0.0156 0.0383
0 0.5781 0.1496 0.0117 0.0255
0 0.5615 0.0575 0.0137 0.0383
0 0.583 0.0703 0.0137 0.0347
0 0.6216 0.073 0.0146 0.0328
0 0.6753 0.0484 0.0146 0.0383
0 0.7056 0.0703 0.0107 0.0347
0 0.7261 0.0949 0.0166 0.0401
0 0.7812 0.0611 0.0195 0.0529
0 0.7754 0.1177 0.0156 0.0493
0 0.4224 0.2664 0.0381 0.1168
0 0.2451 0.5246 0.0137 0.042
0 0.2817 0.542 0.0127 0.0365
0 0.3442 0.5274 0.0146 0.0401
0 0.3569 0.5429 0.0107 0.042
0 0.4443 0.49 0.0215 0.0602
0 0.4663 0.4763 0.0049 0.0146
0 0.4795 0.4845 0.0059 0.0164
