0 0.2993 0.549 0.0088 0.0223
0 0.2827 0.549 0.0107 0.0189
0 0.2588 0.555 0.0098 0.0206
0 0.2285 0.555 0.0117 0.0275
0 0.2041 0.555 0.0117 0.0241
0 0.1748 0.5576 0.0098 0.0189
0 0.1201 0.5576 0.0098 0.0223
0 0.0229 0.5541 0.0127 0.0223
0 0.0566 0.5653 0.0098 0.0206
0 0.6201 0.5163 0.0078 0.0155
0 0.6099 0.5215 0.0068 0.0155
0 0.7192 0.5301 0.0088 0.0155
0 0.7305 0.5309 0.0078 0.0137
0 0.7412 0.5318 0.0059 0.012
0 0.6919 0.5266 0.0088 0.0155
0 0.4795 0.4716 0.0117 0.0189
0 0.3911 0.4304 0.0127 0.0223
0 0.4238 0.5284 0.0098 0.0189
0 0.0771 0.5567 0.0098 0.0206
