0 0.1567 0.3895 0.0361 0.0604
0 0.313 0.4183 0.0342 0.0589
0 0.063 0.3932 0.0381 0.053
0 0.2256 0.5795 0.041 0.0692
0 0.2354 0.4153 0.0371 0.0677
0 0.2935 0.3571 0.0322 0.0604
0 0.3726 0.3432 0.0322 0.0589
0 0.394 0.4227 0.0381 0.0648
0 0.4341 0.3851 0.0322 0.0604
0 0.4092 0.3358 0.0293 0.053
0 0.4683 0.3513 0.0342 0.0633
0 0.5347 0.2761 0.0322 0.0692
0 0.8457 0.3719 0.043 0.081
0 0.7661 0.3579 0.0361 0.0736
0 0.6934 0.3704 0.0352 0.0663
0 0.52 0.4057 0.0322 0.0633
0 0.5078 0.5744 0.041 0.0795
0 0.5923 0.4308 0.0342 0.0604
0 0.647 0.472 0.0342 0.0722
0 0.7183 0.4764 0.0342 0.0633
0 0.6074 0.5596 0.041 0.0795
0 0.7124 0.648 0.0439 0.0884
0 0.6313 0.2452 0.0361 0.0751
0 0.4043 0.5773 0.0449 0.0884
0 0.6875 0.7916 0.0488 0.0869
0 0.6064 0.7629 0.0469 0.0825
0 0.5308 0.8071 0.0439 0.0795
0 0.4443 0.8049 0.041 0.0781
0 0.353 0.8137 0.04 0.0781
