0 0.1704 0.5156 0.0361 0.0547
0 0.356 0.7507 0.1221 0.1523
0 0.459 0.4505 0.0312 0.0417
0 0.3677 0.4251 0.04 0.056
0 0.5591 0.4368 0.0225 0.0404
0 0.897 0.4466 0.0225 0.0417
0 0.7803 0.4362 0.0234 0.0417
0 0.688 0.4102 0.0205 0.0365
0 0.8159 0.3184 0.0088 0.0143
0 0.6108 0.3216 0.0088 0.0156
0 0.5771 0.3112 0.0117 0.0182
0 0.6763 0.3086 0.0088 0.0156
0 0.5527 0.3294 0.0117 0.0156
0 0.5923 0.3346 0.0127 0.0182
0 0.6982 0.3014 0.0117 0.0221
0 0.6909 0.3307 0.0127 0.0234
0 0.8574 0.3158 0.0137 0.0195
