0 0.5088 0.2263 0.082 0.0569
0 0.27 0.4292 0.04 0.0354
0 0.3511 0.4539 0.0381 0.0341
0 0.1108 0.3745 0.0381 0.0259
0 0.1138 0.342 0.0264 0.0228
0 0.0254 0.36 0.0332 0.0247
0 0.0674 0.4115 0.041 0.0341
0 0.2578 0.3957 0.0352 0.0278
0 0.6738 0.4475 0.043 0.0329
0 0.8105 0.4178 0.0371 0.0278
0 0.9165 0.421 0.042 0.0316
0 0.7974 0.3546 0.0303 0.0253
0 0.6743 0.408 0.0381 0.0297
0 0.6665 0.3559 0.0283 0.024
0 0.9819 0.4004 0.0264 0.0234
0 0.9473 0.3622 0.0234 0.0215
0 0.106 0.4374 0.0283 0.0316
0 0.5737 0.2971 0.0244 0.0265
