0 0.2959 0.2094 0.0234 0.0439
0 0.5215 0.3748 0.0332 0.0791
0 0.7197 0.2489 0.0254 0.0644
0 0.3438 0.3807 0.0684 0.1376
0 0.4961 0.5469 0.084 0.142
0 0.7964 0.3682 0.0654 0.1449
0 0.2925 0.4883 0.042 0.1801
0 0.3574 0.2511 0.0527 0.0952
0 0.6621 0.4363 0.0625 0.1318
0 0.6221 0.2387 0.0312 0.0644
0 0.4438 0.2753 0.042 0.0644
0 0.4624 0.2504 0.04 0.0761
0 0.3892 0.2086 0.0264 0.0571
0 0.873 0.3543 0.0449 0.1142
0 0.939 0.366 0.0303 0.0673
0 0.4888 0.3748 0.0479 0.1171
0 0.3882 0.366 0.0459 0.123
0 0.5029 0.2482 0.0234 0.06
0 0.4961 0.1808 0.0234 0.0395
