0 0.0942 0.1391 0.04 0.0908
0 0.2676 0.1508 0.0449 0.0673
0 0.3633 0.1559 0.0449 0.0512
0 0.3706 0.2291 0.0342 0.06
0 0.4575 0.2445 0.0439 0.0644
0 0.4414 0.1449 0.0391 0.0615
0 0.4941 0.1354 0.0234 0.0483
0 0.5747 0.0842 0.04 0.0688
0 0.522 0.1457 0.0361 0.063
0 0.6143 0.1852 0.0293 0.0659
0 0.6899 0.1808 0.0381 0.0542
0 0.7056 0.2255 0.0439 0.082
0 0.7441 0.2116 0.0391 0.0835
0 0.7715 0.202 0.0254 0.0761
0 0.7637 0.0944 0.0391 0.0747
0 0.8062 0.1633 0.0381 0.063
0 0.8413 0.112 0.0283 0.0542
0 0.9268 0.0878 0.0332 0.0498
0 0.8628 0.2006 0.0244 0.0615
0 0.2573 0.0388 0.0264 0.0425
0 0.0078 0.049 0.0176 0.0512
0 0.8809 0.1706 0.0332 0.063
0 0.5605 0.1545 0.0449 0.0659
0 0.5581 0.2086 0.0439 0.06
