0 0.8135 0.5068 0.0234 0.0312
0 0.8926 0.5103 0.0273 0.0303
0 0.9658 0.4839 0.0254 0.0303
0 0.9932 0.457 0.0117 0.0254
0 0.9893 0.4014 0.0137 0.0195
0 0.9473 0.4292 0.0215 0.0225
0 0.9136 0.4536 0.0205 0.0244
0 0.8447 0.4932 0.0215 0.0293
0 0.8809 0.4351 0.0195 0.0225
0 0.8755 0.4634 0.0205 0.0283
0 0.8242 0.4634 0.0254 0.0283
0 0.7495 0.4863 0.0225 0.0254
0 0.6963 0.52 0.0254 0.0283
0 0.7178 0.4624 0.0195 0.0244
0 0.7876 0.4487 0.0146 0.0225
0 0.5439 0.356 0.0117 0.0166
0 0.5117 0.3506 0.0137 0.0176
0 0.4839 0.3384 0.0127 0.0146
0 0.7559 0.3403 0.0137 0.0186
0 0.7422 0.3994 0.0195 0.0195
0 0.7666 0.3936 0.0195 0.0234
0 0.6406 0.3374 0.0117 0.0146
0 0.5078 0.377 0.0176 0.0195
0 0.5083 0.4043 0.0166 0.0215
0 0.793 0.335 0.0117 0.0117
0 0.7915 0.3208 0.0127 0.0127
0 0.1689 0.4941 0.0215 0.0254
0 0.2544 0.4863 0.0244 0.0273
0 0.3096 0.4941 0.0234 0.0273
0 0.2944 0.4868 0.0205 0.0264
0 0.356 0.5425 0.0225 0.0303
0 0.4307 0.5112 0.0215 0.0244
0 0.3779 0.4854 0.0176 0.0273
0 0.3618 0.4956 0.0186 0.0264
0 0.3457 0.4507 0.0215 0.0244
0 0.1387 0.4746 0.0234 0.0273
0 0.0718 0.479 0.0225 0.0264
0 0.0688 0.5278 0.0225 0.0244
0 0.0054 0.4912 0.0127 0.0234
0 0.0205 0.4419 0.0215 0.0244
0 0.0527 0.4575 0.0234 0.0283
0 0.1035 0.4468 0.0234 0.0244
0 0.1577 0.4438 0.0205 0.0225
0 0.2134 0.4668 0.0205 0.0273
0 0.2529 0.4663 0.0215 0.0264
0 0.2915 0.4087 0.0166 0.0205
0 0.332 0.3955 0.0195 0.0215
0 0.3843 0.4116 0.0225 0.0244
0 0.1768 0.3984 0.0156 0.0195
0 0.0688 0.4067 0.0205 0.0225
0 0.2168 0.3896 0.0176 0.0195
0 0.2495 0.4312 0.0205 0.0244
0 0.4619 0.4565 0.0215 0.0244
0 0.1396 0.4087 0.0156 0.0166
0 0.1514 0.417 0.0176 0.0215
0 0.1919 0.4341 0.0146 0.0225
0 0.1309 0.376 0.0156 0.0176
0 0.0498 0.4023 0.0156 0.0195
0 0.0464 0.4224 0.0205 0.0225
0 0.4224 0.4072 0.0166 0.0176
0 0.4199 0.3555 0.0156 0.0156
0 0.4165 0.4844 0.0264 0.0234
0 0.3062 0.5381 0.0244 0.0293
0 0.2441 0.5435 0.0254 0.0264
0 0.1826 0.5371 0.0234 0.0312
0 0.0996 0.3403 0.0098 0.0107
0 0.2212 0.3345 0.0127 0.0107
0 0.2534 0.3438 0.0107 0.0117
0 0.3574 0.4355 0.0195 0.0273
0 0.377 0.3687 0.0156 0.0225
0 0.355 0.335 0.0107 0.0137
0 0.3306 0.3315 0.0107 0.0107
0 0.2739 0.3755 0.0186 0.0244
0 0.3047 0.3481 0.0137 0.0146
0 0.0073 0.3555 0.0146 0.0156
0 0.1616 0.3677 0.0127 0.0127
0 0.1724 0.3755 0.0127 0.0186
0 0.0869 0.3647 0.0117 0.0166
0 0.0825 0.3931 0.0166 0.0146
0 0.2378 0.3774 0.0166 0.0166
0 0.1875 0.3325 0.0117 0.0146
0 0.563 0.5063 0.0244 0.0303
0 0.4917 0.5249 0.0264 0.0303
0 0.5317 0.4814 0.0225 0.0254
0 0.8931 0.4136 0.0166 0.0225
0 0.7007 0.4087 0.0166 0.0205
0 0.6587 0.4131 0.0205 0.0215
0 0.9341 0.335 0.0146 0.0156
0 0.3652 0.4043 0.0176 0.0215
0 0.3921 0.4487 0.0186 0.0244
0 0.2969 0.377 0.0137 0.0176
0 0.4268 0.3804 0.0156 0.0186
0 0.4688 0.374 0.0156 0.0215
0 0.6016 0.3496 0.0137 0.0156
0 0.4341 0.3301 0.0127 0.0156
0 0.4019 0.356 0.0127 0.0186
0 0.4946 0.3594 0.0127 0.0195
0 0.5947 0.3662 0.0117 0.0156
0 0.6069 0.376 0.0146 0.0156
0 0.6934 0.3574 0.0176 0.0195
0 0.7075 0.3779 0.0146 0.0195
0 0.623 0.3755 0.0137 0.0225
0 0.6533 0.3706 0.0195 0.0205
0 0.5381 0.3911 0.0137 0.0146
0 0.5542 0.3711 0.0146 0.0176
0 0.5894 0.3848 0.0166 0.0176
0 0.6104 0.3555 0.0117 0.0156
0 0.5693 0.3608 0.0137 0.0146
0 0.6187 0.3442 0.0107 0.0146
0 0.6606 0.3462 0.0127 0.0166
0 0.5371 0.4419 0.0215 0.0244
0 0.5171 0.4297 0.0225 0.0254
0 0.5552 0.4043 0.0186 0.0234
0 0.5781 0.4419 0.0234 0.0264
0 0.625 0.4565 0.0215 0.0244
0 0.7407 0.4175 0.0166 0.0205
0 0.6602 0.4312 0.0195 0.0244
0 0.6494 0.4644 0.0195 0.0283
0 0.7559 0.3735 0.0176 0.0205
0 0.7705 0.354 0.0176 0.0244
0 0.8164 0.3638 0.0176 0.0205
0 0.9077 0.3906 0.0186 0.0234
0 0.793 0.3794 0.0137 0.0186
0 0.8008 0.3608 0.0117 0.0166
0 0.939 0.3955 0.0166 0.0195
0 0.9619 0.4077 0.0176 0.0225
0 0.9175 0.4263 0.0127 0.0166
0 0.9385 0.3667 0.0137 0.0186
0 0.9219 0.3535 0.0156 0.0195
0 0.9214 0.3726 0.0146 0.0186
0 0.9048 0.3428 0.0146 0.0176
0 0.8794 0.3091 0.0127 0.0146
0 0.9668 0.3413 0.0156 0.0225
0 0.9561 0.3086 0.0117 0.0137
0 0.9219 0.3267 0.0117 0.0166
0 0.8774 0.3569 0.0127 0.0166
0 0.6792 0.3818 0.0146 0.0195
0 0.9902 0.354 0.0117 0.0166
0 0.896 0.3179 0.0088 0.0127
0 0.7783 0.4121 0.0156 0.0215
0 0.6216 0.5083 0.0205 0.0264
0 0.6777 0.4404 0.0176 0.0234
0 0.606 0.4043 0.0146 0.0195
0 0.9585 0.4595 0.0186 0.0264
0 0.4053 0.3999 0.0156 0.0225
0 0.1372 0.4365 0.0186 0.0215
0 0.1221 0.3623 0.0137 0.0176
0 0.0303 0.3086 0.0098 0.0117
0 0.4609 0.3545 0.0117 0.0137
0 0.4463 0.3608 0.0098 0.0127
0 0.4814 0.4292 0.0176 0.0225
0 0.4854 0.478 0.0195 0.0225
0 0.2832 0.457 0.0234 0.0254
0 0.1089 0.3965 0.0127 0.0156
0 0.1421 0.3921 0.0146 0.0186
0 0.646 0.5093 0.0264 0.0283
0 0.7681 0.459 0.0225 0.0254
0 0.8018 0.4248 0.0195 0.0234
0 0.8096 0.3843 0.0137 0.0186
0 0.856 0.3535 0.0166 0.0215
0 0.6426 0.3906 0.0176 0.0215
0 0.6187 0.4307 0.0205 0.0215
0 0.6157 0.4082 0.0166 0.0215
0 0.5801 0.4697 0.0176 0.0215
0 0.9268 0.4839 0.0215 0.0264
0 0.8926 0.3677 0.0176 0.0205
0 0.9741 0.373 0.0186 0.0215
0 0.0537 0.3481 0.0098 0.0127
0 0.0283 0.3774 0.0156 0.0186
