0 0.6445 0.3888 0.0391 0.0702
0 0.6328 0.4519 0.0215 0.0299
0 0.5679 0.4441 0.0205 0.0377
0 0.5264 0.4291 0.0215 0.0312
0 0.4712 0.4499 0.0205 0.0286
0 0.4414 0.4239 0.0215 0.0286
0 0.4072 0.4324 0.0176 0.0299
0 0.3442 0.4428 0.0205 0.0351
0 0.291 0.4714 0.0176 0.0299
0 0.2422 0.5007 0.0234 0.039
0 0.2524 0.4584 0.0166 0.0299
0 0.1699 0.474 0.0234 0.0325
0 0.1182 0.4909 0.0176 0.0299
0 0.1035 0.6105 0.0352 0.0559
0 0.0483 0.5078 0.0264 0.0507
0 0.0312 0.4447 0.0176 0.026
0 0.1367 0.4642 0.0137 0.0234
0 0.1904 0.4584 0.0156 0.0247
0 0.2476 0.4772 0.0146 0.0234
0 0.1831 0.4746 0.0127 0.0234
0 0.1519 0.4603 0.0127 0.0208
0 0.1206 0.4753 0.0146 0.0221
