0 0.3701 0.1632 0.0195 0.0406
0 0.3496 0.1821 0.0195 0.028
0 0.4204 0.1751 0.0186 0.0336
0 0.4512 0.1702 0.0195 0.035
0 0.4888 0.1639 0.0225 0.042
0 0.5459 0.166 0.0195 0.035
0 0.5352 0.1555 0.0195 0.0364
0 0.5884 0.1653 0.0186 0.0336
0 0.5967 0.1317 0.0156 0.028
0 0.5737 0.1653 0.0146 0.0308
0 0.7446 0.1078 0.0322 0.0756
0 0.7251 0.0896 0.0225 0.056
0 0.6206 0.1218 0.0225 0.0448
0 0.7568 0.0182 0.0098 0.0168
0 0.7769 0.007 0.0127 0.0168
0 0.7031 0.0364 0.0117 0.0168
0 0.6826 0.042 0.0098 0.0168
0 0.8418 0.0805 0.0352 0.0602
0 0.0356 0.0854 0.0127 0.0308
0 0.5151 0.3543 0.0732 0.1064
0 0.6562 0.3319 0.1074 0.1653
0 0.8042 0.1863 0.0674 0.1289
0 0.9326 0.2255 0.0547 0.0812
0 0.9253 0.1078 0.04 0.0616
0 0.9678 0.1394 0.0332 0.0518
0 0.5762 0.2696 0.0645 0.1106
0 0.0352 0.152 0.0352 0.0714
0 0.0918 0.0693 0.0156 0.0406
0 0.1641 0.1085 0.0371 0.0602
0 0.2134 0.0889 0.0205 0.0378
0 0.2329 0.1835 0.0186 0.0308
0 0.2505 0.145 0.0186 0.0294
0 0.3145 0.159 0.0156 0.0406
