0 0.2637 0.3184 0.0215 0.0195
0 0.3501 0.298 0.0186 0.0213
0 0.3628 0.3188 0.0186 0.0222
0 0.3647 0.4175 0.0166 0.0158
0 0.3286 0.3531 0.0107 0.013
0 0.1953 0.1149 0.0176 0.0204
0 0.2803 0.2312 0.0176 0.0232
0 0.4551 0.1019 0.0234 0.0204
0 0.4604 0.297 0.0225 0.0158
0 0.5923 0.4073 0.0205 0.0176
0 0.5186 0.4666 0.0234 0.0213
0 0.4663 0.3716 0.0225 0.0241
0 0.6616 0.3832 0.0225 0.0213
0 0.2017 0.7697 0.0186 0.0158
0 0.4497 0.5672 0.0166 0.0185
0 0.4067 0.6752 0.0205 0.0213
0 0.5435 0.6182 0.0186 0.0222
0 0.8765 0.7442 0.0205 0.0222
0 0.894 0.6233 0.0205 0.0213
0 0.6357 0.607 0.0195 0.0259
0 0.6304 0.6858 0.0205 0.0148
