0 0.1484 0.4766 0.0117 0.0352
0 0.1748 0.4785 0.0117 0.0352
0 0.2051 0.4736 0.0137 0.041
0 0.2207 0.5 0.0176 0.043
0 0.2354 0.4561 0.0137 0.0332
0 0.2646 0.457 0.0137 0.0312
0 0.2754 0.4766 0.0137 0.0234
0 0.3076 0.4531 0.0098 0.0234
0 0.3159 0.4648 0.0146 0.0312
0 0.3364 0.4697 0.0127 0.0293
0 0.3628 0.459 0.0107 0.0312
0 0.3843 0.4551 0.0088 0.0234
0 0.3994 0.458 0.0098 0.0215
0 0.4097 0.4541 0.0107 0.0254
0 0.4448 0.5049 0.0186 0.0449
0 0.4355 0.4658 0.0137 0.0332
0 0.4512 0.4531 0.0117 0.0273
0 0.4829 0.4287 0.0088 0.0215
0 0.5342 0.4873 0.0176 0.0488
0 0.5425 0.4268 0.0068 0.0215
0 0.5684 0.3672 0.0059 0.0156
0 0.6045 0.3691 0.0078 0.0195
0 0.6411 0.3594 0.0068 0.0156
0 0.7056 0.3838 0.0088 0.0215
0 0.5547 0.4541 0.0078 0.0215
0 0.5713 0.4883 0.0156 0.043
0 0.5713 0.4414 0.0078 0.0195
0 0.5986 0.4414 0.0098 0.0234
0 0.6074 0.4629 0.0137 0.0391
0 0.6172 0.4668 0.0176 0.0391
0 0.6553 0.5127 0.0234 0.0645
0 0.7188 0.5098 0.0254 0.0703
0 0.6895 0.4561 0.0156 0.0488
0 0.6812 0.3799 0.0068 0.0176
0 0.8081 0.5068 0.0283 0.0801
0 0.8062 0.4316 0.0107 0.0273
0 0.8496 0.4912 0.0156 0.041
0 0.8379 0.4414 0.0098 0.0273
0 0.8711 0.4434 0.0078 0.0273
0 0.8813 0.4404 0.0127 0.0293
0 0.9136 0.4561 0.0244 0.0488
0 0.9541 0.4541 0.0156 0.0371
0 0.9785 0.4355 0.0117 0.0312
0 0.9912 0.4326 0.0098 0.0254
0 0.9834 0.3701 0.0098 0.0215
0 0.7422 0.4473 0.0098 0.0273
0 0.9375 0.4355 0.0117 0.0273
0 0.7876 0.459 0.0146 0.0312
0 0.855 0.4414 0.0146 0.0312
0 0.6353 0.4414 0.0068 0.0156
