0 0.0386 0.2969 0.0557 0.1406
0 0.0967 0.0596 0.043 0.1035
0 0.1016 0.4512 0.0547 0.1406
0 0.1704 0.1436 0.0459 0.1035
0 0.1802 0.333 0.0498 0.1309
0 0.231 0.1006 0.04 0.1035
0 0.292 0.126 0.0547 0.1152
0 0.3779 0.166 0.0527 0.1367
0 0.2798 0.3193 0.0479 0.1191
0 0.2275 0.4912 0.0605 0.1582
0 0.0825 0.6631 0.0596 0.1465
0 0.1934 0.6318 0.0586 0.127
0 0.3472 0.7441 0.0635 0.1602
0 0.1724 0.9756 0.0615 0.0449
0 0.4126 0.9658 0.0537 0.0645
0 0.3501 0.542 0.0518 0.123
0 0.4277 0.0547 0.0488 0.1055
0 0.4565 0.2178 0.04 0.1035
0 0.4995 0.0518 0.0439 0.0996
0 0.5137 0.251 0.0586 0.127
0 0.5449 0.3652 0.0664 0.1719
0 0.6069 0.29 0.0537 0.1191
0 0.6313 0.457 0.0596 0.125
0 0.7388 0.1621 0.0518 0.1289
0 0.7588 0.2822 0.0605 0.1348
0 0.7607 0.4297 0.0586 0.1172
0 0.728 0.668 0.0654 0.125
0 0.8442 0.5146 0.0576 0.1152
0 0.8633 0.6973 0.0664 0.1406
0 0.6343 0.9756 0.0576 0.0449
0 0.8657 0.1152 0.0576 0.1055
0 0.8579 0.3047 0.0537 0.1367
0 0.9814 0.1416 0.0352 0.1113
0 0.9614 0.3389 0.0615 0.1191
0 0.9663 0.4648 0.0615 0.1289
0 0.9937 0.5928 0.0107 0.1152
0 0.9912 0.6602 0.0156 0.1211
0 0.4253 0.4531 0.0654 0.168
0 0.5068 0.4658 0.0566 0.1426
0 0.1313 0.0781 0.04 0.1133
