0 0.8789 0.5368 0.0293 0.0452
0 0.1558 0.3262 0.0166 0.0297
0 0.2114 0.323 0.0166 0.0258
0 0.1987 0.2829 0.0146 0.0284
0 0.1357 0.2862 0.0156 0.022
0 0.0767 0.323 0.0186 0.031
0 0.019 0.3269 0.0146 0.0233
0 0.0752 0.2939 0.0156 0.0297
0 0.0166 0.2881 0.0195 0.0258
0 0.0679 0.2655 0.0166 0.0245
0 0.1714 0.2836 0.0166 0.022
0 0.2471 0.241 0.0176 0.0271
0 0.1372 0.1337 0.0166 0.0323
0 0.0942 0.1331 0.0146 0.0258
0 0.0522 0.208 0.0146 0.0284
0 0.1191 0.0917 0.0137 0.0258
0 0.1021 0.0898 0.0146 0.0194
0 0.0068 0.0898 0.0137 0.0271
0 0.0034 0.1673 0.0088 0.0297
0 0.019 0.2028 0.0107 0.0258
0 0.0371 0.1292 0.0137 0.0233
0 0.0684 0.0917 0.0137 0.0258
0 0.1572 0.0646 0.0137 0.0258
0 0.1997 0.073 0.0146 0.0245
0 0.1763 0.1718 0.0127 0.0207
0 0.1826 0.2028 0.0156 0.0258
0 0.1953 0.1415 0.0137 0.0245
0 0.2319 0.166 0.0127 0.0245
0 0.0879 0.0194 0.0156 0.0233
0 0.0527 0.0123 0.0137 0.0194
0 0.2495 0.031 0.0127 0.0233
0 0.2583 0.0594 0.0127 0.0258
0 0.2847 0.031 0.0146 0.0233
0 0.2983 0.0659 0.0127 0.0284
0 0.2871 0.1014 0.0156 0.0245
0 0.2393 0.137 0.0137 0.0233
0 0.2949 0.1428 0.0176 0.0271
0 0.2935 0.1699 0.0146 0.0297
0 0.6392 0.0724 0.0146 0.0258
0 0.6704 0.1305 0.0127 0.0233
0 0.6953 0.1557 0.0137 0.0271
0 0.6699 0.2377 0.0176 0.031
0 0.7153 0.1208 0.0166 0.0271
0 0.6948 0.0827 0.0146 0.0258
0 0.6802 0.0304 0.0166 0.0297
0 0.6597 0.0097 0.0146 0.022
0 0.708 0.0084 0.0156 0.0194
0 0.7251 0.0446 0.0166 0.0271
0 0.7397 0.0833 0.0127 0.0271
0 0.7363 0.146 0.0176 0.0284
0 0.7188 0.2306 0.0176 0.0297
0 0.6963 0.2674 0.0176 0.0284
0 0.7427 0.1873 0.0146 0.0284
0 0.7051 0.3178 0.0176 0.0284
0 0.7393 0.3217 0.0176 0.0258
0 0.7783 0.2707 0.0176 0.0297
0 0.7949 0.2287 0.0176 0.0284
0 0.8271 0.2125 0.0156 0.0271
0 0.8545 0.188 0.0156 0.0245
0 0.8354 0.1512 0.0146 0.0284
0 0.7847 0.1447 0.0166 0.0284
0 0.9077 0.1473 0.0166 0.0336
0 0.916 0.1835 0.0176 0.0336
0 0.9482 0.1473 0.0137 0.0258
0 0.8696 0.0388 0.0146 0.0258
0 0.8179 0.0362 0.0146 0.0258
0 0.7705 0.0388 0.0137 0.0258
0 0.2471 0.2087 0.0156 0.0297
0 0.2993 0.2099 0.0146 0.0245
0 0.2646 0.2888 0.0176 0.0271
0 0.3037 0.2758 0.0176 0.0323
0 0.2974 0.2494 0.0146 0.0284
0 0.2622 0.3243 0.0166 0.0284
0 0.375 0.3262 0.0156 0.0297
0 0.4312 0.3107 0.0186 0.0323
0 0.416 0.2739 0.0156 0.031
0 0.3657 0.2758 0.0205 0.0297
0 0.3589 0.2028 0.0166 0.0284
0 0.3999 0.2048 0.0166 0.0297
0 0.4526 0.2377 0.0166 0.031
0 0.4502 0.2119 0.0156 0.0284
0 0.4302 0.1731 0.0146 0.0233
0 0.3921 0.1693 0.0166 0.0284
0 0.3389 0.1673 0.0176 0.0297
0 0.1743 0.0252 0.0107 0.0245
0 0.1934 0.0233 0.0137 0.0233
0 0.3301 0.126 0.0137 0.0297
0 0.3511 0.0924 0.0146 0.0245
0 0.3481 0.0627 0.0127 0.022
0 0.3794 0.02 0.0146 0.022
0 0.4014 0.0898 0.0137 0.022
0 0.4185 0.1337 0.0127 0.0245
0 0.4468 0.0885 0.0146 0.0245
0 0.4473 0.0484 0.0156 0.0245
0 0.439 0.0161 0.0127 0.0245
0 0.4673 0.1189 0.0146 0.0284
0 0.4854 0.1576 0.0156 0.0284
0 0.4756 0.0161 0.0137 0.0245
0 0.4893 0.0413 0.0137 0.031
0 0.4961 0.1964 0.0137 0.0233
0 0.5068 0.2403 0.0176 0.0233
0 0.5605 0.2778 0.0156 0.031
0 0.5942 0.3178 0.0186 0.0258
0 0.5713 0.2397 0.0176 0.0271
0 0.5562 0.1977 0.0146 0.0258
0 0.5278 0.1266 0.0166 0.0258
0 0.5854 0.1544 0.0127 0.0271
0 0.5942 0.1919 0.0166 0.0323
0 0.6011 0.2397 0.0146 0.0245
0 0.623 0.2681 0.0195 0.0245
0 0.6348 0.1563 0.0137 0.0233
0 0.6177 0.1227 0.0146 0.0207
0 0.5776 0.1221 0.0127 0.0271
0 0.5068 0.0898 0.0156 0.0297
0 0.5293 0.0491 0.0137 0.0284
0 0.5249 0.011 0.0146 0.0245
0 0.582 0.042 0.0156 0.0271
0 0.5659 0.011 0.0146 0.0245
0 0.6216 0.0388 0.0146 0.0233
0 0.5991 0.0988 0.0146 0.0194
0 0.5449 0.0891 0.0137 0.0233
