0 0.7495 0.4136 0.0439 0.1157
0 0.9048 0.4971 0.0674 0.142
0 0.7017 0.6281 0.0674 0.1376
0 0.6753 0.3485 0.0361 0.0703
0 0.71 0.3141 0.0254 0.0483
0 0.7769 0.3309 0.0322 0.0615
0 0.5928 0.3045 0.0195 0.0469
0 0.4756 0.3858 0.041 0.0835
0 0.5317 0.3089 0.0146 0.0351
0 0.5039 0.3734 0.0234 0.0556
0 0.4922 0.3155 0.0254 0.06
0 0.6377 0.3177 0.0156 0.041
0 0.3765 0.6325 0.085 0.1903
0 0.3271 0.3126 0.0352 0.0747
0 0.2236 0.3419 0.0488 0.104
0 0.0269 0.3697 0.0479 0.0981
0 0.1348 0.4473 0.0449 0.1069
0 0.1904 0.5366 0.0352 0.1069
0 0.0039 0.4429 0.0098 0.101
0 0.0459 0.3565 0.0234 0.0571
0 0.1431 0.3653 0.0244 0.0454
