0 0.1143 0.4748 0.0176 0.0537
0 0.1758 0.3121 0.0137 0.0336
0 0.2705 0.3356 0.0117 0.0369
0 0.2939 0.3331 0.0137 0.0419
0 0.334 0.3389 0.0156 0.0369
0 0.3667 0.2861 0.0244 0.0688
0 0.2285 0.3213 0.0098 0.0386
0 0.1587 0.2928 0.0127 0.0285
0 0.0913 0.2919 0.0127 0.0302
0 0.1133 0.2919 0.0117 0.0268
0 0.1885 0.2777 0.0078 0.0151
0 0.0669 0.2869 0.0107 0.0235
0 0.0527 0.2995 0.0098 0.0218
0 0.125 0.2844 0.0078 0.0218
0 0.3257 0.2668 0.0068 0.0134
0 0.5908 0.3129 0.0215 0.0453
0 0.5161 0.3389 0.0186 0.0403
0 0.4287 0.271 0.0137 0.0319
0 0.6016 0.3448 0.0156 0.052
0 0.6841 0.2928 0.0127 0.0352
0 0.6929 0.2517 0.0088 0.0235
0 0.7461 0.2626 0.0059 0.0151
0 0.8481 0.3599 0.0166 0.0352
0 0.8691 0.3305 0.0117 0.0336
0 0.9219 0.3045 0.0156 0.0419
0 0.9873 0.3272 0.0176 0.0436
0 0.9443 0.2567 0.0078 0.0201
0 0.917 0.255 0.0059 0.0168
0 0.7656 0.2827 0.0098 0.0285
0 0.8428 0.2458 0.0078 0.0151
0 0.877 0.2559 0.0078 0.0151
0 0.7197 0.271 0.0059 0.0151
0 0.8608 0.2617 0.0068 0.0168
0 0.4424 0.2743 0.0098 0.0185
0 0.4932 0.2643 0.0078 0.0185
0 0.5186 0.2794 0.0098 0.0185
0 0.5679 0.2441 0.0068 0.0185
0 0.6328 0.2466 0.0098 0.0201
0 0.7334 0.2961 0.0156 0.0419
0 0.5933 0.2542 0.0049 0.0117
0 0.5464 0.271 0.0146 0.0319
0 0.6108 0.2592 0.0068 0.0185
0 0.5195 0.2492 0.0059 0.0151
