0 0.3657 0.435 0.0498 0.1189
0 0.4585 0.462 0.0361 0.103
0 0.4062 0.2829 0.0293 0.065
0 0.436 0.3273 0.0303 0.065
0 0.4873 0.351 0.0195 0.0491
0 0.5098 0.3439 0.0137 0.0412
0 0.2529 0.3685 0.0332 0.0872
0 0.1431 0.3685 0.0225 0.0713
0 0.7944 0.3621 0.0381 0.103
0 0.8379 0.3891 0.0391 0.0998
0 0.7358 0.3439 0.0264 0.0602
0 0.6924 0.4723 0.0391 0.1046
0 0.6797 0.4002 0.0273 0.065
0 0.6543 0.378 0.0176 0.0428
0 0.6963 0.317 0.0176 0.038
0 0.6636 0.3257 0.0146 0.0333
0 0.6152 0.317 0.0098 0.0254
0 0.6411 0.336 0.0127 0.0254
0 0.5264 0.3082 0.0117 0.0269
0 0.5122 0.3138 0.0127 0.0349
0 0.5596 0.5158 0.041 0.1062
