0 0.084 0.1059 0.0586 0.1562
0 0.251 0.2344 0.041 0.1076
0 0.4575 0.2595 0.0303 0.0712
0 0.5332 0.3403 0.0273 0.0729
0 0.5947 0.3898 0.0215 0.0608
0 0.5542 0.3707 0.0205 0.0503
0 0.6382 0.4418 0.0166 0.033
0 0.6558 0.4479 0.0107 0.0312
0 0.6841 0.4609 0.0146 0.0295
0 0.6978 0.4514 0.0127 0.0312
0 0.7422 0.4748 0.0117 0.033
0 0.7876 0.4609 0.0107 0.026
0 0.8384 0.4774 0.0107 0.0312
0 0.8647 0.4852 0.0127 0.033
0 0.917 0.4991 0.0117 0.0365
0 0.7397 0.4427 0.0166 0.0312
0 0.9629 0.5 0.0098 0.0312
0 0.9458 0.5061 0.0107 0.0295
0 0.9834 0.4939 0.0098 0.0226
0 0.8813 0.4887 0.0107 0.026
0 0.5781 0.3819 0.0156 0.0417
