0 0.7241 0.519 0.0088 0.0337
0 0.7881 0.5739 0.0098 0.0264
0 0.7651 0.6523 0.0107 0.0249
0 0.8843 0.6633 0.0107 0.0205
0 0.9102 0.6618 0.0098 0.0234
0 0.7661 0.5264 0.0107 0.022
0 0.6997 0.5154 0.0127 0.0234
0 0.8174 0.5688 0.0078 0.0249
0 0.8159 0.5461 0.0088 0.0176
0 0.0781 0.5198 0.0156 0.0234
0 0.1914 0.4971 0.0137 0.0307
0 0.1523 0.4956 0.0137 0.0454
0 0.3843 0.5051 0.0127 0.0381
0 0.4414 0.5454 0.0117 0.0337
0 0.4897 0.5154 0.0088 0.0322
0 0.5083 0.53 0.0107 0.0322
0 0.5464 0.5088 0.0107 0.0337
0 0.5815 0.519 0.0127 0.0337
0 0.6333 0.5388 0.0088 0.0234
0 0.6133 0.5337 0.0137 0.0249
0 0.3149 0.5044 0.0146 0.0395
