0 0.5825 0.428 0.0322 0.0661
0 0.7104 0.4141 0.0381 0.0822
0 0.8369 0.395 0.043 0.0822
0 0.46 0.384 0.0352 0.0661
0 0.3379 0.4464 0.0332 0.0617
0 0.1973 0.4214 0.0391 0.0764
0 0.1011 0.4016 0.0146 0.0485
0 0.1187 0.4185 0.0068 0.0147
0 0.127 0.4354 0.0078 0.0162
0 0.1548 0.4398 0.0068 0.0162
0 0.2725 0.4457 0.0078 0.022
0 0.2871 0.4317 0.0098 0.0264
0 0.3062 0.4229 0.0088 0.0264
0 0.2954 0.4273 0.0049 0.0088
0 0.7822 0.4376 0.0098 0.0176
0 0.6406 0.4222 0.0059 0.0132
0 0.6777 0.4244 0.0039 0.0117
0 0.5312 0.4192 0.0078 0.0162
0 0.8057 0.4383 0.0078 0.0162
0 0.8882 0.4192 0.0049 0.0103
0 0.9316 0.4112 0.0059 0.0147
0 0.9951 0.4236 0.0059 0.0132
0 0.9697 0.4325 0.0059 0.0132
0 0.0591 0.4332 0.0146 0.0411
