0 0.0581 0.3304 0.0361 0.091
0 0.1172 0.3465 0.0293 0.0617
0 0.1606 0.3627 0.0244 0.0558
0 0.1982 0.3436 0.0273 0.0617
0 0.3042 0.3223 0.0322 0.1189
0 0.1523 0.3186 0.0195 0.0382
0 0.3481 0.3539 0.0127 0.0323
0 0.3877 0.3928 0.0352 0.0661
0 0.5386 0.3943 0.0342 0.0602
0 0.6436 0.3495 0.0176 0.0411
0 0.7344 0.3722 0.0332 0.069
0 0.498 0.3891 0.0137 0.0294
0 0.4458 0.384 0.0166 0.0338
0 0.5283 0.2878 0.0156 0.0264
0 0.4595 0.2944 0.0107 0.0191
0 0.8237 0.37 0.0186 0.0352
0 0.9419 0.3671 0.0186 0.0441
0 0.7881 0.3744 0.0117 0.0206
