0 0.2715 0.2138 0.043 0.0908
0 0.3374 0.1515 0.0322 0.06
0 0.2563 0.0395 0.0244 0.0498
0 0.1035 0.06 0.0254 0.0469
0 0.0566 0.2592 0.0352 0.0615
0 0.0059 0.2518 0.0117 0.0673
0 0.459 0.1618 0.0293 0.0512
0 0.4048 0.1596 0.0244 0.0469
0 0.3701 0.0586 0.0234 0.0644
0 0.4658 0.0432 0.0273 0.0425
0 0.5698 0.1867 0.0225 0.0454
0 0.7954 0.0593 0.0283 0.0542
0 0.8633 0.1252 0.0352 0.0483
0 0.9634 0.1157 0.0225 0.0322
0 0.8867 0.0264 0.0215 0.0351
0 0.9629 0.0329 0.0215 0.0366
0 0.7515 0.1091 0.0205 0.0278
0 0.855 0.3441 0.0479 0.0732
0 0.9111 0.2321 0.0176 0.0366
0 0.9854 0.2884 0.0254 0.0351
0 0.7383 0.2592 0.0254 0.041
0 0.7729 0.1567 0.0186 0.0293
0 0.7734 0.2782 0.0234 0.0293
0 0.4937 0.1698 0.0205 0.0351
