0 0.7129 0.2192 0.0098 0.0125
0 0.9292 0.2304 0.0107 0.0199
0 0.8638 0.2372 0.0088 0.0162
0 0.8486 0.2491 0.0098 0.0149
0 0.7954 0.1364 0.0088 0.0137
0 0.813 0.1252 0.0068 0.0112
0 0.6953 0.1139 0.0078 0.0162
0 0.7974 0.1538 0.0107 0.0137
0 0.9062 0.142 0.0098 0.0149
0 0.8809 0.1874 0.0078 0.0137
0 0.8687 0.2036 0.0088 0.0137
0 0.8921 0.2273 0.0107 0.0162
0 0.9502 0.2285 0.0117 0.0162
0 0.9282 0.2148 0.0107 0.0137
0 0.8936 0.2105 0.0098 0.0125
0 0.9316 0.1787 0.0078 0.0162
0 0.9243 0.1283 0.0088 0.0125
0 0.9429 0.1214 0.0088 0.0162
0 0.772 0.1513 0.0127 0.0212
0 0.8037 0.1021 0.0098 0.0125
0 0.7695 0.0884 0.0098 0.01
0 0.8721 0.0853 0.0098 0.0137
0 0.8477 0.0878 0.0098 0.0112
0 0.8335 0.0467 0.0068 0.0112
0 0.8032 0.0517 0.0088 0.0112
0 0.7769 0.0262 0.0088 0.0149
0 0.6831 0.2198 0.0107 0.0162
0 0.646 0.1862 0.0107 0.0162
0 0.6689 0.1781 0.0137 0.0174
0 0.7417 0.0828 0.0107 0.0137
0 0.4243 0.1457 0.0518 0.0797
0 0.2202 0.155 0.0264 0.0361
0 0.1636 0.2192 0.0127 0.0174
0 0.5488 0.2416 0.0098 0.0149
0 0.5664 0.2316 0.0098 0.0149
0 0.5537 0.2092 0.0078 0.01
0 0.5229 0.2347 0.0107 0.0137
0 0.1265 0.2422 0.0107 0.0162
0 0.041 0.2509 0.0098 0.0112
0 0.063 0.2372 0.0088 0.0112
0 0.1675 0.1775 0.0088 0.0137
0 0.6304 0.104 0.0088 0.0137
0 0.6353 0.1376 0.0107 0.0112
0 0.522 0.1519 0.0068 0.0125
0 0.5093 0.1146 0.0088 0.0149
0 0.7964 0.2428 0.042 0.0697
0 0.6987 0.2453 0.0088 0.0149
0 0.7261 0.2304 0.0107 0.0149
0 0.7124 0.1849 0.0107 0.0137
0 0.6934 0.1793 0.0098 0.0149
0 0.7056 0.2086 0.0068 0.0137
0 0.9697 0.2397 0.0117 0.0137
0 0.6445 0.2267 0.0098 0.0224
0 0.7441 0.1862 0.0078 0.0137
0 0.6802 0.1849 0.0068 0.0137
0 0.7017 0.1389 0.0068 0.0112
0 0.0854 0.2354 0.0068 0.0125
0 0.0903 0.221 0.0068 0.0112
0 0.0825 0.2036 0.0068 0.0137
0 0.1768 0.1893 0.0059 0.0125
0 0.9038 0.2422 0.0088 0.0162
0 0.9907 0.2316 0.0107 0.0174
0 0.9585 0.2049 0.0107 0.0162
0 0.9873 0.17 0.0078 0.0137
0 0.8862 0.2491 0.0107 0.0149
0 0.5259 0.2055 0.0088 0.0149
