0 0.6504 0.6738 0.041 0.066
0 0.6919 0.5594 0.0381 0.0601
0 0.6387 0.4582 0.0332 0.0601
0 0.5952 0.5726 0.0342 0.0513
0 0.5171 0.4897 0.0322 0.0645
0 0.5112 0.6158 0.0342 0.0674
0 0.459 0.673 0.0332 0.0616
0 0.4116 0.6628 0.0381 0.0674
0 0.4336 0.4692 0.0293 0.0469
0 0.2949 0.2463 0.0273 0.0469
0 0.311 0.327 0.0322 0.0587
0 0.3511 0.2801 0.0303 0.0528
0 0.416 0.2903 0.0332 0.0557
0 0.4849 0.305 0.0322 0.0528
0 0.5781 0.2786 0.0293 0.0587
0 0.5596 0.2441 0.0195 0.0337
0 0.5347 0.3021 0.0186 0.0323
0 0.5283 0.2441 0.0176 0.0396
0 0.3843 0.2229 0.0205 0.0381
0 0.6709 0.2573 0.0176 0.0337
0 0.6948 0.2353 0.0146 0.0308
0 0.7183 0.2632 0.0107 0.0367
0 0.2446 0.2947 0.0283 0.0587
0 0.1758 0.3167 0.0293 0.0528
0 0.1523 0.2962 0.0332 0.0616
0 0.7573 0.2023 0.0225 0.0323
0 0.8032 0.0696 0.0186 0.0279
0 0.8618 0.11 0.0127 0.0293
0 0.9307 0.1173 0.0137 0.0205
0 0.9761 0.132 0.0166 0.0264
0 0.9814 0.1789 0.0195 0.0323
0 0.937 0.2001 0.0166 0.022
0 0.9341 0.2676 0.0146 0.0337
0 0.8677 0.2918 0.0166 0.0293
0 0.9751 0.0601 0.0146 0.0235
0 0.6704 0.1767 0.0166 0.0367
0 0.6162 0.1496 0.0156 0.0293
0 0.5635 0.1598 0.0195 0.0323
0 0.5571 0.129 0.0146 0.0235
0 0.4507 0.1906 0.0186 0.0323
0 0.4429 0.1261 0.0166 0.0293
0 0.3623 0.1019 0.0176 0.0308
0 0.29 0.132 0.0176 0.0323
0 0.2476 0.1158 0.0146 0.0293
0 0.2363 0.1334 0.0137 0.0264
0 0.2012 0.2089 0.0176 0.0337
0 0.2559 0.3299 0.0234 0.0499
0 0.4971 0.2185 0.0195 0.0323
0 0.1724 0.118 0.0166 0.0337
0 0.0303 0.3776 0.0195 0.0367
0 0.04 0.415 0.0176 0.0352
0 0.0317 0.4362 0.0186 0.0396
