0 0.2793 0.2493 0.0215 0.0299
0 0.2886 0.2103 0.0186 0.0273
0 0.3496 0.0632 0.0195 0.0273
0 0.3228 0.0527 0.0127 0.0195
0 0.3594 0.2135 0.0176 0.0286
0 0.3833 0.1048 0.0186 0.0352
0 0.4209 0.0638 0.0156 0.0312
0 0.4023 0.0189 0.0156 0.0273
0 0.499 0.0267 0.0195 0.0326
0 0.501 0.1048 0.0176 0.0326
0 0.4722 0.0794 0.0166 0.026
0 0.4336 0.1074 0.0117 0.0326
0 0.4565 0.1471 0.0146 0.0312
0 0.4268 0.1934 0.0195 0.0352
0 0.5186 0.1589 0.0254 0.0365
0 0.5552 0.1087 0.0186 0.0326
0 0.5337 0.0645 0.0205 0.0299
0 0.4595 0.0299 0.0146 0.0234
0 0.2344 0.2077 0.0156 0.0273
0 0.6338 0.2188 0.0137 0.0208
0 0.6343 0.2721 0.0186 0.0312
0 0.5615 0.263 0.0195 0.0286
0 0.4985 0.1992 0.0205 0.0312
0 0.728 0.1836 0.0205 0.0312
0 0.6016 0.0664 0.0176 0.0286
0 0.7622 0.1478 0.0186 0.0326
0 0.7983 0.1081 0.0186 0.0286
0 0.7812 0.1966 0.0195 0.0312
0 0.7534 0.2585 0.0205 0.0378
0 0.1401 0.1094 0.0146 0.026
0 0.1304 0.1484 0.0166 0.0339
0 0.0659 0.1152 0.0166 0.0299
0 0.064 0.1615 0.0166 0.0286
0 0.0127 0.1126 0.0156 0.0247
0 0.0474 0.0273 0.0186 0.026
0 0.1006 0.0319 0.0176 0.0195
0 0.1572 0.0247 0.0176 0.0286
0 0.186 0.1491 0.0166 0.0247
0 0.2021 0.1517 0.0176 0.0299
0 0.1475 0.2031 0.0176 0.0312
0 0.0864 0.209 0.0186 0.0299
0 0.0293 0.2044 0.0176 0.0312
0 0.02 0.276 0.0166 0.0312
0 0.2769 0.0247 0.0166 0.0312
0 0.2944 0.0762 0.0166 0.0273
0 0.248 0.1484 0.0176 0.0286
0 0.3042 0.1087 0.0166 0.0273
0 0.3345 0.1582 0.0166 0.0326
0 0.8569 0.099 0.0166 0.0286
0 0.8569 0.1452 0.0205 0.0352
0 0.8271 0.0781 0.0137 0.0156
0 0.5742 0.0234 0.0176 0.0208
0 0.96 0.0612 0.0195 0.0286
0 0.9111 0.0977 0.0195 0.0339
0 0.98 0.153 0.0205 0.0326
0 0.9312 0.2038 0.0205 0.0352
0 0.8701 0.2083 0.0156 0.0312
0 0.8633 0.0137 0.0195 0.0247
0 0.9189 0.0124 0.0176 0.0247
0 0.9946 0.0176 0.0088 0.0299
0 0.5293 0.2689 0.0391 0.0508
0 0.1602 0.3919 0.0273 0.0391
