0 0.8579 0.603 0.0303 0.0451
0 0.748 0.603 0.0273 0.0427
0 0.6338 0.6061 0.0293 0.0317
0 0.5303 0.6677 0.0352 0.0573
0 0.436 0.6402 0.0303 0.0439
0 0.3525 0.6482 0.0312 0.0476
0 0.2607 0.6524 0.0312 0.0512
0 0.9111 0.472 0.0273 0.0439
0 0.8115 0.4683 0.0273 0.0463
0 0.7227 0.4579 0.0273 0.0476
0 0.6265 0.4689 0.0264 0.0378
0 0.5278 0.4585 0.0264 0.0488
0 0.4111 0.4683 0.0273 0.0415
0 0.3145 0.4634 0.0273 0.0415
0 0.249 0.4738 0.0273 0.0402
0 0.1675 0.4549 0.0283 0.0463
0 0.085 0.4707 0.0312 0.0512
