0 0.8374 0.4041 0.042 0.0791
0 0.8037 0.3082 0.0371 0.0717
0 0.8394 0.1676 0.0361 0.0747
0 0.7441 0.3799 0.041 0.0893
0 0.6514 0.3067 0.041 0.063
0 0.6143 0.4019 0.043 0.0776
0 0.5654 0.2599 0.0449 0.0776
0 0.8711 0.1362 0.0156 0.0351
0 0.9902 0.1274 0.0176 0.0469
0 0.7329 0.172 0.0361 0.0688
0 0.603 0.09 0.0381 0.0776
0 0.4961 0.3785 0.0391 0.0835
0 0.4546 0.4026 0.042 0.0761
0 0.4185 0.2958 0.04 0.0732
0 0.3516 0.3302 0.0449 0.0805
0 0.3193 0.2225 0.0391 0.0703
0 0.2764 0.3829 0.043 0.0835
0 0.2578 0.2848 0.041 0.0805
0 0.3799 0.0805 0.0449 0.0908
0 0.1543 0.2592 0.0352 0.0732
0 0.1177 0.3038 0.042 0.0659
0 0.0732 0.3939 0.0527 0.0996
0 0.1035 0.4143 0.0371 0.0878
0 0.1401 0.3594 0.0439 0.0717
0 0.3496 0.6215 0.043 0.0805
