0 0.1133 0.0354 0.0176 0.0354
0 0.0752 0.0347 0.0195 0.031
0 0.043 0.0317 0.0176 0.031
0 0.0127 0.0656 0.0176 0.0339
0 0.1582 0.0524 0.0176 0.031
0 0.2017 0.056 0.0166 0.0265
0 0.2329 0.0944 0.0127 0.0236
0 0.2441 0.0575 0.0098 0.0265
0 0.2524 0.0369 0.0127 0.0236
0 0.3193 0.0494 0.0117 0.0221
0 0.2842 0.0509 0.0117 0.0192
0 0.333 0.0524 0.0098 0.0162
0 0.4863 0.0457 0.0117 0.0206
0 0.4409 0.0656 0.0107 0.0192
0 0.4038 0.0723 0.0107 0.0206
0 0.3701 0.0428 0.0117 0.0177
0 0.4961 0.0664 0.0098 0.0147
