0 0.3018 0.1145 0.0137 0.0376
0 0.2295 0.1137 0.0215 0.0462
0 0.1431 0.0863 0.0186 0.0393
0 0.1255 0.094 0.0186 0.0274
0 0.123 0.1231 0.0273 0.041
0 0.1948 0.1137 0.0127 0.0291
0 0.4014 0.1359 0.0098 0.0188
0 0.418 0.1222 0.0137 0.0325
0 0.4722 0.1436 0.0088 0.0239
0 0.4863 0.1692 0.0078 0.0171
0 0.5103 0.1299 0.0088 0.0205
0 0.5664 0.1248 0.0156 0.041
0 0.7041 0.2744 0.0312 0.094
0 0.6289 0.1453 0.0137 0.0342
0 0.7202 0.1615 0.0166 0.0291
0 0.5933 0.1402 0.0088 0.0205
0 0.6514 0.1513 0.0078 0.0188
0 0.7617 0.165 0.0137 0.0291
0 0.8662 0.1735 0.0156 0.0393
0 0.9438 0.1607 0.0205 0.0479
