0 0.1504 0.6001 0.0352 0.0537
0 0.2739 0.5737 0.0303 0.0439
0 0.2305 0.5615 0.0176 0.0195
0 0.1934 0.5693 0.0156 0.0254
0 0.0571 0.5522 0.0205 0.0303
0 0.3589 0.5576 0.0225 0.0293
0 0.3413 0.5703 0.0146 0.0254
0 0.3291 0.562 0.0137 0.0205
0 0.3203 0.5791 0.0156 0.0176
0 0.3799 0.5337 0.0332 0.04
0 0.1421 0.5542 0.0146 0.0186
0 0.813 0.8687 0.0576 0.0322
0 0.7593 0.8838 0.0166 0.0273
0 0.7349 0.9233 0.0205 0.0244
0 0.7041 0.8423 0.0176 0.0244
0 0.6304 0.8809 0.0264 0.0332
0 0.521 0.915 0.0264 0.0293
0 0.5869 0.8809 0.0176 0.0195
0 0.5625 0.7646 0.0137 0.0156
0 0.6494 0.8311 0.0098 0.0156
0 0.8584 0.7642 0.0117 0.0127
0 0.8843 0.7715 0.0107 0.0117
0 0.8809 0.75 0.0078 0.0137
0 0.6309 0.7305 0.0098 0.0098
