0 0.2212 0.1598 0.0107 0.0122
0 0.3052 0.1823 0.0107 0.0134
0 0.1089 0.1061 0.0107 0.0195
0 0.125 0.1476 0.0117 0.0195
0 0.0698 0.1823 0.0107 0.0207
0 0.0591 0.1463 0.0127 0.0195
0 0.1943 0.1335 0.0117 0.0232
0 0.166 0.0994 0.0117 0.0183
0 0.2603 0.1707 0.0146 0.0195
0 0.3345 0.1738 0.0146 0.0207
0 0.3394 0.136 0.0127 0.0207
0 0.3101 0.0988 0.0088 0.0146
0 0.3687 0.1348 0.0146 0.0232
0 0.3926 0.1628 0.0137 0.0207
0 0.4414 0.1506 0.0137 0.0207
0 0.4316 0.1817 0.0137 0.022
0 0.4673 0.1866 0.0127 0.0244
0 0.353 0.0409 0.0127 0.0183
0 0.3994 0.0396 0.0156 0.0207
0 0.4854 0.1335 0.0098 0.0207
0 0.5239 0.1409 0.0127 0.0256
0 0.5537 0.1768 0.0156 0.0268
0 0.5996 0.1402 0.0117 0.0195
0 0.6309 0.1299 0.0137 0.0232
0 0.6724 0.1189 0.0127 0.0207
0 0.6699 0.15 0.0117 0.022
0 0.6431 0.1811 0.0146 0.0256
0 0.6011 0.1823 0.0146 0.0256
0 0.6567 0.0866 0.0127 0.022
0 0.7109 0.1128 0.0176 0.0256
0 0.7158 0.153 0.0176 0.0256
0 0.7627 0.1189 0.0176 0.0305
0 0.6943 0.0787 0.0117 0.0159
0 0.7319 0.072 0.0127 0.022
0 0.6826 0.1957 0.0137 0.0232
0 0.7178 0.1878 0.0137 0.0244
0 0.9458 0.1348 0.0146 0.028
0 0.9658 0.2018 0.0195 0.0378
0 0.1797 0.0677 0.0098 0.0159
0 0.813 0.1835 0.0166 0.0354
0 0.8594 0.1872 0.0176 0.0329
0 0.8442 0.1238 0.0146 0.0256
0 0.8008 0.1372 0.0137 0.028
0 0.9111 0.1976 0.0156 0.0317
0 0.9189 0.064 0.0137 0.0256
0 0.8174 0.0152 0.0137 0.0256
0 0.3779 0.1799 0.0117 0.0207
0 0.4297 0.1128 0.0117 0.0183
0 0.875 0.1354 0.0137 0.0268
0 0.8608 0.0835 0.0146 0.028
