0 0.1577 0.2708 0.0186 0.0258
0 0.209 0.2708 0.0156 0.0258
0 0.2422 0.0533 0.0176 0.0293
0 0.4116 0.0205 0.0166 0.0223
0 0.5044 0.0604 0.0146 0.0223
0 0.5562 0.1958 0.0186 0.0305
0 0.7144 0.2016 0.0186 0.0281
0 0.8032 0.0557 0.0166 0.027
0 0.6343 0.1008 0.0146 0.0211
0 0.4614 0.6524 0.0225 0.0293
0 0.6831 0.7409 0.0205 0.0281
0 0.6885 0.5967 0.0176 0.0258
0 0.3936 0.4906 0.0176 0.0199
0 0.9653 0.3634 0.0107 0.0188
0 0.9775 0.3628 0.0117 0.0199
0 0.5879 0.0106 0.0156 0.0211
0 0.7261 0.1395 0.0127 0.0188
