0 0.0649 0.4095 0.0107 0.0195
0 0.2729 0.4167 0.0088 0.013
0 0.2202 0.3776 0.0068 0.0104
0 0.8281 0.3991 0.0059 0.0117
0 0.1621 0.1549 0.0234 0.0339
0 0.4941 0.1283 0.0254 0.043
0 0.5684 0.4134 0.0098 0.0169
0 0.5903 0.3939 0.0088 0.0143
0 0.5679 0.3757 0.0068 0.0117
0 0.6235 0.3893 0.0088 0.0156
0 0.771 0.4238 0.0088 0.0143
0 0.8164 0.4141 0.0117 0.0182
0 0.752 0.4004 0.0098 0.0143
0 0.7759 0.4004 0.0088 0.0143
0 0.7261 0.3971 0.0088 0.013
0 0.8418 0.4069 0.0098 0.0143
0 0.0454 0.4199 0.0146 0.0273
0 0.0913 0.4036 0.0107 0.0208
0 0.1875 0.3639 0.0059 0.0117
0 0.1685 0.3587 0.0068 0.0117
0 0.1499 0.3633 0.0068 0.013
0 0.2104 0.3867 0.0088 0.0156
0 0.2383 0.3906 0.0059 0.0104
0 0.228 0.3646 0.0068 0.013
0 0.3179 0.4017 0.0088 0.0143
0 0.3765 0.4076 0.0107 0.0156
0 0.4043 0.4004 0.0098 0.0169
0 0.4204 0.4193 0.0088 0.013
0 0.4453 0.4062 0.0098 0.0182
0 0.4736 0.4076 0.0117 0.0182
0 0.4863 0.3984 0.0098 0.0156
0 0.5327 0.4017 0.0107 0.0169
0 0.4634 0.3971 0.0088 0.0182
0 0.4653 0.3854 0.0068 0.0104
0 0.6763 0.3828 0.0049 0.0078
0 0.6777 0.3978 0.0098 0.0117
0 0.7207 0.3802 0.0059 0.0104
0 0.7173 0.3906 0.0049 0.0078
0 0.8789 0.4062 0.0078 0.0104
0 0.9014 0.3711 0.0078 0.013
0 0.8491 0.3874 0.0068 0.0117
