0 0.1318 0.1034 0.0371 0.0533
0 0.3291 0.0624 0.0312 0.0546
0 0.2563 0.0442 0.0322 0.0572
0 0.0645 0.0416 0.0352 0.0546
0 0.5083 0.1378 0.0342 0.0572
0 0.5757 0.132 0.04 0.0663
0 0.502 0.4538 0.0723 0.143
0 0.6338 0.1014 0.0312 0.0494
0 0.6992 0.1508 0.0332 0.0364
0 0.6987 0.2295 0.0361 0.0481
0 0.8022 0.2523 0.0283 0.0572
0 0.7295 0.0826 0.0312 0.0455
0 0.5376 0.0878 0.0244 0.0403
0 0.7827 0.1443 0.0303 0.0468
0 0.8188 0.1554 0.0322 0.0689
0 0.8721 0.1463 0.0293 0.0429
0 0.9126 0.1281 0.0244 0.0585
0 0.9468 0.173 0.042 0.0702
