0 0.6016 0.752 0.0234 0.0176
0 0.29 0.7422 0.0234 0.0189
0 0.1709 0.7224 0.0195 0.0156
0 0.4058 0.7793 0.0283 0.0163
0 0.1211 0.6801 0.0137 0.0117
0 0.3271 0.672 0.0098 0.0085
0 0.3726 0.684 0.0107 0.0091
0 0.3687 0.6619 0.0068 0.0065
0 0.2402 0.6739 0.0117 0.0098
0 0.4668 0.6658 0.0098 0.0091
0 0.0513 0.7269 0.0225 0.0143
0 0.0303 0.6599 0.0117 0.0091
0 0.5688 0.6817 0.0127 0.0098
0 0.7246 0.6951 0.0117 0.0104
0 0.6514 0.6993 0.0117 0.0098
0 0.8696 0.6804 0.0107 0.0098
0 0.8896 0.6746 0.0117 0.0085
0 0.6025 0.6447 0.0098 0.0072
