0 0.0518 0.4232 0.0156 0.0234
0 0.0479 0.4779 0.0156 0.026
0 0.0234 0.5299 0.0234 0.0417
0 0.0898 0.502 0.0215 0.043
0 0.1489 0.4766 0.0107 0.0234
0 0.1997 0.4258 0.0088 0.013
0 0.1899 0.5326 0.0146 0.0443
0 0.2388 0.4844 0.0166 0.0286
0 0.2891 0.4746 0.0078 0.0169
0 0.2734 0.4727 0.0137 0.0234
0 0.2778 0.5254 0.0186 0.0482
0 0.3071 0.5215 0.0146 0.0352
0 0.2476 0.4727 0.0088 0.0156
0 0.3687 0.5007 0.0166 0.0299
0 0.4287 0.4688 0.0176 0.0312
0 0.4707 0.5391 0.0215 0.0234
0 0.5127 0.5 0.0098 0.0208
0 0.4048 0.4883 0.0088 0.0156
0 0.3628 0.4609 0.0068 0.013
0 0.4946 0.418 0.0049 0.0104
0 0.4766 0.457 0.0059 0.0104
0 0.5078 0.4674 0.0059 0.013
0 0.5044 0.4714 0.0068 0.013
0 0.543 0.4759 0.0059 0.0143
0 0.5474 0.4564 0.0068 0.0091
0 0.5557 0.4232 0.0059 0.0104
0 0.5063 0.4232 0.0049 0.0078
0 0.5713 0.4297 0.0039 0.0078
0 0.6001 0.4303 0.0049 0.0091
0 0.6108 0.4368 0.0049 0.0091
0 0.6328 0.4342 0.0039 0.0091
0 0.6606 0.4609 0.0068 0.0104
0 0.6499 0.4551 0.0068 0.0117
0 0.6523 0.4811 0.0098 0.0169
0 0.6235 0.4818 0.0127 0.0234
0 0.5952 0.4772 0.0107 0.0169
0 0.5571 0.4779 0.0107 0.0182
0 0.5229 0.4818 0.0107 0.0156
0 0.6709 0.4336 0.0059 0.0104
0 0.6772 0.4714 0.0088 0.013
0 0.6924 0.472 0.0078 0.0117
0 0.7021 0.4642 0.0078 0.0091
0 0.7163 0.4759 0.0049 0.0117
0 0.731 0.4733 0.0088 0.0143
0 0.7671 0.4596 0.0088 0.0156
0 0.7856 0.4779 0.0088 0.0156
0 0.7954 0.4714 0.0088 0.013
0 0.8872 0.3294 0.0146 0.0312
0 0.9536 0.4655 0.0088 0.0117
0 0.3452 0.4876 0.0146 0.0247
0 0.4658 0.4661 0.0098 0.0208
0 0.1738 0.5 0.0137 0.026
