0 0.1494 0.4289 0.0195 0.0502
0 0.1548 0.3849 0.0205 0.0335
0 0.187 0.4446 0.0244 0.0649
0 0.2266 0.4446 0.0156 0.0481
0 0.2173 0.4582 0.0166 0.0502
0 0.2725 0.4268 0.0195 0.0586
0 0.3081 0.454 0.0107 0.0293
0 0.3281 0.4906 0.0156 0.0314
0 0.3403 0.4487 0.0186 0.0523
0 0.4517 0.4634 0.0205 0.0523
0 0.4722 0.4854 0.0146 0.0335
0 0.4873 0.4895 0.0117 0.0377
0 0.501 0.4937 0.0176 0.0586
0 0.5234 0.4937 0.0176 0.0418
0 0.5259 0.523 0.0127 0.046
0 0.5767 0.5366 0.0127 0.0439
0 0.6255 0.5052 0.0088 0.0188
0 0.6382 0.4958 0.0107 0.0251
0 0.6313 0.5303 0.0146 0.0356
0 0.6416 0.5157 0.0117 0.0481
0 0.6274 0.5408 0.0107 0.0314
0 0.6738 0.5785 0.0117 0.0397
0 0.6719 0.5366 0.0117 0.023
0 0.6924 0.5167 0.0137 0.0502
0 0.7329 0.5764 0.0166 0.0439
0 0.7437 0.5335 0.0107 0.0335
0 0.6787 0.5523 0.0117 0.0335
0 0.7358 0.4686 0.0068 0.0209
0 0.7803 0.5533 0.0117 0.023
0 0.7993 0.5596 0.0107 0.0272
0 0.769 0.5397 0.0088 0.0167
0 0.7539 0.455 0.0078 0.0188
0 0.7534 0.478 0.0088 0.023
0 0.7261 0.5356 0.0088 0.0209
0 0.7334 0.5188 0.0078 0.0209
0 0.8872 0.5523 0.0068 0.0167
0 0.8853 0.5073 0.0088 0.0188
0 0.9204 0.5408 0.0088 0.023
0 0.8936 0.4665 0.0078 0.0251
0 0.9058 0.4738 0.0068 0.0188
0 0.9702 0.5188 0.0107 0.0209
0 0.9653 0.4969 0.0088 0.0188
0 0.9771 0.4603 0.0088 0.0209
0 0.9937 0.4822 0.0068 0.0272
0 0.9302 0.4634 0.0088 0.0188
0 0.9492 0.4697 0.0078 0.0188
0 0.9404 0.5178 0.0078 0.0188
0 0.9277 0.4885 0.0059 0.0146
0 0.9336 0.5816 0.0059 0.0209
0 0.8896 0.5188 0.0078 0.0251
0 0.897 0.4958 0.0068 0.0167
0 0.8979 0.5188 0.0068 0.0167
0 0.8945 0.5397 0.0078 0.0251
0 0.9199 0.4895 0.0059 0.0167
0 0.9116 0.501 0.0068 0.0105
0 0.9062 0.5262 0.0059 0.0146
0 0.7222 0.4111 0.0088 0.0146
0 0.7397 0.4132 0.0088 0.0188
0 0.6987 0.3818 0.0068 0.0146
0 0.6787 0.3818 0.0078 0.0146
0 0.6494 0.4686 0.0078 0.0167
0 0.6709 0.4257 0.0078 0.0188
0 0.6421 0.3818 0.0068 0.0146
0 0.6714 0.4718 0.0068 0.0146
0 0.6377 0.4435 0.0078 0.0167
0 0.6567 0.4226 0.0068 0.0251
0 0.6333 0.3776 0.0068 0.0105
0 0.6211 0.4582 0.0098 0.0251
0 0.6006 0.4644 0.0078 0.0209
0 0.626 0.3787 0.0059 0.0126
0 0.6006 0.3536 0.0078 0.0167
0 0.5811 0.3577 0.0078 0.0167
0 0.5742 0.4132 0.0078 0.0188
0 0.5513 0.364 0.0049 0.0126
0 0.5532 0.4079 0.0107 0.0167
0 0.5151 0.3295 0.0068 0.0146
0 0.5293 0.3013 0.0059 0.0126
0 0.4937 0.3253 0.0049 0.0146
0 0.502 0.4268 0.0078 0.0167
0 0.4663 0.3107 0.0068 0.0188
0 0.4775 0.3128 0.0059 0.0188
0 0.4468 0.2939 0.0068 0.0146
0 0.4399 0.2856 0.0049 0.0146
0 0.4346 0.2835 0.0059 0.0105
0 0.4312 0.319 0.0049 0.0146
0 0.4927 0.2918 0.0049 0.0105
0 0.4106 0.2709 0.0049 0.0105
0 0.3872 0.2793 0.0088 0.0188
0 0.4048 0.3054 0.0088 0.0167
0 0.3848 0.2448 0.0059 0.0209
0 0.4019 0.2626 0.0068 0.0188
0 0.3477 0.273 0.0078 0.0188
0 0.3652 0.3096 0.0078 0.0209
0 0.4019 0.3745 0.0068 0.0167
0 0.3462 0.2354 0.0068 0.0146
0 0.3618 0.2312 0.0068 0.0105
0 0.3379 0.2322 0.0078 0.0209
0 0.3193 0.1872 0.0078 0.0188
0 0.3032 0.1987 0.0068 0.0167
0 0.312 0.1935 0.0068 0.0188
0 0.2925 0.2207 0.0068 0.0146
0 0.2866 0.1789 0.0068 0.0105
0 0.2734 0.1642 0.0098 0.0188
0 0.2617 0.2186 0.0078 0.0188
0 0.2554 0.1705 0.0068 0.0146
0 0.2354 0.181 0.0078 0.0188
0 0.2471 0.205 0.0059 0.0167
0 0.2227 0.1548 0.0078 0.0167
0 0.2036 0.1569 0.0068 0.0209
0 0.1919 0.1506 0.0068 0.0126
0 0.1724 0.1496 0.0068 0.0105
0 0.1685 0.1925 0.0068 0.0167
0 0.1748 0.1726 0.0078 0.0146
0 0.1821 0.1695 0.0068 0.0126
0 0.1772 0.1946 0.0068 0.0209
0 0.1372 0.1412 0.0049 0.0188
0 0.1489 0.1653 0.0068 0.0126
0 0.2622 0.2427 0.0088 0.0167
0 0.8325 0.3483 0.0283 0.09
