0 0.9795 0.5984 0.0137 0.0228
0 0.9634 0.6217 0.0146 0.0239
0 0.9448 0.6451 0.0186 0.0296
0 0.9185 0.5279 0.0166 0.0228
0 0.8994 0.5415 0.0176 0.0182
0 0.8037 0.4676 0.0156 0.0159
0 0.8462 0.57 0.0146 0.0228
0 0.8335 0.5848 0.0186 0.025
0 0.8306 0.6115 0.0186 0.0239
0 0.7944 0.6268 0.0186 0.025
0 0.6841 0.4562 0.0127 0.0182
0 0.5596 0.4477 0.0156 0.0171
0 0.5522 0.6837 0.0205 0.025
0 0.3843 0.6399 0.0225 0.0307
0 0.4604 0.4403 0.0127 0.0182
0 0.3652 0.4391 0.0137 0.0205
0 0.29 0.4329 0.0117 0.0171
0 0.2402 0.6206 0.0215 0.0262
0 0.1084 0.6092 0.0215 0.0216
0 0.2056 0.438 0.0146 0.0159
0 0.1904 0.4249 0.0137 0.0148
0 0.1846 0.4573 0.0137 0.0182
0 0.1509 0.4642 0.0127 0.0182
0 0.1357 0.4431 0.0156 0.0148
0 0.0981 0.446 0.0146 0.0182
0 0.1177 0.4164 0.0146 0.0182
0 0.1172 0.4761 0.0137 0.0216
0 0.0771 0.4863 0.0176 0.0193
0 0.0503 0.4937 0.0166 0.0205
0 0.0605 0.4551 0.0156 0.0228
0 0.0483 0.4107 0.0146 0.0159
0 0.0825 0.3834 0.0127 0.0159
0 0.0249 0.4647 0.0127 0.0193
0 0.7153 0.6689 0.0244 0.0387
0 0.0176 0.5011 0.0156 0.0216
0 0.0098 0.4352 0.0137 0.0193
