0 0.0415 0.1058 0.0322 0.0725
0 0.2021 0.0739 0.1016 0.1107
0 0.4712 0.0715 0.1416 0.141
0 0.6289 0.2047 0.0723 0.0803
0 0.4927 0.4163 0.0908 0.1332
0 0.814 0.2782 0.0752 0.0607
0 0.8276 0.4824 0.1221 0.1616
0 0.9727 0.6415 0.0195 0.0411
0 0.9028 0.6298 0.0322 0.0392
0 0.9302 0.7258 0.0537 0.0725
0 0.8481 0.6881 0.0342 0.0382
0 0.7871 0.7169 0.0195 0.0313
0 0.6235 0.6949 0.0244 0.046
0 0.2485 0.6983 0.0283 0.049
0 0.3633 0.7189 0.0293 0.0431
0 0.5034 0.691 0.0264 0.0441
0 0.4111 0.5206 0.0098 0.0167
