0 0.0654 0.257 0.0215 0.0495
0 0.0869 0.3646 0.0254 0.0418
0 0.0884 0.1974 0.0225 0.0325
0 0.1499 0.1904 0.0205 0.0433
0 0.2095 0.1548 0.0225 0.0372
0 0.2798 0.1401 0.0186 0.0325
0 0.293 0.1293 0.0156 0.0325
0 0.3086 0.1176 0.0117 0.0248
0 0.2505 0.2748 0.0225 0.0418
0 0.23 0.3235 0.0303 0.0526
0 0.3037 0.2918 0.0234 0.0449
0 0.3081 0.25 0.0146 0.0356
0 0.3521 0.1022 0.0127 0.031
0 0.3638 0.0991 0.0107 0.0248
0 0.377 0.1115 0.0137 0.0372
0 0.4434 0.0875 0.0137 0.0263
0 0.4053 0.0921 0.0098 0.0201
0 0.4858 0.0944 0.0146 0.031
0 0.52 0.0766 0.0205 0.048
0 0.5459 0.0844 0.0137 0.0387
0 0.5542 0.1184 0.0186 0.0294
0 0.3994 0.2515 0.0195 0.048
0 0.3662 0.2632 0.0254 0.0402
0 0.4644 0.274 0.0225 0.0526
0 0.6108 0.0743 0.0127 0.0248
0 0.6543 0.0743 0.0156 0.0619
0 0.6836 0.0573 0.0176 0.0402
0 0.7349 0.0596 0.0146 0.0356
0 0.8213 0.0588 0.0215 0.0433
0 0.8779 0.1022 0.0117 0.0341
0 0.9287 0.0828 0.0391 0.0728
0 0.2959 0.3932 0.0332 0.0588
0 0.3657 0.3731 0.0322 0.0681
0 0.4199 0.3297 0.0254 0.0526
0 0.1855 0.411 0.0254 0.0759
0 0.0405 0.1695 0.0146 0.0325
0 0.0063 0.2105 0.0146 0.0433
0 0.0156 0.3676 0.0273 0.0511
0 0.2515 0.1579 0.0107 0.0248
