0 0.8433 0.6566 0.0889 0.1544
0 0.8398 0.4691 0.0586 0.0912
0 0.9585 0.4816 0.0635 0.0985
0 0.9854 0.5684 0.0273 0.1132
0 0.9429 0.4404 0.04 0.0838
0 0.8867 0.4419 0.0156 0.0426
0 0.748 0.4618 0.0449 0.0765
0 0.6816 0.4956 0.0625 0.0912
0 0.5732 0.5765 0.0703 0.1088
0 0.4238 0.6882 0.0879 0.1412
0 0.2974 0.3721 0.0693 0.1176
0 0.3809 0.386 0.0234 0.0397
0 0.0337 0.5684 0.0439 0.0809
0 0.1299 0.5588 0.0469 0.0735
0 0.2266 0.3963 0.0176 0.0309
0 0.1943 0.4154 0.0176 0.0279
0 0.0757 0.4544 0.0244 0.0382
0 0.0898 0.4397 0.0137 0.0265
0 0.106 0.4544 0.0186 0.0353
0 0.0327 0.4434 0.0205 0.0309
0 0.1304 0.4471 0.0166 0.0324
0 0.3271 0.4191 0.0293 0.0471
0 0.0752 0.4125 0.0156 0.0279
