0 0.0942 0.3108 0.0557 0.0975
0 0.1523 0.2722 0.0488 0.0961
0 0.1812 0.2314 0.04 0.0815
0 0.2061 0.2584 0.0273 0.0539
0 0.2554 0.2504 0.0244 0.0582
0 0.3096 0.2314 0.0664 0.1106
0 0.4141 0.2569 0.0273 0.0539
0 0.4668 0.294 0.0488 0.0873
0 0.4829 0.2045 0.0439 0.0801
0 0.561 0.2438 0.0361 0.0684
0 0.5674 0.19 0.0469 0.0801
0 0.6855 0.2293 0.0312 0.0568
0 0.7417 0.1645 0.0459 0.0932
0 0.7925 0.2118 0.0381 0.0713
0 0.8398 0.2263 0.0352 0.0597
0 0.834 0.1623 0.0254 0.0393
0 0.9258 0.1696 0.0293 0.0713
0 0.9492 0.1608 0.0508 0.0888
0 0.9917 0.1579 0.0146 0.0568
0 0.0601 0.278 0.0537 0.0844
