0 0.0693 0.5234 0.0371 0.0625
0 0.1909 0.5215 0.0342 0.0638
0 0.2188 0.5 0.0137 0.0286
0 0.3193 0.5091 0.0195 0.0365
0 0.3521 0.5085 0.0146 0.0247
0 0.3892 0.5143 0.0127 0.0208
0 0.4165 0.502 0.0107 0.0195
0 0.4463 0.5234 0.0156 0.0286
0 0.4604 0.4941 0.0088 0.0169
0 0.4531 0.5013 0.0078 0.013
0 0.4839 0.502 0.0088 0.0117
0 0.5073 0.502 0.0088 0.0221
0 0.519 0.4974 0.0088 0.0156
0 0.5352 0.5117 0.0156 0.0208
0 0.5454 0.5 0.0107 0.0208
0 0.5649 0.5007 0.0088 0.0143
0 0.5845 0.5059 0.0088 0.0143
0 0.6123 0.4993 0.0098 0.0169
