0 0.2412 0.5526 0.041 0.0914
0 0.3149 0.4169 0.0303 0.0637
0 0.2852 0.3123 0.0273 0.0568
0 0.1895 0.2147 0.0254 0.0443
0 0.271 0.2029 0.0205 0.0346
0 0.0957 0.1981 0.0254 0.0471
0 0.0107 0.2999 0.0215 0.0679
0 0.0566 0.2569 0.0273 0.0485
0 0.1113 0.2154 0.0195 0.0429
0 0.3608 0.2368 0.0205 0.0443
0 0.4082 0.2313 0.0176 0.0388
0 0.4731 0.2472 0.0225 0.0402
0 0.5386 0.2548 0.0225 0.0388
0 0.5581 0.2569 0.0146 0.0291
0 0.4761 0.4543 0.0146 0.0222
0 0.4932 0.41 0.0195 0.0166
0 0.5278 0.4446 0.0225 0.0526
0 0.5508 0.4474 0.0234 0.0471
0 0.6104 0.4681 0.0195 0.0416
0 0.6333 0.4896 0.0166 0.0457
0 0.689 0.4958 0.0186 0.0554
0 0.6426 0.2535 0.0254 0.0443
0 0.6924 0.2839 0.0234 0.0471
0 0.731 0.2175 0.0225 0.0443
0 0.7637 0.2445 0.0312 0.0596
0 0.792 0.2355 0.0215 0.036
0 0.8218 0.2611 0.0361 0.0623
0 0.8525 0.2479 0.0273 0.0222
0 0.8359 0.2119 0.0176 0.0332
0 0.8633 0.1683 0.0176 0.0319
0 0.8721 0.1323 0.0137 0.0263
0 0.9438 0.1724 0.0166 0.0319
0 0.9604 0.1863 0.0127 0.018
0 0.9116 0.286 0.0264 0.0568
0 0.9546 0.2735 0.0381 0.0789
