0 0.9775 0.1523 0.0254 0.0489
0 0.854 0.1717 0.0459 0.0819
0 0.8198 0.2945 0.042 0.0546
0 0.7183 0.13 0.0225 0.056
0 0.6846 0.153 0.0293 0.056
0 0.6143 0.0927 0.0371 0.0647
0 0.7217 0.2874 0.0371 0.0546
0 0.6104 0.2665 0.041 0.0647
0 0.563 0.1286 0.0225 0.0503
0 0.4595 0.1911 0.0342 0.0747
0 0.4023 0.1422 0.041 0.0776
0 0.3823 0.1336 0.0381 0.0718
0 0.3652 0.2306 0.0391 0.0733
0 0.5537 0.3082 0.041 0.0647
0 0.1118 0.1954 0.042 0.0805
0 0.2158 0.176 0.0449 0.0934
0 0.2651 0.1415 0.04 0.0761
0 0.8003 0.5 0.0225 0.0316
