0 0.0342 0.4041 0.0195 0.0381
0 0.0737 0.3946 0.0205 0.0307
0 0.1074 0.4019 0.0195 0.0307
0 0.1465 0.3865 0.0195 0.0293
0 0.1714 0.3785 0.0283 0.0571
0 0.2119 0.4034 0.0156 0.0337
0 0.2417 0.377 0.0205 0.0366
0 0.0068 0.3763 0.0078 0.0176
0 0.2632 0.3931 0.0146 0.0249
0 0.2822 0.3946 0.0215 0.0395
0 0.3301 0.3953 0.0156 0.0351
0 0.3496 0.3865 0.0215 0.041
0 0.4722 0.3873 0.0225 0.0483
0 0.5039 0.3931 0.0195 0.0366
0 0.5278 0.3953 0.0205 0.041
0 0.4902 0.3917 0.0117 0.0337
0 0.5513 0.4092 0.0146 0.0278
0 0.5728 0.3946 0.0146 0.0249
0 0.5757 0.3763 0.0127 0.0205
0 0.6035 0.3719 0.0234 0.0469
0 0.6284 0.3982 0.0205 0.0381
0 0.6509 0.3836 0.0186 0.0322
0 0.6626 0.3975 0.0186 0.0395
0 0.7139 0.4143 0.0156 0.0293
0 0.7266 0.407 0.0137 0.0293
0 0.7749 0.3873 0.0146 0.0307
0 0.8052 0.396 0.0146 0.0307
0 0.8193 0.3997 0.0156 0.0293
0 0.8447 0.3975 0.0156 0.0278
