0 0.0142 0.0293 0.0283 0.0615
0 0.0981 0.0315 0.0342 0.06
0 0.2124 0.0476 0.0244 0.063
0 0.0034 0.0878 0.0088 0.0586
0 0.0562 0.1318 0.0361 0.0556
0 0.2949 0.1662 0.0312 0.0571
0 0.373 0.1442 0.0352 0.0776
0 0.2778 0.3038 0.0361 0.0688
0 0.1152 0.3697 0.041 0.0805
0 0.2227 0.3917 0.0332 0.0659
0 0.3843 0.2709 0.0322 0.0673
0 0.4902 0.2533 0.0371 0.0732
0 0.4653 0.3821 0.0361 0.0644
0 0.5317 0.4707 0.04 0.0747
0 0.5112 0.4671 0.0342 0.0644
0 0.4507 0.4956 0.0342 0.0688
0 0.354 0.4341 0.0381 0.0747
0 0.1938 0.4861 0.0342 0.0761
0 0.0889 0.4912 0.0391 0.0922
0 0.0557 0.5981 0.041 0.0688
0 0.1602 0.6076 0.0371 0.0673
0 0.0205 0.746 0.0293 0.0864
0 0.2529 0.7277 0.0371 0.082
0 0.3809 0.7511 0.0391 0.0732
0 0.6279 0.5007 0.0352 0.0703
0 0.6514 0.6113 0.0391 0.0835
0 0.6577 0.7313 0.0322 0.0542
0 0.7061 0.172 0.0352 0.0688
0 0.8135 0.1581 0.0312 0.0673
0 0.9292 0.0403 0.0381 0.0483
0 0.9399 0.1501 0.0381 0.0659
0 0.9087 0.2526 0.0361 0.0688
0 0.8091 0.254 0.0322 0.0571
0 0.8896 0.4744 0.0352 0.0791
0 0.9727 0.5564 0.0332 0.0644
0 0.9883 0.5842 0.0215 0.0761
0 0.8516 0.7233 0.041 0.0761
0 0.752 0.6142 0.0352 0.0747
0 0.7344 0.7379 0.041 0.0791
0 0.7334 0.869 0.0391 0.0717
0 0.9248 0.8514 0.0391 0.0717
0 0.0171 0.9707 0.0361 0.0527
0 0.1318 0.9173 0.0391 0.063
0 0.2339 0.8953 0.042 0.0659
0 0.3643 0.8953 0.041 0.0747
0 0.4624 0.9019 0.04 0.0673
0 0.6299 0.8865 0.0371 0.0864
0 0.2837 0.0322 0.0303 0.0498
0 0.0864 0.2877 0.0303 0.0571
