0 0.1655 0.3178 0.0283 0.0546
0 0.2231 0.3466 0.0283 0.0531
0 0.292 0.2655 0.0273 0.0531
0 0.3286 0.3385 0.0244 0.0575
0 0.3999 0.2898 0.0264 0.0516
0 0.4712 0.2994 0.0264 0.0472
0 0.2393 0.5457 0.0293 0.0531
0 0.3188 0.5214 0.0303 0.0546
0 0.3862 0.5324 0.0303 0.0501
0 0.5312 0.3046 0.0254 0.0516
0 0.4624 0.5347 0.0283 0.0516
0 0.6045 0.2891 0.0254 0.0442
0 0.665 0.2891 0.0273 0.0501
0 0.7466 0.2596 0.0264 0.0501
0 0.7485 0.3363 0.0303 0.056
0 0.8369 0.3127 0.0273 0.0531
0 0.8813 0.2839 0.0303 0.0546
0 0.5391 0.5369 0.0254 0.0531
0 0.5894 0.5339 0.0264 0.0501
0 0.6523 0.5413 0.0273 0.0501
0 0.7793 0.5398 0.0293 0.0531
0 0.8906 0.5398 0.0332 0.056
