0 0.0229 0.0139 0.0225 0.0308
0 0.124 0.0374 0.0156 0.0337
0 0.1392 0.1906 0.0264 0.044
0 0.1094 0.2713 0.0234 0.0469
0 0.0361 0.2874 0.0234 0.0469
0 0.0088 0.357 0.0195 0.0484
0 0.0054 0.4113 0.0107 0.0455
0 0.3447 0.0051 0.0176 0.0132
0 0.4766 0.0198 0.0215 0.0396
0 0.0601 0.3504 0.0205 0.0381
0 0.0762 0.4245 0.0215 0.0484
0 0.123 0.3563 0.0254 0.0557
0 0.2788 0.1415 0.0264 0.0484
0 0.2378 0.2148 0.0225 0.0425
0 0.2632 0.2771 0.0244 0.0469
0 0.1538 0.4172 0.0264 0.0513
0 0.1943 0.3534 0.0273 0.0469
0 0.2148 0.4501 0.0273 0.0557
0 0.3101 0.2221 0.0205 0.0396
0 0.3208 0.2757 0.0264 0.0499
0 0.335 0.3629 0.0312 0.0689
0 0.2915 0.4736 0.0283 0.0469
0 0.3618 0.2317 0.0244 0.0499
0 0.3652 0.1547 0.0215 0.0396
0 0.4346 0.1503 0.0254 0.0455
0 0.2383 0.1686 0.0176 0.0323
0 0.4282 0.1979 0.0244 0.044
0 0.4795 0.1906 0.0234 0.0469
0 0.4312 0.2969 0.0264 0.0572
0 0.4082 0.368 0.0273 0.0528
0 0.3926 0.4641 0.0293 0.0513
0 0.4766 0.4172 0.0234 0.0425
0 0.4946 0.4831 0.0264 0.0572
0 0.5205 0.0154 0.0273 0.0337
0 0.5112 0.239 0.0205 0.0469
0 0.5557 0.2815 0.0273 0.0411
0 0.5767 0.1694 0.0225 0.0513
0 0.5894 0.2573 0.0244 0.0513
0 0.6538 0.2412 0.0225 0.0513
0 0.6543 0.0425 0.0254 0.044
0 0.6919 0.044 0.0264 0.044
0 0.7163 0.1642 0.0244 0.0528
0 0.7344 0.2691 0.0215 0.0396
0 0.7266 0.324 0.0273 0.0499
0 0.6499 0.3666 0.0244 0.0469
0 0.6221 0.404 0.0254 0.0543
0 0.6821 0.423 0.0303 0.0543
0 0.7524 0.4164 0.0283 0.0528
0 0.7954 0.4304 0.0303 0.0484
0 0.7939 0.3343 0.0273 0.0528
0 0.8062 0.2749 0.0244 0.0484
0 0.7881 0.2001 0.0215 0.0455
0 0.8711 0.324 0.0234 0.0469
0 0.8901 0.2207 0.0264 0.0484
0 0.8257 0.011 0.0225 0.0249
0 0.8999 0.0213 0.0283 0.0425
0 0.9473 0.0279 0.0273 0.0499
0 0.9868 0.0462 0.0244 0.0455
0 0.9858 0.1789 0.0205 0.0469
0 0.9863 0.2793 0.0234 0.0425
0 0.9844 0.3666 0.0273 0.0469
0 0.9263 0.5279 0.0283 0.0499
0 0.9189 0.5916 0.0273 0.0543
0 0.9927 0.6378 0.0127 0.0557
0 0.9263 0.8087 0.0283 0.0513
0 0.7656 0.7133 0.0234 0.0513
0 0.7559 0.8262 0.0312 0.0572
0 0.7007 0.728 0.0303 0.0572
0 0.6704 0.7999 0.0283 0.0543
0 0.5845 0.563 0.0264 0.0499
0 0.5781 0.5103 0.0215 0.0469
0 0.603 0.7331 0.0283 0.0499
0 0.5508 0.7749 0.0312 0.0543
0 0.4639 0.7999 0.0312 0.0572
0 0.5171 0.6745 0.0303 0.0587
0 0.4741 0.5513 0.0303 0.0499
0 0.4575 0.6276 0.0264 0.0616
0 0.4033 0.7449 0.0293 0.0557
0 0.3638 0.6408 0.0244 0.0528
0 0.3315 0.5411 0.0303 0.0528
0 0.3169 0.7537 0.0244 0.0557
0 0.2397 0.7441 0.0283 0.0572
0 0.3135 0.9714 0.0312 0.0484
0 0.2334 0.5308 0.0215 0.044
0 0.1611 0.5455 0.0254 0.0411
0 0.1953 0.6283 0.0273 0.0572
0 0.1299 0.6188 0.0273 0.0528
0 0.085 0.5506 0.0254 0.0484
0 0.0342 0.6158 0.0215 0.0528
0 0.0039 0.5264 0.0098 0.0469
0 0.0649 0.7698 0.0205 0.0499
0 0.1284 0.7588 0.0283 0.0484
0 0.1836 0.7412 0.0254 0.0543
0 0.0742 0.9157 0.0293 0.0689
0 0.0107 0.9802 0.0234 0.0367
0 0.9102 0.1672 0.0215 0.044
