0 0.0737 0.1924 0.0361 0.0764
0 0.0781 0.2944 0.043 0.1219
0 0.1147 0.2592 0.0381 0.0866
0 0.1782 0.1784 0.0225 0.0808
0 0.1904 0.3267 0.0645 0.1189
0 0.2207 0.2335 0.0176 0.0352
0 0.2856 0.1865 0.0146 0.0294
0 0.3198 0.2467 0.0615 0.1175
0 0.3008 0.3994 0.0469 0.0969
0 0.4053 0.2717 0.0293 0.0881
0 0.3574 0.2159 0.0234 0.0411
0 0.4805 0.3341 0.0332 0.0837
0 0.4365 0.4728 0.0391 0.0764
0 0.5728 0.4405 0.0459 0.0793
0 0.5605 0.199 0.0176 0.0514
0 0.625 0.2056 0.0195 0.0441
0 0.6128 0.3297 0.0498 0.0837
0 0.6768 0.3047 0.0312 0.069
0 0.7461 0.3018 0.0391 0.0866
0 0.8018 0.21 0.0117 0.0499
0 0.8218 0.2166 0.0283 0.0514
0 0.8369 0.3201 0.0352 0.0705
0 0.7773 0.4104 0.041 0.0778
0 0.8804 0.2702 0.0439 0.0822
0 0.9351 0.21 0.0166 0.0617
0 0.9736 0.2496 0.0215 0.0558
0 0.9941 0.2555 0.0098 0.0499
0 0.8022 0.4214 0.0225 0.0617
