0 0.0239 0.1906 0.0186 0.06
0 0.0415 0.2674 0.0205 0.0504
0 0.0576 0.1175 0.0234 0.048
0 0.1006 0.0683 0.0195 0.036
0 0.1455 0.0791 0.0137 0.0384
0 0.1304 0.217 0.0166 0.0456
0 0.1343 0.3321 0.0225 0.0647
0 0.1523 0.4448 0.0273 0.0791
0 0.2036 0.0432 0.0166 0.0384
0 0.2363 0.0851 0.0176 0.0456
0 0.1733 0.283 0.0205 0.0624
0 0.1855 0.4173 0.0254 0.0719
0 0.2012 0.5012 0.0234 0.0671
0 0.1807 0.6487 0.0352 0.0839
0 0.25 0.4077 0.0293 0.0911
0 0.2939 0.4101 0.0215 0.0624
0 0.3228 0.4197 0.0264 0.0863
0 0.3188 0.5432 0.0264 0.0647
0 0.3511 0.4568 0.0283 0.0791
0 0.3794 0.3633 0.0225 0.0695
0 0.4307 0.53 0.0254 0.0767
0 0.418 0.301 0.0215 0.06
0 0.3618 0.2962 0.0146 0.0456
0 0.4429 0.3489 0.0166 0.036
0 0.104 0.2878 0.0225 0.0624
0 0.0132 0.6007 0.0283 0.1031
0 0.0742 0.6475 0.0312 0.0911
0 0.041 0.5659 0.0156 0.0719
0 0.0078 0.4832 0.0156 0.0504
0 0.0752 0.4904 0.0215 0.0791
0 0.1089 0.6079 0.0264 0.0743
0 0.3745 0.5635 0.0381 0.0815
0 0.3608 0.1763 0.0225 0.0647
0 0.4463 0.0612 0.0117 0.0504
0 0.3716 0.1079 0.0186 0.0719
0 0.4062 0.1019 0.0137 0.0312
0 0.5132 0.1367 0.0166 0.0528
0 0.4956 0.1511 0.0127 0.0432
0 0.5464 0.1163 0.0127 0.036
0 0.5347 0.1607 0.0107 0.0384
0 0.6382 0.2578 0.0244 0.0743
0 0.7256 0.2158 0.0273 0.0671
0 0.6172 0.1535 0.0156 0.0432
0 0.6865 0.0983 0.0195 0.0528
0 0.7188 0.0552 0.0117 0.0336
0 0.4766 0.2746 0.0215 0.0504
0 0.5156 0.2326 0.0234 0.0624
0 0.5688 0.259 0.0166 0.0528
0 0.6177 0.2998 0.0166 0.048
0 0.498 0.7902 0.0254 0.0647
0 0.6089 0.4353 0.0459 0.1415
0 0.6714 0.4161 0.0303 0.0983
0 0.7705 0.4952 0.0352 0.1271
0 0.7725 0.3441 0.0293 0.0983
0 0.8218 0.2926 0.0225 0.0767
0 0.8779 0.4257 0.0176 0.0839
0 0.6582 0.1007 0.0156 0.0384
0 0.6367 0.1835 0.0176 0.0408
0 0.5962 0.1451 0.0107 0.036
0 0.7656 0.2134 0.0254 0.0719
0 0.8838 0.2086 0.0254 0.0576
0 0.8242 0.2278 0.0195 0.0288
0 0.9067 0.2506 0.0264 0.0887
0 0.875 0.1451 0.0215 0.0647
0 0.769 0.0935 0.0146 0.048
0 0.8008 0.1031 0.0176 0.0528
0 0.8696 0.0755 0.0225 0.0504
0 0.9116 0.3837 0.0322 0.1007
0 0.9746 0.2746 0.0273 0.0743
0 0.9375 0.2434 0.0234 0.0743
0 0.9224 0.1751 0.0166 0.048
0 0.9761 0.0995 0.0264 0.0695
0 0.9263 0.0588 0.0166 0.0504
0 0.813 0.0695 0.0146 0.0432
0 0.8369 0.0276 0.0137 0.0264
0 0.8911 0.0168 0.0146 0.0384
0 0.7856 0.054 0.0107 0.036
0 0.8086 0.0204 0.0137 0.0312
0 0.5732 0.2182 0.0215 0.0528
0 0.5479 0.2122 0.0215 0.06
0 0.5771 0.1499 0.0176 0.0408
0 0.5601 0.1451 0.0186 0.0456
0 0.7212 0.3765 0.0283 0.0959
