0 0.6724 0.0928 0.0146 0.0195
0 0.7876 0.0811 0.0127 0.0195
0 0.8105 0.0132 0.0117 0.0146
0 0.7129 0.0088 0.0117 0.0137
0 0.5693 0.0376 0.0137 0.0186
0 0.6177 0.019 0.0107 0.0166
0 0.6562 0.0503 0.0117 0.0146
0 0.9106 0.1245 0.0146 0.0166
0 0.3892 0.1968 0.0439 0.0615
0 0.5386 0.2734 0.0615 0.0742
0 0.7397 0.1851 0.0557 0.0791
0 0.1597 0.0449 0.0088 0.0117
0 0.1968 0.0225 0.0127 0.0137
0 0.2295 0.0225 0.0078 0.0156
0 0.1689 0.0957 0.0137 0.0137
0 0.9419 0.1157 0.0146 0.0205
0 0.9204 0.1646 0.0146 0.0166
0 0.8848 0.0566 0.0117 0.0137
0 0.8545 0.1377 0.0176 0.0156
0 0.8389 0.1206 0.0156 0.0146
0 0.9092 0.1045 0.0117 0.0137
0 0.8755 0.0308 0.0127 0.0146
0 0.7798 0.1465 0.0146 0.0195
0 0.8174 0.1387 0.0117 0.0195
0 0.7974 0.1694 0.0127 0.0186
0 0.7988 0.04 0.0137 0.0156
0 0.2603 0.0371 0.0088 0.0137
0 0.2007 0.083 0.0107 0.0156
0 0.2651 0.0806 0.0088 0.0127
0 0.2959 0.1436 0.0098 0.0156
0 0.2661 0.1704 0.0107 0.0146
0 0.5269 0.0166 0.0107 0.0156
0 0.541 0.0557 0.0117 0.0176
0 0.5693 0.0542 0.0117 0.0146
0 0.3452 0.1514 0.0107 0.0176
0 0.3911 0.1309 0.0127 0.0195
0 0.8325 0.0278 0.0107 0.0146
0 0.8535 0.0225 0.0156 0.0156
0 0.5249 0.0713 0.0127 0.0176
0 0.4932 0.0776 0.0117 0.0146
0 0.4492 0.1284 0.0117 0.0146
0 0.5068 0.0425 0.0117 0.0166
0 0.644 0.1484 0.0127 0.0176
0 0.6841 0.1606 0.0127 0.0205
0 0.6714 0.1318 0.0107 0.0156
0 0.6626 0.1064 0.0127 0.0195
0 0.5894 0.0718 0.0107 0.0127
0 0.6108 0.0557 0.0127 0.0176
0 0.6846 0.0459 0.0156 0.0176
0 0.6938 0.1328 0.0107 0.0176
0 0.5693 0.145 0.0137 0.0166
0 0.4341 0.0454 0.0107 0.0186
0 0.7046 0.0566 0.0146 0.0176
0 0.7539 0.0669 0.0098 0.0166
0 0.6265 0.0894 0.0146 0.0225
0 0.6245 0.1211 0.0127 0.0137
0 0.6348 0.0361 0.0137 0.0195
0 0.3887 0.1968 0.0449 0.0615
0 0.918 0.0425 0.0098 0.0146
0 0.9438 0.085 0.0127 0.0176
0 0.8325 0.0449 0.0088 0.0156
0 0.3164 0.0264 0.0137 0.0156
0 0.3457 0.0234 0.0117 0.0117
0 0.7969 0.0654 0.0117 0.0156
0 0.7588 0.0894 0.0117 0.0146
0 0.793 0.1206 0.0156 0.0205
0 0.8652 0.0864 0.0156 0.0166
0 0.1426 0.2222 0.0508 0.0713
0 0.1431 0.2222 0.0498 0.0713
0 0.9883 0.1304 0.0117 0.0146
0 0.9766 0.1055 0.0117 0.0176
0 0.7183 0.0898 0.0146 0.0176
0 0.7607 0.0278 0.0117 0.0166
0 0.7012 0.1172 0.0137 0.0137
0 0.9683 0.1694 0.0127 0.0205
0 0.9082 0.085 0.0117 0.0176
0 0.9536 0.1528 0.0205 0.0225
0 0.541 0.0957 0.0098 0.0176
0 0.1006 0.1333 0.0117 0.0166
0 0.0576 0.04 0.0117 0.0195
0 0.1084 0.0381 0.0117 0.0156
0 0.0083 0.146 0.0107 0.0146
0 0.0122 0.1802 0.0127 0.0205
0 0.021 0.1626 0.0127 0.0146
0 0.0332 0.1348 0.0117 0.0137
0 0.2959 0.1416 0.0098 0.0176
0 0.4688 0.1489 0.0137 0.0225
0 0.4834 0.0981 0.0117 0.0146
0 0.4194 0.1157 0.0107 0.0186
0 0.3491 0.103 0.0107 0.0146
0 0.4038 0.0752 0.0107 0.0137
0 0.8452 0.1553 0.0107 0.0156
0 0.9048 0.2798 0.0127 0.0186
0 0.9448 0.2778 0.0146 0.0186
0 0.8662 0.1079 0.0137 0.0166
0 0.8799 0.1221 0.0117 0.0176
0 0.2432 0.1494 0.0117 0.0195
0 0.3442 0.1313 0.0127 0.0186
0 0.3022 0.1694 0.0146 0.0186
0 0.3008 0.104 0.0137 0.0186
0 0.396 0.0938 0.0127 0.0176
0 0.541 0.168 0.0137 0.0176
0 0.6025 0.1401 0.0117 0.0205
0 0.6162 0.1006 0.0117 0.0195
0 0.4761 0.0303 0.0146 0.0176
0 0.4341 0.0884 0.0107 0.0166
0 0.1123 0.1123 0.0156 0.0195
0 0.1611 0.1294 0.0137 0.0186
0 0.1973 0.1118 0.0137 0.0186
0 0.1772 0.0806 0.0146 0.0146
0 0.1396 0.1113 0.0137 0.0156
0 0.2759 0.1318 0.0146 0.0137
0 0.1904 0.1333 0.0137 0.0146
0 0.1812 0.0435 0.0088 0.0127
0 0.1211 0.0176 0.0098 0.0137
0 0.0938 0.0073 0.0098 0.0146
0 0.0522 0.1729 0.0107 0.0156
0 0.0913 0.1821 0.0127 0.0146
0 0.1973 0.1772 0.0137 0.0146
0 0.2285 0.1733 0.0117 0.0146
0 0.0439 0.1548 0.0117 0.0186
0 0.5015 0.165 0.0146 0.0176
0 0.5137 0.1797 0.0137 0.0156
0 0.5156 0.1309 0.0117 0.0176
0 0.4585 0.1709 0.0127 0.0195
0 0.4214 0.1782 0.0127 0.0146
0 0.4155 0.1528 0.0127 0.0166
0 0.0332 0.0713 0.0098 0.0137
0 0.0386 0.0278 0.0088 0.0186
0 0.0698 0.019 0.0088 0.0166
0 0.3237 0.0801 0.0127 0.0156
0 0.3159 0.0483 0.0127 0.0107
0 0.377 0.0361 0.0117 0.0156
0 0.3018 0.0474 0.0117 0.0146
0 0.0161 0.0815 0.0107 0.0127
0 0.0142 0.0435 0.0107 0.0127
0 0.9756 0.2876 0.0195 0.0186
0 0.9795 0.0264 0.0137 0.0176
0 0.8926 0.0239 0.0137 0.0146
0 0.917 0.0098 0.0078 0.0098
0 0.7788 0.0117 0.0068 0.0098
0 0.9878 0.0732 0.0088 0.0176
0 0.5386 0.1406 0.0107 0.0117
0 0.6118 0.0405 0.0107 0.0127
0 0.522 0.0371 0.0107 0.0137
0 0.4585 0.1167 0.0107 0.0146
0 0.5146 0.0908 0.0098 0.0156
0 0.4907 0.1479 0.0107 0.0127
0 0.4111 0.0444 0.0137 0.0166
0 0.3486 0.0498 0.0078 0.0117
0 0.4033 0.0239 0.0098 0.0107
0 0.2959 0.0254 0.0098 0.0117
0 0.2358 0.0469 0.0127 0.0117
0 0.0811 0.1553 0.0117 0.0137
0 0.1416 0.1318 0.0117 0.0137
0 0.1421 0.166 0.0127 0.0156
0 0.0703 0.0703 0.0078 0.0117
0 0.1655 0.0151 0.0088 0.0127
0 0.1401 0.0078 0.0088 0.0078
0 0.2817 0.0674 0.0127 0.0117
