0 0.0835 0.4379 0.0068 0.0132
0 0.0913 0.4525 0.0049 0.0132
0 0.125 0.4006 0.0059 0.0088
0 0.1172 0.4115 0.0059 0.0102
0 0.144 0.3962 0.0049 0.0088
0 0.165 0.3984 0.0039 0.0132
0 0.1499 0.4115 0.0049 0.0102
0 0.1172 0.4357 0.0059 0.0117
0 0.0996 0.4408 0.0059 0.0102
0 0.106 0.4554 0.0068 0.0102
0 0.0957 0.4664 0.0059 0.0117
0 0.293 0.5212 0.0098 0.0307
0 0.0996 0.5015 0.0059 0.0117
0 0.0884 0.5256 0.0068 0.0132
0 0.0928 0.5482 0.0078 0.0117
0 0.1001 0.5768 0.0068 0.0102
0 0.126 0.5731 0.0059 0.0117
0 0.1157 0.5461 0.0068 0.0132
0 0.1079 0.5234 0.0068 0.0117
0 0.0737 0.5497 0.0068 0.0117
0 0.2017 0.5168 0.0146 0.0336
0 0.1865 0.5336 0.0117 0.0322
0 0.2549 0.5205 0.0137 0.0351
0 0.0454 0.394 0.0049 0.0102
0 0.0625 0.3962 0.0039 0.0088
0 0.064 0.413 0.0049 0.0102
0 0.0557 0.4247 0.0059 0.0102
0 0.0542 0.4364 0.0068 0.0102
0 0.0439 0.4488 0.0059 0.0117
0 0.0488 0.47 0.0059 0.0102
0 0.0493 0.4854 0.0068 0.0117
0 0.0513 0.5037 0.0068 0.0132
0 0.0527 0.5234 0.0059 0.0117
0 0.0571 0.5519 0.0068 0.0132
0 0.042 0.5768 0.0078 0.0161
0 0.2188 0.2822 0.0176 0.0351
0 0.3174 0.2164 0.0156 0.0322
0 0.4253 0.3341 0.0127 0.0249
0 0.5112 0.2405 0.0146 0.0307
0 0.5903 0.3611 0.0107 0.0263
0 0.6655 0.2917 0.0107 0.0249
0 0.6914 0.3692 0.0098 0.0219
0 0.3887 0.527 0.0117 0.0249
0 0.4604 0.5329 0.0088 0.0219
0 0.4893 0.5058 0.0098 0.0146
0 0.52 0.5029 0.0127 0.0175
0 0.1353 0.4898 0.0049 0.0117
0 0.1323 0.4503 0.0049 0.0088
0 0.1431 0.4649 0.0049 0.0088
0 0.1606 0.5 0.0049 0.0117
0 0.1479 0.5263 0.0049 0.0117
0 0.0791 0.3962 0.0039 0.0088
0 0.0776 0.4262 0.0068 0.0102
0 0.0938 0.4123 0.0039 0.0117
0 0.0981 0.3969 0.0049 0.0102
0 0.0645 0.4561 0.0078 0.0146
0 0.0698 0.47 0.0068 0.0102
0 0.0786 0.4839 0.0068 0.0117
0 0.1226 0.4751 0.0068 0.0088
0 0.1353 0.4284 0.0049 0.0088
0 0.126 0.5263 0.0078 0.0146
0 0.1245 0.5102 0.0068 0.0117
0 0.1294 0.5446 0.0049 0.0102
0 0.1631 0.5197 0.0059 0.0102
0 0.1709 0.443 0.0059 0.0117
0 0.1553 0.4576 0.0059 0.0088
0 0.168 0.4715 0.0059 0.0102
0 0.1519 0.4854 0.0068 0.0088
0 0.1738 0.4868 0.0059 0.0117
0 0.2188 0.4876 0.0059 0.0102
0 0.2217 0.4722 0.0059 0.0117
0 0.2041 0.4898 0.0059 0.0088
0 0.2168 0.4554 0.0059 0.0102
0 0.2173 0.5249 0.0049 0.0088
0 0.2329 0.5212 0.0049 0.0132
0 0.2568 0.4744 0.0059 0.0102
0 0.272 0.4737 0.0049 0.0088
0 0.2515 0.4576 0.0049 0.0117
0 0.272 0.4496 0.0049 0.0102
0 0.1787 0.4028 0.0059 0.0102
0 0.1792 0.4262 0.0049 0.0102
0 0.187 0.4737 0.0049 0.0088
0 0.2485 0.4327 0.0049 0.0088
0 0.2578 0.4327 0.0039 0.0088
0 0.2441 0.405 0.0039 0.0088
0 0.2759 0.4086 0.0029 0.0073
0 0.292 0.4108 0.0039 0.0088
0 0.3184 0.4101 0.0039 0.0073
0 0.2871 0.4269 0.0039 0.0058
0 0.2793 0.4466 0.0039 0.0073
0 0.29 0.4386 0.0039 0.0088
0 0.3135 0.4232 0.0039 0.0073
0 0.3369 0.4145 0.0039 0.0073
0 0.3496 0.4145 0.0039 0.0073
0 0.3491 0.4254 0.0068 0.0088
0 0.3696 0.4349 0.0049 0.0102
0 0.3545 0.4364 0.0039 0.0102
0 0.3608 0.4459 0.0049 0.0088
0 0.3794 0.4466 0.0049 0.0073
0 0.3438 0.4569 0.0039 0.0102
0 0.333 0.424 0.0039 0.0058
0 0.333 0.4357 0.0039 0.0088
0 0.3638 0.4598 0.0049 0.0102
0 0.3784 0.4569 0.0049 0.0073
0 0.3936 0.4591 0.0039 0.0088
0 0.3623 0.4269 0.0039 0.0088
0 0.3462 0.4927 0.0049 0.0088
0 0.3584 0.4898 0.0059 0.0088
0 0.3774 0.5007 0.0049 0.0102
0 0.3828 0.4868 0.0039 0.0058
0 0.3931 0.4876 0.0049 0.0073
0 0.4102 0.508 0.0039 0.0073
0 0.3911 0.5007 0.0049 0.0073
0 0.4053 0.5168 0.0039 0.0102
0 0.3047 0.4423 0.0059 0.0132
0 0.3149 0.4481 0.0049 0.0102
0 0.3242 0.4452 0.0039 0.0073
0 0.3335 0.4627 0.0029 0.0073
0 0.3525 0.4759 0.0039 0.0132
0 0.3359 0.4722 0.0039 0.0088
0 0.3662 0.4751 0.0039 0.0088
0 0.3828 0.4715 0.0039 0.0073
0 0.4004 0.473 0.0039 0.0073
0 0.4175 0.4905 0.0049 0.0102
0 0.4199 0.5058 0.0039 0.0058
0 0.4194 0.5351 0.0049 0.0117
0 0.4238 0.5285 0.0039 0.0102
0 0.4092 0.538 0.0039 0.0088
0 0.4502 0.4291 0.0039 0.0073
0 0.4575 0.4232 0.0029 0.0073
0 0.4653 0.4211 0.0029 0.0058
0 0.4644 0.4313 0.0029 0.0058
0 0.4756 0.424 0.0039 0.0058
0 0.4771 0.4335 0.0029 0.0073
0 0.4819 0.424 0.0029 0.0058
0 0.4771 0.4459 0.0049 0.0058
0 0.4976 0.4342 0.0029 0.0088
0 0.5 0.424 0.002 0.0058
0 0.5063 0.4291 0.0029 0.0073
0 0.5273 0.4291 0.0039 0.0073
0 0.6143 0.527 0.0098 0.0219
0 0.6226 0.5373 0.0107 0.019
0 0.6938 0.5205 0.0068 0.0175
0 0.7168 0.508 0.0098 0.019
0 0.7461 0.5687 0.0059 0.0117
0 0.7549 0.5556 0.0059 0.0088
0 0.7485 0.5482 0.0029 0.0088
0 0.7988 0.5804 0.0059 0.0117
0 0.8135 0.5819 0.0059 0.0088
0 0.8086 0.5556 0.0039 0.0088
0 0.8247 0.5577 0.0068 0.0102
0 0.8369 0.5673 0.0059 0.0088
0 0.8521 0.5738 0.0068 0.0161
0 0.873 0.5775 0.0059 0.0117
0 0.8931 0.5804 0.0068 0.0146
0 0.9199 0.5811 0.0078 0.0161
0 0.9277 0.5789 0.0059 0.0146
0 0.9585 0.5768 0.0088 0.0132
0 0.9419 0.5738 0.0068 0.0102
0 0.9766 0.5687 0.0039 0.0117
0 0.9121 0.5651 0.0059 0.0132
0 0.9258 0.5577 0.0059 0.0102
0 0.8955 0.5585 0.0059 0.0117
0 0.875 0.5599 0.0059 0.0117
0 0.897 0.5709 0.0049 0.0102
0 0.8477 0.5599 0.0039 0.0088
0 0.8638 0.5541 0.0049 0.0088
0 0.8999 0.5007 0.0049 0.0102
0 0.8784 0.5007 0.0049 0.0073
0 0.8608 0.5015 0.0049 0.0088
0 0.8228 0.5088 0.0049 0.0088
0 0.8525 0.5037 0.0039 0.0073
0 0.8027 0.511 0.0039 0.0102
0 0.7563 0.5007 0.0049 0.0073
0 0.7886 0.4971 0.0049 0.0088
0 0.564 0.5058 0.0107 0.0146
0 0.5947 0.5029 0.0039 0.0117
0 0.6094 0.489 0.0039 0.0073
0 0.6084 0.5102 0.0039 0.0058
0 0.606 0.4803 0.0029 0.0073
0 0.6343 0.4839 0.0029 0.0058
0 0.6265 0.481 0.0029 0.0058
0 0.7744 0.5702 0.0059 0.0117
0 0.9424 0.557 0.0059 0.0088
0 0.9155 0.5526 0.0049 0.0117
0 0.9561 0.5621 0.0078 0.0102
0 0.9136 0.5336 0.0049 0.0088
0 0.9258 0.5314 0.0059 0.0073
0 0.9429 0.5373 0.0049 0.0073
0 0.9565 0.5373 0.0049 0.0102
0 0.9766 0.5373 0.0059 0.0132
0 0.7793 0.5066 0.0039 0.0073
0 0.792 0.5051 0.0039 0.0073
0 0.8174 0.5007 0.0039 0.0073
0 0.9932 0.5855 0.0078 0.0132
0 0.9927 0.5607 0.0049 0.0102
0 0.9341 0.5183 0.0049 0.0102
0 0.9766 0.5037 0.0059 0.0102
0 0.9736 0.5234 0.0059 0.0117
0 0.9575 0.5029 0.0049 0.0088
0 0.9473 0.4876 0.0059 0.0073
0 0.937 0.5015 0.0049 0.0088
0 0.9604 0.4781 0.0049 0.0088
0 0.9873 0.4934 0.0059 0.0102
0 0.9785 0.4788 0.0039 0.0102
0 0.0713 0.5811 0.0078 0.0132
0 0.0791 0.3962 0.0039 0.0117
0 0.0981 0.3962 0.0049 0.0117
0 0.0239 0.394 0.0029 0.0102
0 0.0283 0.4072 0.0059 0.0132
0 0.0356 0.424 0.0068 0.0117
0 0.0259 0.432 0.0049 0.0102
0 0.0249 0.4715 0.0049 0.0132
0 0.0254 0.4883 0.0059 0.0146
0 0.0264 0.5073 0.0078 0.0117
0 0.0264 0.5227 0.0078 0.0132
0 0.0361 0.5534 0.0098 0.0161
0 0.0938 0.4101 0.0039 0.0102
0 0.0781 0.4262 0.0078 0.0132
0 0.0654 0.4547 0.0059 0.0146
0 0.0703 0.4693 0.0059 0.0117
0 0.0776 0.4846 0.0068 0.0132
0 0.0791 0.5088 0.0078 0.0117
0 0.0698 0.5263 0.0068 0.0117
0 0.0776 0.4262 0.0068 0.0132
0 0.5752 0.5241 0.0078 0.019
0 0.0029 0.3947 0.0059 0.0117
0 0.022 0.4503 0.0068 0.0117
0 0.0151 0.4189 0.0068 0.0102
0 0.001 0.4963 0.0039 0.0102
0 0.1089 0.489 0.0068 0.0132
0 0.1445 0.5037 0.0078 0.0132
0 0.1519 0.4444 0.0068 0.0117
0 0.1562 0.4247 0.0059 0.0102
0 0.168 0.4152 0.0059 0.0117
0 0.4604 0.5139 0.0049 0.0102
0 0.5659 0.4291 0.0029 0.0073
0 0.5552 0.4269 0.0029 0.0058
0 0.5449 0.4254 0.0039 0.0058
0 0.5586 0.4364 0.0039 0.0073
0 0.5493 0.4364 0.0029 0.0073
0 0.5659 0.4393 0.0029 0.0073
0 0.5713 0.4686 0.0039 0.0073
0 0.5718 0.4591 0.0049 0.0088
0 0.5747 0.4401 0.0049 0.0088
0 0.5771 0.4276 0.0039 0.0044
0 0.6104 0.4313 0.0039 0.0058
0 0.623 0.4598 0.0039 0.0073
0 0.6343 0.4605 0.0029 0.0058
0 0.6162 0.4393 0.0039 0.0073
0 0.625 0.4342 0.0039 0.0058
0 0.6318 0.4342 0.0039 0.0058
0 0.6431 0.443 0.0029 0.0058
0 0.6445 0.4627 0.0039 0.0073
0 0.6221 0.4415 0.0039 0.0058
0 0.668 0.4934 0.0039 0.0073
0 0.6782 0.4963 0.0049 0.0073
0 0.6748 0.4846 0.0039 0.0073
0 0.6748 0.4371 0.0039 0.0058
0 0.6685 0.4444 0.0029 0.0058
0 0.6641 0.4386 0.0039 0.0058
0 0.6401 0.4364 0.0029 0.0044
0 0.7363 0.4744 0.0039 0.0073
0 0.7065 0.4503 0.0049 0.0058
0 0.9106 0.5161 0.0049 0.0088
0 0.9414 0.4737 0.0039 0.0088
0 0.9619 0.4671 0.0039 0.0073
0 0.9595 0.4927 0.0049 0.0088
0 0.9277 0.4883 0.0039 0.0088
0 0.9785 0.47 0.0039 0.0073
0 0.9941 0.5022 0.0039 0.0073
0 0.9521 0.5168 0.0039 0.0073
0 0.9209 0.5066 0.0039 0.0073
0 0.8931 0.5336 0.0049 0.0088
0 0.9956 0.5402 0.0049 0.0102
0 0.8384 0.4985 0.0049 0.0117
0 0.8086 0.5051 0.0039 0.0102
0 0.793 0.5563 0.0039 0.0073
0 0.772 0.5563 0.0049 0.0102
0 0.7427 0.5563 0.0049 0.0102
0 0.7354 0.5534 0.0039 0.0073
0 0.7334 0.53 0.0039 0.0102
0 0.7656 0.5007 0.0039 0.0073
0 0.7627 0.492 0.0039 0.0073
0 0.7212 0.4839 0.0049 0.0088
0 0.7427 0.5058 0.0049 0.0088
0 0.5879 0.4737 0.0059 0.0117
0 0.5586 0.4693 0.0059 0.0117
0 0.6694 0.4781 0.0049 0.0088
0 0.6777 0.4561 0.0059 0.0117
0 0.6865 0.5249 0.0078 0.0175
0 0.6372 0.443 0.0029 0.0058
0 0.5322 0.443 0.0078 0.0117
0 0.4971 0.4452 0.0039 0.0073
0 0.5396 0.5768 0.0049 0.0102
0 0.5459 0.5358 0.0039 0.0073
0 0.5547 0.5146 0.0039 0.0088
0 0.5547 0.492 0.0039 0.0073
0 0.5396 0.5044 0.0049 0.0088
0 0.5435 0.4905 0.0049 0.0102
0 0.9854 0.4284 0.0039 0.0088
0 0.9941 0.4415 0.0059 0.0088
0 0.9863 0.4496 0.0059 0.0102
0 0.9565 0.4525 0.0049 0.0102
0 0.9805 0.4401 0.0059 0.0088
0 0.9722 0.432 0.0049 0.0102
0 0.9941 0.4035 0.0039 0.0088
0 0.9878 0.4196 0.0049 0.0088
0 0.9771 0.4225 0.0049 0.0088
0 0.0186 0.5409 0.0078 0.0146
0 0.0015 0.4803 0.0049 0.0132
