0 0.4785 0.4299 0.0273 0.0611
0 0.5337 0.4125 0.0244 0.0594
0 0.479 0.2946 0.0225 0.0512
0 0.5435 0.3135 0.0186 0.0561
0 0.5972 0.3251 0.0225 0.0495
0 0.5664 0.42 0.0254 0.0644
0 0.582 0.3795 0.0176 0.0561
0 0.6719 0.3779 0.0195 0.0396
0 0.6992 0.3523 0.0195 0.0545
0 0.7256 0.3251 0.0176 0.0462
0 0.7573 0.4059 0.0225 0.0528
0 0.7979 0.4785 0.0215 0.0396
0 0.7876 0.3672 0.0146 0.0347
0 0.8442 0.4026 0.0166 0.033
0 0.8584 0.4092 0.0156 0.0297
0 0.9058 0.3771 0.0146 0.038
0 0.918 0.4125 0.0117 0.0231
0 0.9453 0.4571 0.0176 0.0297
0 0.9639 0.4175 0.0176 0.0462
0 0.9307 0.5157 0.0195 0.0347
0 0.9917 0.4719 0.0127 0.0297
0 0.9888 0.4035 0.0146 0.0314
0 0.9536 0.3886 0.0166 0.0281
0 0.5352 0.2624 0.0215 0.0528
0 0.4438 0.2426 0.0186 0.0528
0 0.2744 0.1675 0.0273 0.0677
0 0.689 0.2797 0.0107 0.0281
0 0.0161 0.462 0.0322 0.0726
0 0.0806 0.3721 0.04 0.0842
0 0.0962 0.2814 0.0342 0.071
0 0.0972 0.1972 0.0361 0.071
0 0.1553 0.0239 0.0254 0.0446
0 0.1685 0.3366 0.0283 0.0462
0 0.2241 0.3036 0.0244 0.0627
0 0.2197 0.2401 0.0215 0.0545
0 0.2686 0.212 0.0215 0.0578
0 0.2939 0.3845 0.0371 0.0759
0 0.3281 0.3457 0.0312 0.0578
0 0.3306 0.2492 0.0264 0.0495
0 0.3022 0.5677 0.0381 0.1056
0 0.4141 0.4249 0.0293 0.0677
