0 0.064 0.3228 0.0869 0.1245
0 0.1445 0.3536 0.0605 0.104
0 0.0933 0.0988 0.0303 0.063
0 0.1338 0.1574 0.0391 0.0512
0 0.1748 0.1742 0.0293 0.0498
0 0.2402 0.2584 0.0449 0.1127
0 0.3247 0.2943 0.0791 0.1786
0 0.2764 0.1493 0.0312 0.0615
0 0.3345 0.1384 0.0283 0.0571
0 0.3218 0.0776 0.0342 0.0615
0 0.4326 0.1435 0.0254 0.0556
0 0.4575 0.1354 0.0225 0.0483
0 0.4409 0.2057 0.0225 0.0483
0 0.3979 0.2753 0.0557 0.1142
0 0.4541 0.3199 0.0625 0.1245
0 0.5391 0.1362 0.0254 0.0586
0 0.5669 0.2518 0.0303 0.0703
0 0.6099 0.0878 0.0322 0.0703
0 0.6499 0.2204 0.0381 0.0659
0 0.7197 0.1567 0.0234 0.0469
0 0.8535 0.183 0.0273 0.0615
0 0.6362 0.3631 0.0654 0.1288
0 0.8027 0.3734 0.0605 0.1318
0 0.916 0.369 0.0605 0.1259
0 0.9536 0.4239 0.0752 0.1508
0 0.4888 0.6757 0.0908 0.1596
0 0.6895 0.7643 0.0801 0.1669
0 0.8516 0.6889 0.0781 0.1479
