0 0.0098 0.0641 0.0215 0.0855
0 0.0391 0.3275 0.0449 0.0779
0 0.0352 0.4985 0.0488 0.0809
0 0.1553 0.5374 0.0449 0.0763
0 0.2056 0.2382 0.0498 0.0672
0 0.3027 0.3725 0.0547 0.113
0 0.3276 0.2802 0.0361 0.0656
0 0.4316 0.2947 0.041 0.0641
0 0.5088 0.3885 0.0488 0.1145
0 0.5645 0.2855 0.0488 0.0763
0 0.7725 0.0298 0.041 0.0565
0 0.8936 0.0176 0.041 0.0382
0 0.7407 0.2977 0.0479 0.0672
0 0.9331 0.2969 0.0459 0.0687
0 0.8804 0.4573 0.0518 0.1267
0 0.7881 0.4725 0.0488 0.0992
0 0.686 0.4191 0.0557 0.1023
0 0.9937 0.4641 0.0107 0.0519
0 0.939 0.942 0.0479 0.0794
0 0.0361 0.7496 0.0352 0.0702
0 0.1973 0.9496 0.043 0.0855
0 0.2993 0.9527 0.04 0.0885
0 0.4844 0.9206 0.0449 0.0641
