0 0.0225 0.2107 0.0254 0.0571
0 0.0449 0.5661 0.0391 0.1071
0 0.1748 0.3304 0.0469 0.0964
0 0.2007 0.2482 0.0283 0.0643
0 0.2217 0.5027 0.0391 0.0946
0 0.313 0.4723 0.0459 0.1054
0 0.3711 0.3187 0.0469 0.1089
0 0.3877 0.3152 0.0352 0.0875
0 0.5083 0.2357 0.042 0.0964
0 0.5698 0.192 0.0322 0.0696
0 0.5659 0.3134 0.0342 0.0804
0 0.6528 0.3152 0.0264 0.0625
0 0.5605 0.5152 0.0273 0.0589
0 0.7998 0.2857 0.0215 0.0429
0 0.811 0.3232 0.0225 0.0429
0 0.8345 0.3295 0.0127 0.0268
0 0.9312 0.3491 0.0127 0.0268
0 0.98 0.3821 0.0166 0.0429
