0 0.022 0.0529 0.0166 0.0373
0 0.0068 0.0991 0.0156 0.0432
0 0.0591 0.1334 0.0283 0.0551
0 0.083 0.1341 0.0195 0.0417
0 0.0479 0.0291 0.0176 0.0313
0 0.0244 0.0164 0.0137 0.0238
0 0.0854 0.0455 0.0205 0.0462
0 0.1284 0.0522 0.0205 0.0417
0 0.1533 0.0328 0.0176 0.0328
0 0.1592 0.1073 0.0254 0.0477
0 0.1948 0.0469 0.0146 0.0373
0 0.2031 0.0238 0.0137 0.0328
0 0.2305 0.123 0.0234 0.0402
0 0.2495 0.0291 0.0146 0.0343
0 0.2637 0.0566 0.0195 0.0447
0 0.2959 0.0224 0.0195 0.0358
0 0.3291 0.0171 0.0156 0.0313
0 0.3286 0.0447 0.0225 0.0417
0 0.3633 0.0477 0.0215 0.0387
0 0.3574 0.0827 0.0176 0.0343
0 0.2983 0.0872 0.0146 0.0253
0 0.3096 0.1222 0.0215 0.0417
0 0.2905 0.1721 0.0186 0.0373
0 0.1162 0.1058 0.0215 0.0387
0 0.1348 0.1148 0.0156 0.0447
0 0.1875 0.1773 0.0234 0.0417
0 0.1099 0.1915 0.0186 0.0402
0 0.0913 0.1677 0.0186 0.0313
0 0.0513 0.2429 0.0225 0.0596
0 0.1118 0.2541 0.0264 0.0611
0 0.0254 0.3159 0.0293 0.0656
0 0.0073 0.3465 0.0166 0.0849
0 0.0718 0.3793 0.0225 0.0581
0 0.085 0.3584 0.0195 0.0432
0 0.0327 0.4844 0.0303 0.0775
0 0.0698 0.4396 0.0283 0.0566
0 0.124 0.3852 0.0254 0.0611
0 0.1313 0.342 0.0205 0.0492
0 0.1792 0.3264 0.0244 0.0477
0 0.1689 0.2213 0.0273 0.0581
0 0.1787 0.2794 0.0234 0.0462
0 0.2329 0.275 0.0283 0.0641
0 0.2251 0.4165 0.0303 0.0641
0 0.1602 0.4374 0.0254 0.0611
0 0.1909 0.5142 0.0283 0.0596
0 0.1528 0.5604 0.0342 0.0805
0 0.1201 0.4918 0.0293 0.0686
0 0.2529 0.4903 0.0332 0.0745
0 0.2358 0.3748 0.0244 0.0551
0 0.2788 0.3472 0.0264 0.0626
0 0.2793 0.263 0.0273 0.0551
0 0.2329 0.1788 0.0166 0.0387
0 0.2686 0.1684 0.0176 0.0358
0 0.3281 0.1885 0.0254 0.0492
0 0.3643 0.1647 0.0273 0.0462
0 0.3525 0.1416 0.0176 0.0358
0 0.3755 0.1237 0.0166 0.0417
0 0.4028 0.152 0.0244 0.0477
0 0.4175 0.1341 0.0205 0.0477
0 0.4272 0.0946 0.0166 0.0373
0 0.4536 0.0954 0.0225 0.0447
0 0.4746 0.0879 0.0176 0.0447
0 0.4146 0.0402 0.0166 0.0328
0 0.4014 0.0201 0.0176 0.0432
0 0.4258 0.0209 0.0117 0.0298
0 0.4463 0.0179 0.0195 0.0387
0 0.5068 0.0268 0.0195 0.0358
0 0.5039 0.0708 0.0156 0.0402
0 0.5005 0.12 0.0225 0.0313
0 0.5093 0.1647 0.0244 0.0462
0 0.5518 0.0596 0.0215 0.0566
0 0.5786 0.1006 0.0146 0.0343
0 0.5391 0.1744 0.0195 0.0238
0 0.5596 0.1565 0.0234 0.0596
0 0.5234 0.2422 0.0215 0.0492
0 0.5596 0.2504 0.0273 0.0566
0 0.5508 0.3092 0.0273 0.0551
0 0.5137 0.3547 0.0254 0.0566
0 0.4976 0.2675 0.0205 0.0373
0 0.4883 0.2839 0.0176 0.0432
0 0.4692 0.2884 0.0264 0.0492
0 0.354 0.2481 0.0303 0.0551
0 0.4053 0.3227 0.0254 0.0522
0 0.3184 0.313 0.0273 0.0507
0 0.353 0.392 0.0225 0.0417
0 0.3486 0.4426 0.0293 0.0626
0 0.3018 0.4694 0.0312 0.0566
0 0.2422 0.5768 0.0234 0.0477
0 0.4644 0.3428 0.0264 0.0566
0 0.5176 0.4098 0.0234 0.0626
0 0.4941 0.4232 0.0352 0.0656
0 0.4868 0.5358 0.0322 0.082
0 0.5195 0.6028 0.041 0.1088
0 0.4111 0.3927 0.0293 0.0581
0 0.4375 0.4285 0.0312 0.0641
0 0.5957 0.0201 0.0137 0.0253
0 0.6138 0.0417 0.0127 0.0298
0 0.6396 0.0395 0.0195 0.0402
0 0.6484 0.1252 0.0176 0.0328
0 0.6616 0.0924 0.0146 0.0447
0 0.689 0.1408 0.0186 0.0343
0 0.7051 0.1006 0.0176 0.0343
0 0.7148 0.0641 0.0176 0.0328
0 0.7529 0.0574 0.0176 0.0402
0 0.7866 0.0112 0.0146 0.0253
0 0.7051 0.0067 0.0098 0.0164
0 0.8193 0.0276 0.0137 0.0313
0 0.8525 0.0343 0.0137 0.0298
0 0.8789 0.0402 0.0098 0.0209
0 0.9019 0.0328 0.0127 0.0298
0 0.9009 0.0626 0.0166 0.0298
0 0.9126 0.0909 0.0146 0.0298
0 0.9351 0.0775 0.0146 0.0268
0 0.9258 0.0313 0.0137 0.0268
0 0.9741 0.0402 0.0146 0.0328
0 0.9829 0.1311 0.0146 0.0268
0 0.9346 0.1356 0.0156 0.0358
0 0.8691 0.1051 0.0195 0.0343
0 0.8628 0.1513 0.0244 0.0462
0 0.8296 0.1148 0.0205 0.0447
0 0.8345 0.1736 0.0186 0.0402
0 0.793 0.1669 0.0176 0.0447
0 0.7314 0.1542 0.0215 0.0432
0 0.6802 0.1833 0.0225 0.0358
0 0.6436 0.1803 0.0215 0.0477
0 0.6084 0.1952 0.0195 0.0417
0 0.6367 0.2332 0.0195 0.0402
0 0.605 0.345 0.0205 0.0551
0 0.6895 0.2653 0.0234 0.0477
0 0.8062 0.2168 0.0186 0.0432
0 0.8237 0.2697 0.0166 0.0387
0 0.8398 0.237 0.0176 0.0387
0 0.8579 0.2004 0.0127 0.0343
0 0.8818 0.19 0.0137 0.0253
0 0.8853 0.2317 0.0166 0.0373
0 0.8589 0.2615 0.0205 0.0432
0 0.8662 0.3241 0.0234 0.0402
0 0.9009 0.2645 0.0205 0.0432
0 0.9092 0.3145 0.0176 0.0358
0 0.9028 0.3525 0.0244 0.0492
0 0.9663 0.1796 0.0166 0.0402
0 0.9912 0.2012 0.0117 0.0268
0 0.9824 0.2228 0.0156 0.0313
0 0.9902 0.2846 0.0137 0.0358
0 0.9946 0.345 0.0088 0.0402
0 0.9619 0.3621 0.0234 0.0477
0 0.9375 0.4024 0.0195 0.0417
0 0.915 0.4501 0.0293 0.0715
0 0.8779 0.4553 0.0215 0.0373
0 0.8853 0.4985 0.0264 0.0522
0 0.8828 0.5589 0.0332 0.0954
0 0.8979 0.5656 0.0186 0.0671
0 0.9609 0.5656 0.0371 0.082
0 0.9741 0.5894 0.0186 0.0611
0 0.9927 0.5693 0.0107 0.0686
0 0.9712 0.4702 0.0225 0.0462
0 0.9907 0.4978 0.0166 0.0477
0 0.8018 0.3227 0.0195 0.0343
0 0.8213 0.3562 0.0195 0.0507
0 0.6855 0.3152 0.0215 0.0432
0 0.6709 0.3286 0.0195 0.0373
0 0.667 0.4083 0.0332 0.0715
0 0.7363 0.3517 0.0234 0.0537
0 0.7671 0.3964 0.0283 0.0626
0 0.7607 0.4151 0.0293 0.0581
0 0.8086 0.4069 0.0273 0.0537
0 0.7905 0.3607 0.0244 0.0507
0 0.5801 0.5969 0.041 0.0909
0 0.6045 0.5589 0.0293 0.0715
0 0.6572 0.544 0.043 0.1133
0 0.6909 0.5395 0.04 0.0924
0 0.7144 0.5596 0.0264 0.079
0 0.7329 0.5842 0.0283 0.0566
0 0.8101 0.6148 0.042 0.1028
0 0.8521 0.6148 0.0322 0.082
0 0.9092 0.6393 0.0332 0.0835
0 0.3945 0.5805 0.043 0.1058
0 0.3022 0.6364 0.0459 0.1013
0 0.2246 0.6692 0.0449 0.0805
0 0.061 0.6557 0.0361 0.0864
