0 0.0562 0.3367 0.0107 0.0703
0 0.0156 0.6867 0.0332 0.0878
0 0.0874 0.6676 0.0498 0.1025
0 0.2275 0.6215 0.0547 0.1157
0 0.0376 0.5952 0.0381 0.0542
0 0.0576 0.5483 0.0156 0.0395
0 0.0459 0.5154 0.0273 0.0381
0 0.123 0.5637 0.0215 0.041
0 0.1416 0.5373 0.0215 0.0293
0 0.085 0.5315 0.0156 0.0322
0 0.1123 0.4795 0.0137 0.0249
0 0.1724 0.5161 0.0166 0.0337
0 0.1641 0.6061 0.0156 0.0469
0 0.3027 0.53 0.0332 0.0586
0 0.4375 0.6486 0.041 0.0937
0 0.4136 0.5161 0.0166 0.0366
0 0.3408 0.5505 0.0215 0.041
0 0.5044 0.5022 0.0146 0.0351
0 0.4429 0.5044 0.0166 0.0278
0 0.2583 0.4839 0.0068 0.0132
0 0.2485 0.4868 0.0049 0.0132
0 0.2158 0.5198 0.0137 0.0205
0 0.2295 0.5022 0.0098 0.0146
0 0.1841 0.4956 0.0107 0.019
0 0.1992 0.4861 0.0059 0.0176
0 0.2104 0.4927 0.0088 0.0132
0 0.2212 0.4861 0.0088 0.0146
0 0.2212 0.4788 0.0068 0.0117
0 0.8218 0.5681 0.042 0.0849
0 0.7637 0.5754 0.0332 0.0586
0 0.9277 0.5256 0.0332 0.0527
0 0.9834 0.5242 0.0215 0.041
0 0.9771 0.4707 0.0186 0.0278
0 0.9419 0.4876 0.0166 0.0293
0 0.9111 0.4656 0.0156 0.0293
0 0.8809 0.4788 0.0137 0.0264
0 0.8936 0.511 0.0176 0.0351
0 0.7764 0.4736 0.0137 0.022
0 0.7437 0.5176 0.0107 0.022
0 0.7563 0.4971 0.0127 0.019
0 0.6382 0.4795 0.0244 0.0366
0 0.6953 0.4187 0.0195 0.0351
0 0.5659 0.5307 0.0166 0.0425
0 0.5732 0.4868 0.0117 0.022
0 0.6909 0.6245 0.0088 0.022
0 0.5308 0.489 0.0068 0.0176
0 0.5127 0.1823 0.0215 0.0278
0 0.9761 0.3324 0.0088 0.0117
0 0.6675 0.1515 0.0107 0.0132
0 0.8501 0.3631 0.0068 0.0117
0 0.1455 0.3734 0.0039 0.0117
0 0.145 0.3455 0.0029 0.0088
0 0.1426 0.336 0.0039 0.0073
0 0.146 0.3594 0.0029 0.0073
0 0.1426 0.3602 0.0039 0.0088
0 0.9189 0.5117 0.0195 0.0395
0 0.8994 0.4693 0.0078 0.019
