0 0.1187 0.5877 0.0244 0.0538
0 0.1885 0.5868 0.0254 0.0486
0 0.2734 0.5833 0.0254 0.0521
0 0.3335 0.5694 0.0283 0.059
0 0.5845 0.4592 0.0381 0.0816
0 0.4146 0.6007 0.0381 0.0868
0 0.6172 0.6128 0.0332 0.0799
0 0.6797 0.513 0.0449 0.0851
0 0.0103 0.895 0.0205 0.0503
0 0.0913 0.8941 0.0244 0.059
0 0.7476 0.8898 0.0225 0.0573
0 0.0703 0.2708 0.0273 0.0556
0 0.0356 0.2934 0.0186 0.0382
0 0.1094 0.3151 0.0215 0.0469
0 0.0073 0.2656 0.0166 0.0417
0 0.0371 0.2222 0.0156 0.0312
0 0.0874 0.25 0.0166 0.0382
0 0.1841 0.2804 0.0283 0.0642
0 0.2144 0.2335 0.0186 0.033
0 0.2397 0.283 0.0205 0.0417
0 0.2988 0.3264 0.0273 0.0451
0 0.3364 0.3594 0.0205 0.0382
0 0.3677 0.3316 0.0283 0.0451
0 0.3281 0.2604 0.0195 0.0382
0 0.2744 0.2691 0.0156 0.0278
0 0.2373 0.2413 0.0137 0.0243
0 0.2515 0.2483 0.0127 0.0243
0 0.2739 0.3403 0.0186 0.0347
0 0.3438 0.2561 0.0117 0.0295
0 0.2783 0.1927 0.0137 0.0278
0 0.3232 0.191 0.0137 0.0278
0 0.3672 0.2014 0.0156 0.0243
0 0.2988 0.1345 0.0137 0.026
0 0.2422 0.1293 0.0117 0.026
0 0.1509 0.1042 0.0186 0.0451
0 0.0874 0.1875 0.0166 0.0243
0 0.0518 0.1502 0.0137 0.026
0 0.1011 0.1493 0.0088 0.0208
0 0.1064 0.1241 0.0098 0.0226
0 0.0864 0.1398 0.0107 0.0191
0 0.0625 0.1493 0.0117 0.0208
0 0.0703 0.0729 0.0059 0.0139
0 0.0327 0.0712 0.0049 0.0104
0 0.2148 0.1181 0.0059 0.0139
0 0.2021 0.1753 0.0117 0.0208
0 0.1914 0.1363 0.0078 0.0156
0 0.1694 0.0608 0.0049 0.0104
0 0.2158 0.0651 0.0059 0.0122
0 0.2622 0.1007 0.0068 0.0139
0 0.2329 0.0694 0.0049 0.0104
0 0.291 0.099 0.0059 0.0104
0 0.3145 0.1224 0.0059 0.0122
0 0.3081 0.0773 0.0049 0.0122
0 0.3682 0.0582 0.0059 0.0122
0 0.3535 0.1302 0.0117 0.0278
0 0.2632 0.0729 0.0049 0.0104
0 0.2871 0.0642 0.0059 0.0104
0 0.4355 0.2509 0.0273 0.0503
0 0.4185 0.2274 0.0205 0.0382
0 0.4443 0.1545 0.0098 0.0208
0 0.3892 0.27 0.0166 0.033
0 0.4131 0.0885 0.0098 0.0174
0 0.4297 0.1927 0.0098 0.0174
0 0.3862 0.0582 0.0049 0.0122
0 0.3809 0.1545 0.0098 0.0208
0 0.3667 0.1128 0.0088 0.0139
0 0.3228 0.0686 0.0068 0.0156
0 0.3398 0.0616 0.0078 0.0122
0 0.2822 0.0825 0.0059 0.0122
0 0.2349 0.0972 0.0088 0.0104
0 0.4185 0.0382 0.0068 0.0104
0 0.4062 0.0451 0.0059 0.0104
0 0.4497 0.072 0.0088 0.0156
0 0.4287 0.0668 0.0059 0.0087
0 0.4224 0.1207 0.0068 0.0122
0 0.3442 0.0469 0.0049 0.0104
0 0.3594 0.0477 0.0039 0.0087
0 0.3701 0.0399 0.0059 0.0104
0 0.4507 0.0573 0.0049 0.0104
0 0.4346 0.0946 0.0078 0.0156
0 0.1831 0.0642 0.0068 0.0139
0 0.4551 0.1233 0.0098 0.0208
0 0.439 0.0417 0.0049 0.0104
0 0.3486 0.0964 0.0059 0.0122
0 0.3242 0.1233 0.0059 0.0104
0 0.4023 0.0668 0.0059 0.0122
0 0.4668 0.0382 0.0039 0.0104
0 0.4004 0.1597 0.0098 0.0243
0 0.1621 0.2674 0.0195 0.0486
0 0.0044 0.1354 0.0107 0.0312
0 0.8003 0.526 0.0303 0.0625
0 0.9473 0.5434 0.0527 0.1181
0 0.8896 0.5182 0.0293 0.0642
0 0.7627 0.2665 0.0293 0.0573
0 0.6924 0.2986 0.0254 0.0521
0 0.7319 0.2847 0.0244 0.0382
0 0.6665 0.3151 0.0205 0.0365
0 0.6187 0.3273 0.0283 0.0503
0 0.5737 0.2587 0.0283 0.0521
0 0.479 0.2691 0.0225 0.0521
0 0.4937 0.2405 0.0225 0.0399
0 0.522 0.2405 0.0225 0.0469
0 0.6313 0.2951 0.0225 0.0451
0 0.6704 0.2422 0.0225 0.0469
0 0.6445 0.2231 0.0156 0.0434
0 0.8135 0.2344 0.0273 0.0486
0 0.8477 0.2578 0.0293 0.0538
0 0.9272 0.303 0.0225 0.0469
0 0.9678 0.2674 0.0254 0.0521
0 0.9131 0.2474 0.0234 0.033
0 0.9614 0.1927 0.0205 0.0486
0 0.562 0.1806 0.0146 0.0278
0 0.5923 0.1736 0.0107 0.0278
0 0.5151 0.1823 0.0088 0.0208
0 0.4834 0.1137 0.0098 0.0156
0 0.541 0.1111 0.0078 0.0174
0 0.5605 0.1406 0.0098 0.0243
0 0.5732 0.1484 0.0098 0.0191
0 0.7334 0.178 0.0117 0.0226
0 0.6392 0.184 0.0107 0.0208
0 0.6304 0.1285 0.0068 0.0174
0 0.8735 0.1953 0.0107 0.0191
0 0.8267 0.1884 0.0107 0.0226
0 0.7588 0.1988 0.0098 0.0191
0 0.7422 0.2283 0.0117 0.026
0 0.6924 0.1884 0.0059 0.0156
0 0.5923 0.2361 0.0146 0.0278
0 0.8892 0.1936 0.0107 0.0191
0 0.8506 0.1788 0.0098 0.0174
0 0.9233 0.1233 0.0088 0.0208
0 0.8809 0.1233 0.0098 0.0174
0 0.9609 0.1372 0.0098 0.0174
0 0.9863 0.1224 0.0078 0.0156
0 0.9937 0.0972 0.0088 0.0208
0 0.9448 0.0833 0.0049 0.0139
0 0.9399 0.0373 0.0068 0.0191
0 0.9253 0.0226 0.0049 0.0139
0 0.7437 0.1102 0.0068 0.0156
0 0.8252 0.0964 0.0078 0.0156
0 0.5825 0.0495 0.0068 0.0156
0 0.6426 0.0729 0.0059 0.0139
0 0.6426 0.092 0.0078 0.0139
0 0.6094 0.0582 0.0059 0.0122
0 0.6504 0.0634 0.0059 0.0122
0 0.6855 0.0799 0.0059 0.0139
0 0.7134 0.0434 0.0049 0.0104
0 0.6958 0.0382 0.0068 0.0139
0 0.876 0.0747 0.0059 0.0104
0 0.7808 0.2387 0.0146 0.0399
0 0.8794 0.0451 0.0068 0.0104
0 0.8413 0.0755 0.0068 0.0122
0 0.9219 0.0712 0.0078 0.0174
0 0.8462 0.1302 0.0088 0.0208
0 0.9043 0.0599 0.0078 0.0156
0 0.9775 0.0477 0.0059 0.0122
0 0.9824 0.0833 0.0078 0.0208
0 0.8481 0.0226 0.0068 0.0104
0 0.8442 0.0642 0.0068 0.0104
0 0.8721 0.0269 0.0059 0.0122
0 0.9624 0.0938 0.0088 0.0174
0 0.8872 0.1736 0.0127 0.0243
0 0.9453 0.1849 0.0156 0.0365
0 0.7861 0.0417 0.0059 0.0104
0 0.8701 0.1693 0.0098 0.0226
0 0.8105 0.1319 0.0137 0.0278
0 0.7192 0.5434 0.0283 0.0764
0 0.6304 0.0764 0.0049 0.0104
0 0.0352 0.5712 0.0273 0.0625
0 0.5039 0.5104 0.0234 0.0903
0 0.7275 0.1207 0.0078 0.0191
