0 0.9326 0.552 0.0312 0.0615
0 0.8818 0.5395 0.0137 0.0454
0 0.9077 0.4693 0.0264 0.0337
0 0.9346 0.4392 0.0176 0.0322
0 0.8599 0.4854 0.0166 0.0249
0 0.8423 0.4707 0.0146 0.0249
0 0.958 0.6764 0.0488 0.1259
0 0.9673 0.5761 0.0264 0.0659
0 0.9941 0.5095 0.0098 0.0322
0 0.8296 0.6171 0.0244 0.0395
0 0.7725 0.5842 0.0332 0.0791
0 0.8047 0.4861 0.0156 0.0264
0 0.7012 0.5922 0.0488 0.0805
0 0.7969 0.4671 0.0098 0.0234
0 0.7192 0.4451 0.0107 0.0176
0 0.6807 0.4868 0.0117 0.0307
0 0.7163 0.4209 0.0068 0.0132
0 0.7617 0.4165 0.0078 0.0161
0 0.7046 0.4385 0.0088 0.0161
0 0.7075 0.4224 0.0068 0.0132
0 0.7788 0.541 0.0303 0.0571
0 0.6411 0.4539 0.0088 0.0176
0 0.7808 0.4444 0.0049 0.019
0 0.6055 0.4327 0.0059 0.0161
0 0.5039 0.4634 0.0156 0.0249
0 0.5464 0.4436 0.0127 0.0205
0 0.5283 0.4488 0.0137 0.0249
0 0.4844 0.4327 0.0176 0.022
0 0.458 0.4846 0.0215 0.0351
0 0.4233 0.4649 0.0127 0.0337
0 0.3911 0.5015 0.0264 0.0366
0 0.438 0.5007 0.0127 0.0146
0 0.4009 0.4034 0.0088 0.019
0 0.4307 0.5908 0.0312 0.0512
0 0.2456 0.5652 0.0303 0.0469
0 0.1592 0.5673 0.0195 0.063
0 0.3652 0.4693 0.0254 0.0425
0 0.3398 0.4048 0.0117 0.019
0 0.2012 0.4129 0.0098 0.0205
0 0.23 0.4275 0.0146 0.0264
0 0.2017 0.3924 0.0088 0.0176
0 0.1494 0.429 0.0176 0.0381
0 0.1816 0.4319 0.0176 0.0322
0 0.3828 0.3777 0.0059 0.0117
0 0.3965 0.3755 0.0078 0.0132
0 0.2456 0.3551 0.0068 0.0132
0 0.2515 0.3514 0.0049 0.0088
0 0.3457 0.377 0.0059 0.0132
0 0.2305 0.3887 0.0059 0.019
0 0.5679 0.4649 0.0127 0.0307
0 0.2739 0.4561 0.0068 0.0249
0 0.4746 0.5659 0.0293 0.0571
0 0.0112 0.5432 0.0244 0.1054
0 0.4229 0.4056 0.0078 0.0146
0 0.874 0.1918 0.0098 0.0176
0 0.1602 0.134 0.0117 0.022
0 0.1489 0.1098 0.0107 0.0264
0 0.4097 0.3719 0.0049 0.0088
0 0.3467 0.4004 0.0098 0.019
0 0.2158 0.3814 0.0078 0.0132
0 0.8755 0.5205 0.0205 0.0366
0 0.6787 0.3851 0.0039 0.0088
0 0.5962 0.4114 0.0068 0.0117
0 0.6743 0.4056 0.0068 0.0117
0 0.6382 0.4319 0.0068 0.0117
0 0.6431 0.4202 0.0068 0.0117
0 0.6602 0.4107 0.0078 0.0132
0 0.6606 0.3887 0.0068 0.0132
0 0.6567 0.4012 0.0068 0.0117
0 0.6211 0.3924 0.0059 0.0117
0 0.4868 0.4056 0.0068 0.0146
0 0.4053 0.3799 0.0039 0.0102
0 0.416 0.3821 0.0059 0.0117
0 0.3711 0.3953 0.0098 0.0176
0 0.4126 0.4122 0.0107 0.019
0 0.3389 0.3814 0.0059 0.0102
0 0.501 0.3953 0.0078 0.0146
0 0.5337 0.3895 0.0068 0.0146
0 0.5698 0.4268 0.0049 0.0132
0 0.2993 0.3389 0.0127 0.0337
0 0.2007 0.2701 0.0068 0.019
0 0.1201 0.4839 0.0117 0.0425
0 0.541 0.3946 0.0039 0.0073
0 0.9434 0.951 0.1094 0.0952
