0 0.9336 0.631 0.0645 0.0996
0 0.8213 0.7086 0.1211 0.2138
0 0.7183 0.6164 0.0381 0.0732
0 0.8555 0.5615 0.0273 0.0454
0 0.9004 0.6406 0.0293 0.0512
0 0.8882 0.5 0.0225 0.0337
0 0.876 0.5388 0.0215 0.0322
0 0.8926 0.5571 0.0234 0.0454
0 0.665 0.604 0.0293 0.0512
0 0.6172 0.6794 0.0312 0.0615
0 0.8018 0.5286 0.0156 0.0205
0 0.3501 0.8814 0.1182 0.2108
0 0.3462 0.6054 0.0303 0.0571
0 0.2363 0.6325 0.0352 0.0615
0 0.1904 0.7138 0.0938 0.142
0 0.3101 0.6237 0.0166 0.0293
0 0.2803 0.6515 0.0215 0.041
0 0.2871 0.6193 0.0234 0.0381
0 0.126 0.653 0.0391 0.0703
0 0.1289 0.5249 0.0195 0.0337
0 0.2324 0.5242 0.0117 0.0264
0 0.0605 0.5556 0.0605 0.0922
0 0.2212 0.5688 0.0088 0.019
0 0.7656 0.5564 0.0176 0.0264
0 0.6357 0.6018 0.0234 0.0351
0 0.4775 0.4048 0.084 0.1303
0 0.8125 0.5432 0.0117 0.0234
