0 0.1846 0.4868 0.1777 0.2382
0 0.5215 0.6882 0.0938 0.1588
0 0.8833 0.3772 0.1045 0.2162
0 0.0103 0.5743 0.0225 0.0868
0 0.0029 0.425 0.0078 0.0324
0 0.002 0.3824 0.0059 0.0176
0 0.0249 0.3801 0.0146 0.0191
0 0.2236 0.3221 0.0098 0.0176
0 0.2476 0.3015 0.0088 0.0206
0 0.2603 0.2919 0.0088 0.0191
0 0.2705 0.4301 0.0254 0.0338
0 0.3394 0.3522 0.0107 0.0191
0 0.3623 0.3926 0.0215 0.0382
0 0.356 0.5515 0.0537 0.0941
0 0.397 0.439 0.0264 0.0485
0 0.5737 0.4471 0.0361 0.0471
0 0.9766 0.3875 0.0293 0.0426
0 0.9565 0.2669 0.0205 0.0309
0 0.9761 0.2618 0.0088 0.0176
0 0.9795 0.25 0.0078 0.0147
