0 0.5527 0.3177 0.0566 0.0885
0 0.4717 0.3359 0.0605 0.0911
0 0.374 0.3034 0.082 0.1198
0 0.4062 0.209 0.0449 0.0716
0 0.4336 0.1647 0.041 0.0638
0 0.9204 0.3535 0.0771 0.1107
0 0.8857 0.2493 0.0391 0.0534
0 0.8438 0.2565 0.0449 0.0677
0 0.9009 0.1686 0.0205 0.0378
0 0.8652 0.1478 0.0195 0.0378
0 0.7617 0.1634 0.0332 0.0508
0 0.9189 0.0924 0.0703 0.0911
0 0.6499 0.2467 0.0459 0.0794
0 0.7114 0.2331 0.0322 0.0599
0 0.7939 0.1204 0.0215 0.0326
0 0.6816 0.1087 0.0195 0.0378
0 0.644 0.0267 0.0107 0.0169
0 0.4204 0.6348 0.1279 0.1523
0 0.0361 0.6621 0.0742 0.1784
0 0.2969 0.1374 0.041 0.0638
0 0.3315 0.0957 0.0186 0.0352
0 0.1177 0.2292 0.0498 0.0781
0 0.0283 0.1797 0.0352 0.0573
0 0.0625 0.1178 0.0293 0.056
0 0.2319 0.11 0.0322 0.0508
0 0.0767 0.0736 0.0225 0.0378
0 0.0508 0.0247 0.0137 0.0208
0 0.144 0.071 0.0166 0.0273
0 0.438 0.0768 0.0127 0.0208
0 0.3945 0.0664 0.0137 0.0234
0 0.5625 0.1243 0.0176 0.0273
0 0.5034 0.1615 0.0303 0.0417
0 0.5146 0.0788 0.0176 0.0299
0 0.5532 0.0267 0.0127 0.0169
0 0.6094 0.0221 0.0332 0.0443
0 0.5449 0.1243 0.0215 0.0352
0 0.1196 0.0697 0.0127 0.0221
0 0.2412 0.0846 0.0137 0.0234
0 0.0283 0.0228 0.0137 0.0221
0 0.2041 0.2565 0.0723 0.0911
0 0.9927 0.1836 0.0127 0.0365
0 0.3667 0.0247 0.0088 0.013
0 0.0093 0.2793 0.0205 0.0898
