0 0.1362 0.804 0.0225 0.0169
0 0.1167 0.7923 0.0205 0.0169
0 0.144 0.79 0.0303 0.0241
0 0.1782 0.7949 0.0225 0.0208
0 0.2031 0.7959 0.0234 0.0176
0 0.0752 0.7826 0.0254 0.0169
0 0.042 0.7975 0.0254 0.0169
0 0.0425 0.7712 0.0283 0.0189
0 0.0771 0.7689 0.0273 0.0208
0 0.104 0.7559 0.0303 0.0234
0 0.125 0.7715 0.0215 0.0156
0 0.165 0.7747 0.0234 0.0169
0 0.187 0.7666 0.0303 0.0215
0 0.2061 0.7565 0.0215 0.0182
0 0.1538 0.7467 0.0225 0.0195
0 0.125 0.7415 0.0254 0.0195
0 0.0449 0.7539 0.0234 0.0208
0 0.0757 0.748 0.0264 0.0208
0 0.0591 0.7321 0.0225 0.015
0 0.0293 0.6908 0.0234 0.0169
0 0.0693 0.7028 0.0273 0.0215
0 0.0894 0.7035 0.0205 0.0215
0 0.1211 0.7178 0.0254 0.0215
0 0.1411 0.7194 0.0244 0.0221
0 0.1738 0.7285 0.0195 0.013
0 0.1929 0.735 0.0283 0.0195
0 0.2236 0.7308 0.0254 0.015
0 0.2456 0.7477 0.0225 0.0215
0 0.2041 0.722 0.0195 0.013
0 0.2461 0.7243 0.0156 0.0163
0 0.2319 0.71 0.0244 0.0215
0 0.1968 0.7064 0.0264 0.0208
0 0.1724 0.7103 0.0264 0.0208
0 0.1489 0.7119 0.0186 0.0137
0 0.002 0.7523 0.0059 0.0215
0 0.0215 0.8112 0.0254 0.0234
0 0.0229 0.7822 0.0303 0.0189
0 0.0181 0.7152 0.0264 0.0189
0 0.0107 0.7025 0.0215 0.0195
0 0.1226 0.7005 0.0225 0.0143
0 0.0884 0.6888 0.0186 0.0156
0 0.1548 0.6865 0.0146 0.0137
0 0.1753 0.6914 0.0225 0.0182
0 0.2153 0.695 0.0186 0.015
0 0.2383 0.695 0.0137 0.0163
0 0.2725 0.6908 0.0273 0.0169
0 0.0249 0.68 0.0186 0.015
0 0.021 0.6605 0.0146 0.0137
0 0.0913 0.6641 0.0186 0.013
0 0.0879 0.652 0.0156 0.0124
0 0.1196 0.6738 0.0205 0.0156
0 0.1475 0.6771 0.0156 0.013
0 0.1733 0.6693 0.0146 0.0143
0 0.1929 0.6582 0.0186 0.0143
0 0.2163 0.6693 0.0205 0.013
0 0.3125 0.7604 0.0254 0.0208
0 0.354 0.8115 0.0283 0.0163
0 0.3564 0.7943 0.0293 0.0156
0 0.3457 0.7803 0.0254 0.0215
0 0.3955 0.791 0.0215 0.0182
0 0.3818 0.7747 0.0254 0.0208
0 0.3291 0.737 0.0254 0.0234
0 0.356 0.7546 0.0264 0.0195
0 0.3584 0.7386 0.0234 0.0176
0 0.3306 0.7139 0.0186 0.0189
0 0.3584 0.722 0.0234 0.0169
0 0.2612 0.6764 0.0205 0.0195
0 0.2329 0.6536 0.0166 0.0182
0 0.2246 0.6416 0.0195 0.015
0 0.2412 0.6351 0.0215 0.0137
0 0.021 0.6338 0.0205 0.0124
0 0.1133 0.6348 0.0156 0.013
0 0.2812 0.6748 0.0254 0.0163
0 0.2729 0.6458 0.0225 0.0169
0 0.2949 0.6605 0.0195 0.0163
0 0.3096 0.6413 0.0215 0.0143
0 0.3027 0.6859 0.0156 0.0163
0 0.3306 0.6846 0.0205 0.0176
0 0.3364 0.6689 0.0205 0.0163
0 0.1377 0.6927 0.0215 0.0143
0 0.3496 0.7015 0.0215 0.0176
0 0.3716 0.7028 0.0264 0.0189
0 0.4219 0.7764 0.0195 0.0163
0 0.4609 0.777 0.0254 0.0176
0 0.437 0.7643 0.0225 0.0182
0 0.4028 0.7646 0.0166 0.0137
0 0.3965 0.7275 0.0273 0.0189
0 0.377 0.7327 0.0176 0.0124
0 0.4204 0.7298 0.0146 0.0182
0 0.4404 0.7178 0.0195 0.015
0 0.3916 0.7048 0.0195 0.0163
0 0.4292 0.7106 0.0205 0.0163
0 0.416 0.7051 0.0195 0.013
0 0.4453 0.6956 0.0195 0.0163
0 0.4233 0.6878 0.0205 0.0163
0 0.4023 0.681 0.0195 0.0169
0 0.4082 0.6966 0.0195 0.0156
0 0.3828 0.6654 0.0137 0.0143
0 0.396 0.6673 0.0186 0.0117
0 0.4585 0.6758 0.0244 0.0156
0 0.4331 0.6686 0.0186 0.0143
0 0.4165 0.6533 0.0205 0.0163
0 0.4546 0.6556 0.0166 0.0143
0 0.4785 0.6644 0.0215 0.0189
0 0.4858 0.6833 0.0186 0.0163
0 0.4863 0.7354 0.0254 0.0163
0 0.4907 0.7559 0.0244 0.0169
0 0.002 0.6276 0.0059 0.0143
0 0.0098 0.6188 0.0156 0.0124
0 0.0337 0.6217 0.0146 0.0117
0 0.0483 0.6354 0.0146 0.0091
0 0.0527 0.6253 0.0176 0.0124
0 0.1592 0.6279 0.0156 0.0111
0 0.1377 0.627 0.0117 0.013
0 0.1958 0.6296 0.0146 0.0104
0 0.2451 0.6237 0.0156 0.0117
0 0.2764 0.6325 0.0098 0.0085
0 0.269 0.6204 0.0127 0.0104
0 0.2876 0.6234 0.0166 0.0111
0 0.3032 0.6198 0.0166 0.013
0 0.3345 0.6201 0.0068 0.0124
0 0.3613 0.623 0.0156 0.0143
0 0.3848 0.6257 0.0176 0.013
0 0.4258 0.6341 0.0176 0.013
0 0.3989 0.6217 0.0146 0.0104
0 0.4209 0.6195 0.0117 0.0111
0 0.4565 0.6276 0.0146 0.0117
0 0.4438 0.6185 0.0186 0.0117
0 0.4731 0.6263 0.0166 0.0117
0 0.2031 0.6188 0.0117 0.0098
0 0.2183 0.6169 0.0186 0.0111
0 0.1475 0.6208 0.0156 0.0098
0 0.5137 0.7728 0.0254 0.0182
0 0.522 0.7474 0.0244 0.0143
0 0.5464 0.7435 0.0205 0.0169
0 0.5645 0.7572 0.0332 0.0208
0 0.6421 0.7598 0.0264 0.0156
0 0.728 0.7816 0.0264 0.0176
0 0.6167 0.738 0.0283 0.0163
0 0.6826 0.738 0.0215 0.0202
0 0.7197 0.7539 0.0254 0.0221
0 0.8096 0.7441 0.0234 0.0169
0 0.771 0.7259 0.0283 0.0221
0 0.8442 0.7324 0.0205 0.0156
0 0.8711 0.7493 0.0254 0.0208
0 0.9424 0.7777 0.0254 0.0176
0 0.9805 0.7578 0.0254 0.0182
0 0.9575 0.7542 0.0166 0.0137
0 0.938 0.7419 0.0244 0.0189
0 0.9248 0.7393 0.0234 0.0163
0 0.9072 0.7318 0.0234 0.0169
0 0.8911 0.7214 0.0205 0.0195
0 0.9531 0.7171 0.0176 0.0163
0 0.957 0.7298 0.0215 0.0182
0 0.9771 0.7288 0.0205 0.0163
0 0.9268 0.7129 0.0215 0.0169
0 0.9048 0.7109 0.0146 0.013
0 0.8745 0.7139 0.0225 0.0163
0 0.832 0.7165 0.0195 0.0176
0 0.8018 0.7207 0.0215 0.0182
0 0.7705 0.7054 0.0215 0.0163
0 0.7397 0.7061 0.0205 0.015
0 0.7119 0.7119 0.0215 0.0163
0 0.6968 0.7207 0.0225 0.0182
0 0.728 0.7292 0.0225 0.0221
0 0.6133 0.7126 0.0234 0.015
0 0.6592 0.7233 0.0215 0.0169
0 0.6865 0.71 0.0176 0.015
0 0.5801 0.7106 0.0234 0.0189
0 0.5063 0.681 0.0225 0.0143
0 0.4951 0.6296 0.0215 0.0169
0 0.396 0.6559 0.0205 0.015
0 0.5117 0.6556 0.0195 0.0156
0 0.5557 0.6738 0.0176 0.0143
0 0.5625 0.6904 0.0254 0.0202
0 0.5845 0.6859 0.0225 0.0202
0 0.6177 0.6969 0.0205 0.0163
0 0.6162 0.682 0.0176 0.0163
0 0.6294 0.6865 0.0166 0.0176
0 0.6553 0.6823 0.0254 0.0143
0 0.6973 0.6995 0.0195 0.0202
0 0.6895 0.6781 0.0254 0.015
0 0.709 0.6859 0.0176 0.0176
0 0.7271 0.6855 0.0225 0.0182
0 0.7666 0.6868 0.0195 0.0169
0 0.7964 0.6888 0.0225 0.013
0 0.8198 0.6963 0.0186 0.0137
0 0.835 0.6973 0.0195 0.0143
0 0.8623 0.695 0.0176 0.0163
0 0.8755 0.694 0.0225 0.0182
0 0.9092 0.693 0.0254 0.0202
0 0.8994 0.6963 0.0176 0.015
0 0.9419 0.695 0.0225 0.0176
0 0.9668 0.6865 0.0176 0.0137
0 0.9824 0.6868 0.0215 0.0143
0 0.981 0.6999 0.0225 0.0195
0 0.9814 0.6706 0.0176 0.0169
0 0.9521 0.6768 0.0195 0.0163
0 0.9355 0.6738 0.0176 0.0117
0 0.8779 0.6813 0.0176 0.015
0 0.9009 0.6676 0.0205 0.0137
0 0.9673 0.6514 0.0225 0.015
0 0.939 0.6452 0.0186 0.0143
0 0.8906 0.6436 0.0195 0.0137
0 0.9121 0.6602 0.0176 0.0169
0 0.8823 0.6663 0.0166 0.0124
0 0.8652 0.6536 0.0176 0.0143
0 0.8599 0.6354 0.0186 0.0143
0 0.8374 0.6553 0.0205 0.015
0 0.8433 0.6758 0.0205 0.013
0 0.8247 0.668 0.0205 0.0182
0 0.8047 0.666 0.0215 0.0182
0 0.8159 0.651 0.0166 0.0117
0 0.792 0.6449 0.0195 0.0176
0 0.7617 0.6445 0.0176 0.0143
0 0.7681 0.6709 0.0244 0.015
0 0.729 0.6481 0.0186 0.0137
0 0.6792 0.6569 0.0186 0.0156
0 0.6377 0.6709 0.0195 0.0137
0 0.625 0.6608 0.0176 0.013
0 0.6187 0.6439 0.0166 0.0104
0 0.5425 0.6556 0.0186 0.0156
0 0.5225 0.6914 0.0215 0.0169
0 0.5654 0.6439 0.0195 0.013
0 0.5215 0.6413 0.0176 0.013
0 0.5806 0.6348 0.0186 0.0143
0 0.3203 0.6081 0.0176 0.0117
0 0.3428 0.6113 0.0137 0.0117
0 0.3687 0.609 0.0127 0.0085
0 0.3809 0.6169 0.0176 0.0124
0 0.4082 0.6143 0.0176 0.0098
0 0.4717 0.6146 0.0176 0.013
0 0.5117 0.6162 0.0156 0.0111
0 0.5439 0.61 0.0176 0.0117
0 0.5718 0.6234 0.0127 0.0111
0 0.5532 0.6188 0.0166 0.0111
0 0.5903 0.6143 0.0166 0.0124
0 0.6196 0.6237 0.0186 0.0117
0 0.6807 0.637 0.0195 0.0124
0 0.6377 0.6178 0.0176 0.0117
0 0.665 0.6357 0.0137 0.0111
0 0.6953 0.6286 0.0117 0.0098
0 0.6816 0.6208 0.0117 0.0085
0 0.7358 0.6387 0.0186 0.013
0 0.7842 0.6296 0.0137 0.0143
0 0.7441 0.6214 0.0176 0.0111
0 0.7266 0.6185 0.0137 0.0117
0 0.7998 0.6224 0.0117 0.0117
0 0.8252 0.6201 0.0176 0.0111
0 0.8916 0.6266 0.0176 0.0137
0 0.9199 0.6237 0.0176 0.0117
0 0.9341 0.6292 0.0146 0.0137
0 0.9658 0.6204 0.0176 0.0143
0 0.2959 0.6032 0.0098 0.0072
0 0.3066 0.5931 0.0117 0.0104
0 0.2944 0.5889 0.0107 0.0124
0 0.3247 0.5863 0.0146 0.0111
0 0.3125 0.5827 0.0117 0.0104
0 0.3027 0.5391 0.0117 0.0104
0 0.3354 0.6032 0.0107 0.0098
0 0.3594 0.5977 0.0176 0.013
0 0.3535 0.5843 0.0117 0.0098
0 0.3892 0.6051 0.0146 0.0111
0 0.4194 0.6032 0.0127 0.0111
0 0.4565 0.6042 0.0186 0.0117
0 0.437 0.5957 0.0146 0.0117
0 0.4199 0.5931 0.0156 0.0117
0 0.3716 0.5924 0.0146 0.0104
0 0.3311 0.5781 0.0117 0.0065
0 0.3296 0.5726 0.0146 0.0098
0 0.3564 0.5736 0.0156 0.0104
0 0.3647 0.57 0.0107 0.0098
0 0.3774 0.5729 0.0146 0.0117
0 0.3882 0.5771 0.0107 0.0111
0 0.4077 0.583 0.0146 0.0111
0 0.4077 0.5723 0.0146 0.0104
0 0.4268 0.582 0.0176 0.0117
0 0.4609 0.5983 0.0137 0.0104
0 0.4678 0.5833 0.0156 0.0104
0 0.438 0.5856 0.0146 0.0098
0 0.4497 0.5775 0.0127 0.0078
0 0.4849 0.6016 0.0127 0.0117
0 0.5039 0.6074 0.0117 0.0117
0 0.5205 0.6055 0.0117 0.0117
0 0.5117 0.5924 0.0176 0.013
0 0.5469 0.5999 0.0156 0.0098
0 0.5361 0.5996 0.0117 0.0117
0 0.5664 0.5931 0.0156 0.0143
0 0.5889 0.5993 0.0176 0.0124
0 0.6045 0.6045 0.0117 0.0111
0 0.6177 0.6055 0.0146 0.0143
0 0.6831 0.6097 0.0127 0.0111
0 0.6738 0.6009 0.0156 0.0117
0 0.7207 0.6058 0.0176 0.0137
0 0.7583 0.6143 0.0166 0.0111
0 0.7793 0.6198 0.0176 0.013
0 0.7754 0.6084 0.0176 0.015
0 0.8062 0.6061 0.0166 0.0117
0 0.8306 0.6048 0.0146 0.0117
0 0.8452 0.6087 0.0166 0.0143
0 0.9087 0.6143 0.0166 0.0137
0 0.896 0.6009 0.0166 0.0169
0 0.9526 0.6149 0.0127 0.0098
0 0.9438 0.6117 0.0127 0.0111
0 0.8706 0.6113 0.0303 0.0182
0 0.9746 0.609 0.0195 0.015
0 0.957 0.6016 0.0117 0.013
0 0.9443 0.6035 0.0117 0.013
0 0.9619 0.5918 0.0117 0.0117
0 0.9487 0.5853 0.0107 0.0104
0 0.9678 0.5863 0.0176 0.0137
0 0.9702 0.5723 0.0107 0.0117
0 0.9429 0.5765 0.0127 0.0085
0 0.9531 0.569 0.0117 0.0078
0 0.9155 0.5703 0.0166 0.0117
0 0.9609 0.5638 0.0117 0.0091
0 0.9785 0.5456 0.0117 0.0117
0 0.8833 0.5798 0.0127 0.0098
0 0.8984 0.5661 0.0098 0.0085
0 0.8545 0.5964 0.0117 0.0091
0 0.8193 0.596 0.0156 0.0098
0 0.8315 0.5892 0.0127 0.0117
0 0.8311 0.5814 0.0156 0.0104
0 0.8403 0.5739 0.0127 0.0111
0 0.8594 0.5739 0.0117 0.0098
0 0.8882 0.5677 0.0146 0.0078
0 0.8057 0.5863 0.0137 0.0124
0 0.7661 0.599 0.0146 0.0117
0 0.7749 0.5892 0.0186 0.013
0 0.792 0.5869 0.0098 0.0098
0 0.6948 0.5876 0.0186 0.0098
0 0.6631 0.5941 0.0156 0.0098
0 0.644 0.5908 0.0146 0.0124
0 0.6279 0.5954 0.0176 0.0137
0 0.6069 0.5957 0.0186 0.013
0 0.5908 0.5879 0.0176 0.0143
0 0.5776 0.5798 0.0146 0.0124
0 0.7207 0.5697 0.0137 0.0091
0 0.707 0.5693 0.0137 0.0098
0 0.7876 0.5615 0.0107 0.0098
0 0.7236 0.5628 0.0117 0.0085
0 0.7466 0.5765 0.0127 0.0111
0 0.7656 0.5618 0.0117 0.0078
0 0.7793 0.5557 0.0098 0.0098
0 0.7593 0.5557 0.0127 0.0085
0 0.7441 0.5566 0.0137 0.013
0 0.7212 0.555 0.0146 0.0111
0 0.7017 0.5527 0.0127 0.0117
0 0.667 0.5592 0.0137 0.0078
0 0.6245 0.5648 0.0127 0.0098
0 0.6313 0.5628 0.0088 0.0111
0 0.6104 0.5651 0.0078 0.0091
0 0.6196 0.5573 0.0146 0.0091
0 0.6387 0.5553 0.0117 0.0078
0 0.5479 0.5661 0.0156 0.0111
0 0.5605 0.5544 0.0156 0.0098
0 0.5957 0.5632 0.0117 0.0078
0 0.585 0.5537 0.0137 0.0098
0 0.498 0.5641 0.0137 0.0059
0 0.4937 0.5729 0.0107 0.0117
0 0.5244 0.5632 0.0176 0.0104
0 0.5361 0.5615 0.0098 0.0072
0 0.0986 0.611 0.0176 0.0111
0 0.085 0.6143 0.0137 0.0085
0 0.0752 0.6263 0.0156 0.0078
0 0.043 0.6143 0.0137 0.0111
0 0.0562 0.6178 0.0127 0.0104
0 0.0723 0.6077 0.0156 0.0111
0 0.0142 0.6042 0.0146 0.0091
0 0.0254 0.6094 0.0117 0.0091
0 0.0088 0.5954 0.0117 0.0098
0 0.02 0.5983 0.0127 0.0091
0 0.0312 0.5947 0.0137 0.0098
0 0.0537 0.6048 0.0117 0.0078
0 0.085 0.6035 0.0117 0.0078
0 0.0547 0.5954 0.0137 0.0085
0 0.0981 0.5931 0.0127 0.0078
0 0.085 0.5911 0.0098 0.0078
0 0.0737 0.5895 0.0127 0.0085
0 0.0142 0.5882 0.0146 0.0111
0 0.0293 0.5801 0.0137 0.0091
0 0.0254 0.5697 0.0117 0.0078
0 0.0142 0.5755 0.0107 0.0065
0 0.0039 0.5723 0.0098 0.0091
0 0.0029 0.5824 0.0078 0.0098
0 0.0098 0.5671 0.0117 0.0091
0 0.0029 0.5592 0.0078 0.0091
0 0.0132 0.5482 0.0146 0.0091
0 0.0439 0.5775 0.0098 0.0065
0 0.043 0.5664 0.0098 0.0078
0 0.0669 0.5693 0.0127 0.0098
0 0.0562 0.5615 0.0107 0.0085
0 0.0586 0.5518 0.0117 0.0072
0 0.0493 0.5521 0.0088 0.0078
0 0.0381 0.5521 0.0098 0.0078
0 0.0386 0.5365 0.0107 0.0078
0 0.0151 0.5374 0.0127 0.0085
0 0.0024 0.5355 0.0068 0.0072
0 0.1299 0.6143 0.0176 0.0124
0 0.5337 0.5866 0.0166 0.013
0 0.5513 0.582 0.0146 0.013
0 0.5059 0.5742 0.0176 0.0104
0 0.5293 0.5765 0.0137 0.0124
0 0.7573 0.5853 0.0166 0.013
0 0.6968 0.5765 0.0146 0.0111
0 0.6694 0.5824 0.0146 0.0098
0 0.6514 0.5771 0.0137 0.0111
0 0.6724 0.5745 0.0127 0.0085
0 0.6816 0.5762 0.0156 0.0117
0 0.624 0.5814 0.0176 0.0117
0 0.6064 0.583 0.0137 0.0098
0 0.5952 0.5758 0.0127 0.0111
0 0.5664 0.5693 0.0156 0.0098
0 0.4351 0.5719 0.0146 0.0098
0 0.4526 0.5677 0.0146 0.0117
0 0.4146 0.5654 0.0146 0.015
0 0.874 0.599 0.0137 0.0117
0 0.9482 0.5501 0.0176 0.0065
0 0.939 0.5426 0.0107 0.0085
0 0.9614 0.5563 0.0107 0.0111
0 0.9771 0.5677 0.0127 0.0104
0 0.915 0.5547 0.0176 0.0104
0 0.8979 0.5602 0.0107 0.0072
0 0.8662 0.5596 0.0117 0.0098
0 0.8799 0.5599 0.0098 0.0104
0 0.8877 0.557 0.0098 0.0098
0 0.8599 0.557 0.0088 0.0098
0 0.8511 0.554 0.0166 0.0091
0 0.7881 0.5791 0.0117 0.0098
0 0.7725 0.5749 0.0117 0.0065
0 0.1157 0.5957 0.0146 0.0091
0 0.1274 0.5951 0.0146 0.0117
0 0.1392 0.6025 0.0107 0.0098
0 0.1543 0.6068 0.0117 0.0078
0 0.1509 0.5977 0.0146 0.0104
0 0.1436 0.5898 0.0176 0.0104
0 0.1685 0.6146 0.0186 0.013
0 0.1924 0.6094 0.0156 0.0091
0 0.1758 0.6009 0.0156 0.0104
0 0.2017 0.611 0.0127 0.0098
0 0.2051 0.6058 0.0137 0.0111
0 0.2217 0.5957 0.0176 0.0117
0 0.2544 0.6126 0.0146 0.0104
0 0.2798 0.6117 0.0146 0.0098
0 0.2822 0.6042 0.0117 0.0091
0 0.2642 0.6081 0.0146 0.0104
0 0.2651 0.5947 0.0146 0.0085
0 0.2393 0.599 0.0137 0.0091
0 0.2422 0.5879 0.0137 0.0104
0 0.2529 0.5895 0.0117 0.0137
0 0.2759 0.5853 0.0127 0.0091
0 0.2896 0.5755 0.0107 0.0091
0 0.2671 0.5732 0.0166 0.0111
0 0.2812 0.5716 0.0137 0.0091
0 0.291 0.5664 0.0117 0.0091
0 0.2983 0.5586 0.0107 0.0091
0 0.2446 0.5755 0.0127 0.0091
0 0.2842 0.5459 0.0137 0.0098
0 0.0859 0.583 0.0117 0.0098
0 0.1133 0.5827 0.0117 0.0078
0 0.127 0.5866 0.0156 0.0104
0 0.127 0.5785 0.0137 0.0085
0 0.1133 0.5726 0.0137 0.0085
0 0.1367 0.569 0.0156 0.0104
0 0.1006 0.5814 0.0117 0.0078
0 0.1006 0.5758 0.0117 0.0072
0 0.0962 0.5671 0.0127 0.0091
0 0.0869 0.5602 0.0117 0.0111
0 0.0781 0.5589 0.0098 0.0098
0 0.0713 0.5518 0.0117 0.0085
0 0.064 0.5596 0.0107 0.0098
0 0.0864 0.5495 0.0127 0.0091
0 0.0996 0.5521 0.0098 0.0091
0 0.1104 0.5544 0.0137 0.0085
0 0.1099 0.5635 0.0107 0.0085
0 0.1201 0.557 0.0117 0.0085
0 0.1382 0.5521 0.0107 0.0078
0 0.1724 0.5895 0.0127 0.0098
0 0.1621 0.5951 0.0117 0.0091
0 0.2109 0.5892 0.0117 0.0104
0 0.2051 0.5833 0.0137 0.0104
0 0.1904 0.5749 0.0156 0.0117
0 0.1851 0.5928 0.0127 0.0098
0 0.2012 0.5964 0.0137 0.0104
0 0.1523 0.5723 0.0117 0.0104
0 0.1733 0.5778 0.0127 0.0098
0 0.2163 0.571 0.0127 0.0091
0 0.2271 0.5612 0.0127 0.0091
0 0.2183 0.556 0.0127 0.0091
0 0.2344 0.554 0.0078 0.0052
0 0.1592 0.5573 0.0137 0.0104
0 0.1953 0.5586 0.0137 0.0078
0 0.2056 0.5628 0.0107 0.0059
0 0.1733 0.5547 0.0107 0.0078
0 0.1777 0.5667 0.0117 0.0098
0 0.207 0.5508 0.0098 0.0065
0 0.2578 0.5446 0.0117 0.0072
0 0.2651 0.5407 0.0107 0.0085
0 0.252 0.5433 0.0098 0.0085
0 0.2466 0.5384 0.0068 0.0052
0 0.2505 0.5286 0.0088 0.0065
0 0.291 0.5273 0.0117 0.0078
0 0.2617 0.5553 0.0078 0.0065
0 0.2368 0.5469 0.0107 0.0091
0 0.2168 0.5352 0.0098 0.0078
0 0.8306 0.5677 0.0127 0.0078
0 0.8135 0.5719 0.0156 0.0111
0 0.9844 0.5345 0.0098 0.0091
0 0.9858 0.5856 0.0146 0.0098
0 0.9399 0.5645 0.0127 0.0091
0 0.9844 0.5511 0.0156 0.0085
0 0.9824 0.5225 0.0098 0.0072
0 0.9927 0.5192 0.0107 0.0072
0 0.9814 0.5107 0.0098 0.0072
0 0.9858 0.5029 0.0127 0.0072
0 0.9751 0.4941 0.0088 0.0052
0 0.981 0.4909 0.0088 0.0065
0 0.9932 0.4886 0.0078 0.0059
0 0.9883 0.4844 0.0078 0.0065
0 0.9272 0.5244 0.0107 0.0059
0 0.9702 0.5124 0.0107 0.0078
0 0.957 0.5117 0.0098 0.0065
0 0.9419 0.5104 0.0088 0.0065
0 0.9727 0.5352 0.0137 0.0091
0 0.9541 0.5355 0.0137 0.0085
0 0.9478 0.5176 0.0107 0.0078
0 0.9258 0.5101 0.0098 0.0072
0 0.9316 0.5046 0.0098 0.0078
0 0.9619 0.4993 0.0117 0.0078
0 0.9492 0.4984 0.0078 0.0059
0 0.9624 0.4893 0.0088 0.0059
0 0.9771 0.4827 0.0088 0.0072
0 0.9473 0.4909 0.0098 0.0065
0 0.9585 0.4814 0.0088 0.0072
0 0.9473 0.4854 0.0098 0.0046
0 0.9678 0.4798 0.0098 0.0065
0 0.9414 0.4827 0.0098 0.0072
0 0.9434 0.4714 0.0078 0.0052
0 0.9517 0.4714 0.0088 0.0065
0 0.9604 0.4655 0.0068 0.0052
0 0.9775 0.4574 0.0059 0.0046
0 0.9893 0.4593 0.0059 0.0046
0 0.9854 0.4531 0.0059 0.0039
0 0.9922 0.4486 0.0078 0.0091
0 0.9775 0.4489 0.0059 0.0046
0 0.8086 0.5547 0.0078 0.0078
0 0.8296 0.5586 0.0107 0.0065
0 0.8262 0.5488 0.0117 0.0078
0 0.8638 0.5413 0.0107 0.0085
0 0.8379 0.5355 0.0117 0.0072
0 0.8252 0.5352 0.0117 0.0078
0 0.8413 0.5254 0.0107 0.0078
0 0.8677 0.5299 0.0088 0.0078
0 0.8857 0.541 0.0117 0.0065
0 0.8516 0.5446 0.0098 0.0059
0 0.8896 0.5218 0.0098 0.0072
0 0.9053 0.5208 0.0098 0.0065
0 0.8633 0.5176 0.0098 0.0065
0 0.8677 0.5238 0.0107 0.0059
0 0.8701 0.512 0.0098 0.0059
0 0.8804 0.5075 0.0107 0.0085
0 0.8853 0.5169 0.0088 0.0052
0 0.9043 0.5068 0.0078 0.0059
0 0.8911 0.5055 0.0107 0.0072
0 0.8999 0.4964 0.0088 0.0072
0 0.9248 0.4967 0.0098 0.0065
0 0.9248 0.485 0.0098 0.0052
0 0.9302 0.4899 0.0107 0.0072
0 0.8906 0.4886 0.0078 0.0046
0 0.9116 0.4769 0.0068 0.0046
0 0.916 0.4831 0.0078 0.0052
0 0.8657 0.4909 0.0088 0.0065
0 0.873 0.5013 0.0078 0.0052
0 0.8647 0.5059 0.0088 0.0065
0 0.856 0.5075 0.0107 0.0072
0 0.8882 0.4779 0.0068 0.0052
0 0.9165 0.4958 0.0088 0.0046
0 0.8125 0.5368 0.0117 0.0085
0 0.8052 0.5508 0.0107 0.0078
0 0.7944 0.5465 0.0127 0.0072
0 0.7769 0.5482 0.0107 0.0065
0 0.7783 0.5387 0.0137 0.0085
0 0.7993 0.5348 0.0146 0.0085
0 0.8174 0.5228 0.0137 0.0078
0 0.8027 0.5286 0.0117 0.0065
0 0.8071 0.5146 0.0107 0.0059
0 0.8022 0.5225 0.0107 0.0072
0 0.7842 0.5277 0.0098 0.0072
0 0.7866 0.5228 0.0107 0.0078
0 0.791 0.5127 0.0098 0.0072
0 0.8018 0.5098 0.0098 0.0078
0 0.7339 0.5505 0.0127 0.0085
0 0.7559 0.5472 0.0117 0.0072
0 0.7471 0.5488 0.0117 0.0078
0 0.7505 0.5387 0.0107 0.0072
0 0.7134 0.5482 0.0107 0.0078
0 0.6865 0.5521 0.0117 0.0078
0 0.6851 0.5651 0.0107 0.0078
0 0.7192 0.5404 0.0127 0.0078
0 0.7339 0.5407 0.0107 0.0072
0 0.7397 0.5394 0.0107 0.0085
0 0.7212 0.5303 0.0107 0.0085
0 0.7451 0.5286 0.0098 0.0065
0 0.7441 0.5195 0.0098 0.0078
0 0.7627 0.5251 0.0117 0.0059
0 0.7036 0.5199 0.0127 0.0085
0 0.6929 0.5169 0.0107 0.0078
0 0.6836 0.5114 0.0098 0.0072
0 0.6992 0.5098 0.0117 0.0078
0 0.7134 0.5088 0.0127 0.0085
0 0.7295 0.516 0.0117 0.0072
0 0.7236 0.526 0.0098 0.0065
0 0.7593 0.5107 0.0127 0.0085
0 0.7803 0.5114 0.0117 0.0072
0 0.7778 0.5231 0.0107 0.0072
0 0.7485 0.5085 0.0127 0.0078
0 0.7373 0.5153 0.0098 0.0072
0 0.7251 0.5081 0.0088 0.0072
0 0.7012 0.5013 0.0098 0.0065
0 0.749 0.5033 0.0098 0.0065
0 0.77 0.5036 0.0107 0.0072
0 0.7837 0.5013 0.0068 0.0052
0 0.7695 0.4984 0.0098 0.0059
0 0.7568 0.4932 0.0078 0.0059
0 0.7749 0.4857 0.0088 0.0065
0 0.7808 0.4889 0.0088 0.0065
0 0.7871 0.4912 0.0078 0.0059
0 0.8071 0.4922 0.0088 0.0052
0 0.8154 0.5026 0.0117 0.0078
0 0.8379 0.5117 0.0137 0.0104
0 0.8252 0.4964 0.0117 0.0059
0 0.8457 0.4902 0.0078 0.0078
0 0.8384 0.4876 0.0088 0.0091
0 0.8413 0.4769 0.0088 0.0059
0 0.7432 0.4967 0.0098 0.0065
0 0.7178 0.499 0.0078 0.0059
0 0.7212 0.4902 0.0088 0.0052
0 0.7202 0.4854 0.0127 0.0072
0 0.7397 0.4873 0.0088 0.0059
0 0.7378 0.4759 0.0068 0.0039
0 0.7231 0.4808 0.0088 0.0059
0 0.7524 0.4854 0.0068 0.0046
0 0.7676 0.4769 0.0078 0.0072
0 0.7778 0.4717 0.0088 0.0072
0 0.7949 0.4821 0.0098 0.0059
0 0.7983 0.4782 0.0088 0.0072
0 0.7329 0.4544 0.0068 0.0052
0 0.7925 0.4479 0.0068 0.0052
0 0.8149 0.4655 0.0068 0.0052
0 0.8521 0.4701 0.0049 0.0039
0 0.8643 0.4723 0.0078 0.0059
0 0.8281 0.4714 0.0078 0.0052
0 0.8398 0.4635 0.0059 0.0052
0 0.6929 0.4785 0.0107 0.0065
0 0.5928 0.6686 0.0215 0.013
0 0.6724 0.5482 0.0146 0.0091
0 0.6567 0.5407 0.0127 0.0111
0 0.6387 0.5508 0.0098 0.0078
0 0.6265 0.5482 0.0107 0.0091
0 0.6401 0.5475 0.0107 0.0078
0 0.6396 0.5407 0.0098 0.0072
0 0.6201 0.5413 0.0117 0.0085
0 0.6069 0.5495 0.0127 0.0104
0 0.5708 0.5426 0.0107 0.0098
0 0.6265 0.5348 0.0107 0.0085
0 0.7075 0.5368 0.0107 0.0098
0 0.6685 0.5267 0.0088 0.0065
0 0.6401 0.5277 0.0107 0.0085
0 0.623 0.5254 0.0117 0.0091
0 0.5854 0.5423 0.0127 0.0091
0 0.5894 0.5374 0.0107 0.0085
0 0.5386 0.5518 0.0146 0.0111
0 0.5762 0.5557 0.0117 0.0085
0 0.5068 0.5579 0.0156 0.0117
0 0.4912 0.5628 0.0137 0.0098
0 0.4985 0.5521 0.0127 0.0091
0 0.5161 0.5518 0.0127 0.0098
0 0.5264 0.5531 0.0137 0.0098
0 0.5405 0.5335 0.0127 0.0085
0 0.5137 0.5374 0.0117 0.0072
0 0.5098 0.5465 0.0117 0.0072
0 0.5029 0.5378 0.0117 0.0078
0 0.4927 0.5397 0.0107 0.0091
0 0.498 0.5293 0.0098 0.0078
0 0.4883 0.5231 0.0098 0.0072
0 0.4985 0.5176 0.0107 0.0078
0 0.5078 0.5238 0.0117 0.0085
0 0.5254 0.5208 0.0098 0.0078
0 0.5303 0.5286 0.0098 0.0078
0 0.5352 0.5215 0.0098 0.0078
0 0.5479 0.5218 0.0117 0.0072
0 0.562 0.5264 0.0107 0.0072
0 0.5576 0.5205 0.0117 0.0085
0 0.5664 0.5189 0.0098 0.0091
0 0.6401 0.5153 0.0107 0.0072
0 0.6821 0.5273 0.0127 0.0078
0 0.6826 0.5212 0.0098 0.0085
0 0.6768 0.5212 0.0098 0.0059
0 0.6719 0.5156 0.0098 0.0065
0 0.5957 0.5264 0.0117 0.0085
0 0.6011 0.5365 0.0107 0.0078
0 0.5684 0.5316 0.0117 0.0072
0 0.5537 0.5368 0.0156 0.0111
0 0.5791 0.5189 0.0098 0.0065
0 0.6099 0.5215 0.0127 0.0078
0 0.4624 0.5576 0.0127 0.0098
0 0.4717 0.5527 0.0137 0.0104
0 0.4565 0.5505 0.0146 0.0098
0 0.4683 0.5443 0.0107 0.0091
0 0.4771 0.5365 0.0107 0.0078
0 0.4849 0.5387 0.0107 0.0098
0 0.4873 0.5485 0.0117 0.0098
0 0.4575 0.5394 0.0107 0.0072
0 0.4644 0.5329 0.0107 0.0085
0 0.4434 0.5381 0.0117 0.0085
0 0.4438 0.5472 0.0107 0.0085
0 0.4395 0.5622 0.0137 0.0085
0 0.4297 0.5439 0.0117 0.0085
0 0.4312 0.5599 0.0127 0.0091
0 0.4326 0.5264 0.0117 0.0111
0 0.4526 0.5192 0.0107 0.0098
0 0.4644 0.514 0.0127 0.0085
0 0.4419 0.5218 0.0107 0.0098
0 0.4634 0.4997 0.0107 0.0072
0 0.4561 0.5007 0.0098 0.0065
0 0.4429 0.501 0.0088 0.0059
0 0.4536 0.4915 0.0088 0.0052
0 0.4795 0.4886 0.0117 0.0072
0 0.4805 0.5039 0.0098 0.0052
0 0.4766 0.5 0.0098 0.0065
0 0.4692 0.4925 0.0088 0.0059
0 0.4614 0.4847 0.0068 0.0046
0 0.4619 0.4896 0.0078 0.0052
0 0.4688 0.485 0.0059 0.0052
0 0.4775 0.4827 0.0059 0.0059
0 0.458 0.5088 0.0078 0.0059
0 0.2993 0.568 0.0107 0.0085
0 0.3154 0.5609 0.0137 0.0111
0 0.3306 0.5602 0.0127 0.0098
0 0.3481 0.5531 0.0127 0.0098
0 0.3843 0.5485 0.0127 0.0098
0 0.373 0.5449 0.0117 0.0091
0 0.3843 0.5326 0.0107 0.0091
0 0.395 0.5339 0.0107 0.0091
0 0.4072 0.5368 0.0098 0.0072
0 0.4092 0.543 0.0176 0.0091
0 0.4048 0.5596 0.0127 0.0085
0 0.3999 0.5505 0.0107 0.0098
0 0.4067 0.5189 0.0088 0.0065
0 0.4111 0.5228 0.0059 0.0039
0 0.3926 0.5192 0.0098 0.0072
0 0.373 0.5247 0.0078 0.0078
0 0.3721 0.5348 0.0098 0.0072
0 0.3569 0.5169 0.0127 0.0091
0 0.3765 0.5192 0.0107 0.0072
0 0.3833 0.5114 0.0088 0.0059
0 0.3989 0.5153 0.0107 0.0072
0 0.4204 0.5117 0.0107 0.0065
0 0.4072 0.5081 0.0098 0.0072
0 0.3813 0.5036 0.0088 0.0059
0 0.373 0.5033 0.0078 0.0052
0 0.436 0.4938 0.0088 0.0059
0 0.4136 0.4912 0.0068 0.0046
0 0.4053 0.5007 0.0098 0.0052
0 0.4165 0.5016 0.0107 0.0059
0 0.4019 0.4951 0.0088 0.0046
0 0.4233 0.4876 0.0088 0.0065
0 0.4355 0.4827 0.0098 0.0059
0 0.4492 0.4811 0.0117 0.0065
0 0.3442 0.5452 0.0107 0.0072
0 0.3247 0.5537 0.0127 0.0085
0 0.3354 0.5433 0.0107 0.0085
0 0.3267 0.5417 0.0146 0.0078
0 0.3594 0.5339 0.0117 0.0091
0 0.3467 0.5316 0.0137 0.0085
0 0.3389 0.5264 0.0117 0.0072
0 0.3218 0.5303 0.0127 0.0085
0 0.3169 0.528 0.0107 0.0078
0 0.3062 0.5234 0.0088 0.0052
0 0.3071 0.5299 0.0107 0.0065
0 0.3223 0.502 0.0117 0.0065
0 0.3252 0.4902 0.0098 0.0065
0 0.356 0.499 0.0088 0.0059
0 0.3398 0.5013 0.0078 0.0052
0 0.3472 0.4958 0.0088 0.0046
0 0.3486 0.5 0.0098 0.0052
0 0.3545 0.4915 0.0078 0.0052
0 0.3618 0.4902 0.0088 0.0052
0 0.3682 0.4834 0.0078 0.0072
0 0.3608 0.485 0.0088 0.0052
0 0.3867 0.4912 0.0098 0.0059
0 0.4009 0.485 0.0088 0.0065
0 0.3833 0.4827 0.0068 0.0046
0 0.3462 0.4893 0.0068 0.0059
0 0.3354 0.4935 0.0088 0.0052
0 0.3413 0.4873 0.0088 0.0072
0 0.3262 0.4818 0.0078 0.0065
0 0.3389 0.4795 0.0059 0.0046
0 0.356 0.4808 0.0068 0.0046
0 0.3472 0.4808 0.0088 0.0059
0 0.3809 0.4899 0.0117 0.0085
0 0.3164 0.4889 0.0078 0.0052
0 0.3081 0.498 0.0107 0.0065
0 0.2808 0.4974 0.0088 0.0052
0 0.2881 0.5046 0.0098 0.0065
0 0.2729 0.5081 0.0088 0.0046
0 0.2866 0.5111 0.0088 0.0065
0 0.2778 0.5146 0.0088 0.0059
0 0.3286 0.5101 0.0088 0.0059
0 0.3062 0.4893 0.0088 0.0059
0 0.2979 0.4928 0.0098 0.0065
0 0.29 0.4945 0.0098 0.0072
0 0.2739 0.4899 0.0107 0.0059
0 0.2642 0.4893 0.0088 0.0046
0 0.2788 0.4808 0.0088 0.0059
0 0.2744 0.4782 0.0078 0.0046
0 0.2661 0.4795 0.0068 0.0046
0 0.3115 0.4824 0.0078 0.0052
0 0.4346 0.5143 0.0098 0.0065
0 0.4365 0.5072 0.0117 0.0078
0 0.4868 0.5137 0.0127 0.0078
0 0.4741 0.527 0.0088 0.0085
0 0.4053 0.5329 0.0098 0.0059
0 0.4116 0.5238 0.0088 0.0059
0 0.4062 0.5195 0.0098 0.0052
0 0.3936 0.5059 0.0098 0.0078
0 0.3931 0.4948 0.0088 0.0065
0 0.3447 0.5075 0.0098 0.0059
0 0.3564 0.5059 0.0098 0.0065
0 0.2803 0.5264 0.0117 0.0059
0 0.2734 0.5221 0.0117 0.0065
0 0.2896 0.4795 0.0088 0.0059
0 0.3003 0.4798 0.0068 0.0039
0 0.3208 0.5104 0.0068 0.0065
0 0.3125 0.5072 0.0078 0.0065
0 0.6089 0.5127 0.0088 0.0059
0 0.6421 0.5062 0.0127 0.0085
0 0.6655 0.5101 0.0088 0.0072
0 0.6797 0.5049 0.0098 0.0072
0 0.6738 0.501 0.0098 0.0085
0 0.6812 0.4886 0.0088 0.0072
0 0.6445 0.4935 0.0078 0.0065
0 0.625 0.4987 0.0078 0.0052
0 0.6226 0.4902 0.0088 0.0065
0 0.6304 0.4928 0.0088 0.0078
0 0.5825 0.5016 0.0088 0.0072
0 0.5693 0.5007 0.0078 0.0065
0 0.5391 0.5098 0.0078 0.0065
0 0.5322 0.4867 0.0078 0.0059
0 0.5942 0.4993 0.0088 0.0065
0 0.561 0.5098 0.0107 0.0091
0 0.5752 0.512 0.0098 0.0059
0 0.5264 0.5114 0.0137 0.0085
0 0.5483 0.502 0.0088 0.0065
0 0.5444 0.4928 0.0088 0.0065
0 0.5234 0.5 0.0078 0.0052
0 0.584 0.4922 0.0078 0.0065
0 0.5996 0.4915 0.0098 0.0065
0 0.5923 0.487 0.0088 0.0065
0 0.5762 0.4824 0.0098 0.0065
0 0.5698 0.4873 0.0088 0.0046
0 0.5664 0.4906 0.0215 0.0163
0 0.5752 0.4938 0.0176 0.0202
0 0.5854 0.4919 0.0088 0.0059
0 0.5923 0.4867 0.0088 0.0072
0 0.5088 0.4824 0.0117 0.0091
0 0.5229 0.4821 0.0088 0.0072
0 0.5225 0.4883 0.0098 0.0065
0 0.5171 0.4987 0.0088 0.0065
0 0.5176 0.4701 0.0098 0.0065
0 0.5498 0.4827 0.0098 0.0072
0 0.5605 0.4984 0.0078 0.0072
0 0.5635 0.4893 0.0117 0.0098
0 0.6099 0.502 0.0107 0.0065
0 0.6104 0.4928 0.0098 0.0078
0 0.6187 0.4811 0.0088 0.0065
0 0.6074 0.4867 0.0098 0.0059
0 0.6465 0.4824 0.0078 0.0065
0 0.6553 0.4844 0.0098 0.0065
0 0.6616 0.4925 0.0088 0.0059
0 0.6377 0.471 0.0098 0.0072
0 0.6226 0.4743 0.0088 0.0072
0 0.6362 0.4596 0.0088 0.0065
0 0.5869 0.4697 0.0059 0.0059
0 0.5952 0.4645 0.0088 0.0059
0 0.5952 0.4766 0.0088 0.0065
0 0.5801 0.4665 0.0098 0.0059
0 0.5229 0.4564 0.0088 0.0065
0 0.6216 0.4561 0.0068 0.0059
0 0.6416 0.4541 0.0078 0.0059
0 0.6475 0.4756 0.0098 0.0072
0 0.6763 0.4567 0.0049 0.0046
0 0.4888 0.4717 0.0088 0.0072
0 0.4463 0.4678 0.0098 0.0059
0 0.459 0.4746 0.0098 0.0078
0 0.4683 0.4723 0.0088 0.0059
0 0.4517 0.4463 0.0088 0.0059
0 0.4648 0.4561 0.0098 0.0072
0 0.5103 0.4587 0.0068 0.0046
0 0.4932 0.4811 0.0098 0.0052
0 0.4854 0.4753 0.0078 0.0065
0 0.4971 0.4749 0.0098 0.0059
0 0.5059 0.5007 0.0098 0.0065
0 0.564 0.474 0.0088 0.0065
0 0.5386 0.4583 0.0068 0.0039
0 0.5825 0.4583 0.0068 0.0039
0 0.5757 0.46 0.0068 0.0046
0 0.5674 0.4661 0.0059 0.0052
0 0.5703 0.4652 0.0059 0.0059
0 0.5967 0.4561 0.0059 0.0046
0 0.5864 0.4535 0.0068 0.0046
0 0.5771 0.4512 0.0059 0.0039
0 0.6152 0.474 0.0098 0.0065
0 0.6035 0.4694 0.0078 0.0052
0 0.6626 0.4788 0.0088 0.0046
0 0.6694 0.4961 0.0068 0.0065
0 0.6602 0.4639 0.0078 0.0072
0 0.6826 0.4639 0.0098 0.0072
0 0.6709 0.4714 0.0078 0.0078
0 0.6719 0.4622 0.0078 0.0052
0 0.6846 0.4753 0.0078 0.0065
0 0.4878 0.4909 0.0107 0.0078
0 0.5093 0.4935 0.0088 0.0078
0 0.5376 0.4476 0.0088 0.0046
0 0.5278 0.4447 0.0068 0.0052
0 0.5356 0.4434 0.0068 0.0039
0 0.5132 0.4521 0.0068 0.0059
0 0.4985 0.458 0.0088 0.0059
0 0.5088 0.4486 0.0059 0.0052
0 0.4839 0.4417 0.0068 0.0046
0 0.4727 0.4401 0.0059 0.0039
0 0.4941 0.4411 0.0059 0.0059
0 0.4917 0.4495 0.0068 0.0072
0 0.5596 0.4499 0.0059 0.0052
0 0.5425 0.4769 0.0068 0.0046
0 0.5488 0.4743 0.0078 0.0059
0 0.606 0.4414 0.0068 0.0065
0 0.6543 0.4499 0.0078 0.0065
0 0.6768 0.4495 0.0078 0.0059
0 0.6343 0.4508 0.0068 0.0059
0 0.5405 0.4688 0.0107 0.0065
0 0.4551 0.4544 0.0078 0.0052
0 0.5947 0.5101 0.0098 0.0059
0 0.5151 0.5075 0.0068 0.0046
0 0.4946 0.4652 0.0068 0.0046
0 0.4854 0.4652 0.0098 0.0059
0 0.4775 0.4466 0.0098 0.0065
0 0.5044 0.4639 0.0068 0.0046
0 0.5508 0.4463 0.0078 0.0059
0 0.5723 0.445 0.0098 0.0059
0 0.6431 0.4404 0.0068 0.0046
0 0.6772 0.443 0.0068 0.0059
0 0.6885 0.4482 0.0059 0.0046
0 0.6885 0.443 0.0078 0.0059
0 0.6543 0.4382 0.0078 0.0052
0 0.645 0.4473 0.0049 0.0039
0 0.6528 0.4463 0.0068 0.0059
0 0.688 0.498 0.0068 0.0039
0 0.6523 0.5273 0.0078 0.0065
0 0.502 0.498 0.0098 0.0078
0 0.5176 0.5199 0.0098 0.0072
0 0.6294 0.4411 0.0068 0.0046
0 0.0244 0.5358 0.0098 0.0078
0 0.0586 0.5397 0.0137 0.0091
0 0.0503 0.5423 0.0127 0.0078
0 0.0269 0.5482 0.0127 0.0091
0 0.1304 0.5352 0.0127 0.0065
0 0.1416 0.5407 0.0098 0.0085
0 0.1792 0.5443 0.0127 0.0078
0 0.1846 0.5514 0.0098 0.0078
0 0.1899 0.5404 0.0127 0.0091
0 0.2012 0.5387 0.0078 0.0059
0 0.2202 0.5426 0.0107 0.0072
0 0.2261 0.5404 0.0107 0.0078
0 0.2349 0.5355 0.0088 0.0072
0 0.1709 0.5426 0.0117 0.0098
0 0.2046 0.5348 0.0107 0.0085
0 0.2109 0.5244 0.0137 0.0111
0 0.23 0.5195 0.0146 0.0091
0 0.2412 0.5283 0.0117 0.0098
0 0.2466 0.5143 0.0107 0.0078
0 0.2539 0.5046 0.0117 0.0078
0 0.2495 0.4954 0.0107 0.0065
0 0.2417 0.4893 0.0088 0.0072
0 0.25 0.4902 0.0098 0.0078
0 0.2271 0.5036 0.0127 0.0085
0 0.2134 0.5088 0.0127 0.0072
0 0.2319 0.4925 0.0107 0.0072
0 0.2495 0.4811 0.0088 0.0065
0 0.2544 0.4821 0.0107 0.0072
0 0.2866 0.4759 0.0088 0.0052
0 0.292 0.4707 0.0078 0.0052
0 0.3145 0.4766 0.0059 0.0039
0 0.2974 0.4873 0.0088 0.0059
0 0.2822 0.4883 0.0078 0.0065
0 0.2915 0.4857 0.0088 0.0078
0 0.2632 0.5111 0.0127 0.0091
0 0.189 0.5212 0.0107 0.0085
0 0.1992 0.5218 0.0098 0.0085
0 0.1924 0.5039 0.0098 0.0078
0 0.2134 0.5023 0.0127 0.0072
0 0.1963 0.4954 0.0078 0.0065
0 0.2051 0.4941 0.0098 0.0065
0 0.1787 0.5316 0.0098 0.0072
0 0.1704 0.5179 0.0107 0.0072
0 0.1768 0.5088 0.0117 0.0072
0 0.1724 0.4997 0.0088 0.0072
0 0.1587 0.5098 0.0107 0.0065
0 0.1372 0.5264 0.0088 0.0059
0 0.1475 0.5329 0.0098 0.0085
0 0.1577 0.5391 0.0107 0.0091
0 0.146 0.5212 0.0107 0.0085
0 0.1582 0.5225 0.0098 0.0085
0 0.1694 0.5267 0.0127 0.0091
0 0.1465 0.5094 0.0117 0.0085
0 0.1353 0.5124 0.0107 0.0078
0 0.1323 0.5221 0.0107 0.0078
0 0.1641 0.4993 0.0098 0.0065
0 0.1851 0.4899 0.0107 0.0072
0 0.1909 0.4987 0.0088 0.0065
0 0.1914 0.4873 0.0078 0.0072
0 0.1982 0.484 0.0078 0.0059
0 0.2163 0.4925 0.0107 0.0072
0 0.2246 0.4873 0.0059 0.0059
0 0.2114 0.4873 0.0088 0.0059
0 0.2349 0.4857 0.0107 0.0078
0 0.2383 0.4808 0.0098 0.0072
0 0.23 0.4798 0.0068 0.0052
0 0.2217 0.4808 0.0098 0.0059
0 0.2129 0.4782 0.0098 0.0059
0 0.2119 0.4723 0.0098 0.0072
0 0.2446 0.4671 0.0088 0.0072
0 0.2251 0.4671 0.0088 0.0072
0 0.2354 0.4697 0.0098 0.0072
0 0.252 0.4697 0.0098 0.0072
0 0.2593 0.4678 0.0068 0.0059
0 0.2666 0.4736 0.0117 0.0072
0 0.2554 0.4772 0.0088 0.0065
0 0.2495 0.4772 0.0088 0.0065
0 0.2803 0.4717 0.0078 0.0059
0 0.3022 0.4661 0.0107 0.0065
0 0.293 0.4645 0.0098 0.0072
0 0.2778 0.4645 0.0088 0.0072
0 0.313 0.4661 0.0088 0.0065
0 0.3096 0.4707 0.0098 0.0052
0 0.1992 0.4756 0.0098 0.0059
0 0.1401 0.5036 0.0088 0.0072
0 0.1523 0.4971 0.0117 0.0085
0 0.1519 0.4863 0.0088 0.0052
0 0.1699 0.488 0.0078 0.0059
0 0.1611 0.4899 0.0078 0.0072
0 0.1797 0.485 0.0078 0.0065
0 0.1836 0.4743 0.0078 0.0059
0 0.1699 0.4704 0.0059 0.0059
0 0.1968 0.4645 0.0107 0.0072
0 0.1846 0.4697 0.0098 0.0059
0 0.1748 0.4674 0.0078 0.0052
0 0.1519 0.4678 0.0107 0.0085
0 0.1646 0.4661 0.0088 0.0065
0 0.1133 0.541 0.0117 0.0091
0 0.1196 0.5456 0.0068 0.0065
0 0.1235 0.5306 0.0146 0.0091
0 0.1055 0.5407 0.0098 0.0059
0 0.1069 0.5329 0.0107 0.0072
0 0.0957 0.5296 0.0137 0.0085
0 0.105 0.5296 0.0107 0.0072
0 0.1035 0.5231 0.0117 0.0072
0 0.1147 0.5264 0.0127 0.0085
0 0.1216 0.5186 0.0088 0.0059
0 0.1064 0.5163 0.0098 0.0065
0 0.1226 0.5117 0.0107 0.0065
0 0.1323 0.5055 0.0088 0.0085
0 0.1245 0.5052 0.0068 0.0078
0 0.1333 0.4954 0.0088 0.0052
0 0.1401 0.4919 0.0088 0.0059
0 0.1387 0.485 0.0059 0.0065
0 0.1309 0.485 0.0078 0.0052
0 0.1455 0.4785 0.0078 0.0052
0 0.1362 0.4678 0.0068 0.0059
0 0.1299 0.4652 0.0078 0.0059
0 0.1143 0.4821 0.0078 0.0072
0 0.1216 0.4938 0.0088 0.0072
0 0.1123 0.4938 0.0117 0.0072
0 0.1128 0.5091 0.0127 0.0078
0 0.0981 0.5068 0.0088 0.0085
0 0.0952 0.4977 0.0107 0.0085
0 0.1079 0.4876 0.0088 0.0065
0 0.0996 0.484 0.0098 0.0072
0 0.0923 0.4906 0.0088 0.0059
0 0.0884 0.4837 0.0107 0.0065
0 0.082 0.4893 0.0098 0.0072
0 0.0742 0.4775 0.0098 0.0059
0 0.0776 0.4831 0.0107 0.0065
0 0.0786 0.4909 0.0127 0.0078
0 0.0825 0.5016 0.0127 0.0059
0 0.083 0.5104 0.0098 0.0065
0 0.0874 0.5085 0.0107 0.0078
0 0.0947 0.5179 0.0117 0.0072
0 0.0815 0.5205 0.0127 0.0098
0 0.0908 0.542 0.0117 0.0085
0 0.0786 0.5361 0.0146 0.0085
0 0.0757 0.5462 0.0127 0.0104
0 0.0654 0.5293 0.0098 0.0078
0 0.0527 0.5306 0.0117 0.0078
0 0.0483 0.5195 0.0127 0.0078
0 0.062 0.514 0.0127 0.0098
0 0.0542 0.5153 0.0088 0.0085
0 0.0605 0.5059 0.0117 0.0078
0 0.064 0.4941 0.0088 0.0065
0 0.0674 0.4883 0.0098 0.0065
0 0.1035 0.4691 0.0098 0.0059
0 0.1152 0.4678 0.0078 0.0059
0 0.124 0.4743 0.0078 0.0072
0 0.1157 0.4707 0.0107 0.0065
0 0.0103 0.5241 0.0088 0.0065
0 0.0332 0.5264 0.0117 0.0098
0 0.002 0.527 0.0059 0.0072
0 0.0342 0.5094 0.0098 0.0085
0 0.022 0.5094 0.0127 0.0085
0 0.0103 0.5186 0.0127 0.0072
0 0.0439 0.5065 0.0117 0.0091
0 0.0444 0.4993 0.0088 0.0065
0 0.0498 0.4958 0.0098 0.0085
0 0.0454 0.4883 0.0088 0.0065
0 0.0513 0.4827 0.0068 0.0059
0 0.0449 0.4831 0.0059 0.0052
0 0.0361 0.484 0.0078 0.0046
0 0.04 0.4912 0.0098 0.0072
0 0.0601 0.4792 0.0088 0.0052
0 0.0215 0.4899 0.0078 0.0072
0 0.0161 0.4993 0.0068 0.0065
0 0.0063 0.5036 0.0107 0.0085
0 0.0142 0.484 0.0088 0.0059
0 0.0044 0.4795 0.0088 0.0059
0 0.0298 0.4788 0.0068 0.0059
0 0.0498 0.4736 0.0098 0.0046
0 0.0317 0.4652 0.0088 0.0059
0 0.0513 0.4665 0.0068 0.0046
0 0.0161 0.4694 0.0088 0.0052
0 0.0098 0.4779 0.0078 0.0065
0 0.0317 0.4938 0.0088 0.0072
0 0.0825 0.5693 0.0107 0.0085
0 0.166 0.5625 0.0156 0.0091
0 0.2778 0.5592 0.0107 0.0091
0 0.2759 0.5537 0.0107 0.0085
0 0.2959 0.5531 0.0117 0.0098
0 0.2778 0.5368 0.0107 0.0098
0 0.2627 0.5283 0.0117 0.0098
0 0.0869 0.4743 0.0098 0.0072
0 0.3901 0.4746 0.0088 0.0065
0 0.4067 0.4733 0.0088 0.0065
0 0.3281 0.4691 0.0078 0.0072
0 0.3389 0.4684 0.0059 0.0046
0 0.3403 0.46 0.0107 0.0072
0 0.335 0.458 0.0078 0.0046
0 0.3213 0.459 0.0059 0.0052
0 0.3486 0.473 0.0059 0.0059
0 0.3569 0.4671 0.0088 0.0072
0 0.3481 0.4655 0.0088 0.0052
0 0.3794 0.4736 0.0068 0.0059
0 0.3721 0.4736 0.0059 0.0059
0 0.3638 0.4723 0.0068 0.0059
0 0.2876 0.4538 0.0088 0.0052
0 0.2798 0.4587 0.0088 0.0046
0 0.2773 0.4447 0.0059 0.0039
0 0.3091 0.4508 0.0049 0.0033
0 0.3159 0.4544 0.0068 0.0039
0 0.3628 0.4603 0.0068 0.0039
0 0.3662 0.4648 0.0059 0.0052
0 0.4165 0.4694 0.0068 0.0052
0 0.4238 0.473 0.0059 0.0046
0 0.416 0.4805 0.0078 0.0065
0 0.4092 0.4831 0.0078 0.0065
0 0.4062 0.4909 0.0078 0.0052
0 0.3994 0.4769 0.0078 0.0059
0 0.3364 0.4727 0.0088 0.0065
0 0.4468 0.5101 0.0088 0.0059
0 0.4243 0.5176 0.0107 0.0065
0 0.3452 0.5169 0.0107 0.0065
0 0.3369 0.5182 0.0117 0.0078
0 0.3257 0.5208 0.0127 0.0091
0 0.3071 0.5085 0.0127 0.0078
0 0.2876 0.516 0.0107 0.0085
0 0.3325 0.485 0.0088 0.0065
0 0.3735 0.498 0.0127 0.0091
0 0.3896 0.4997 0.0098 0.0072
0 0.3018 0.4557 0.0059 0.0039
0 0.3818 0.4469 0.0078 0.0059
0 0.4077 0.4508 0.0068 0.0046
0 0.4316 0.4587 0.0059 0.0046
0 0.3979 0.4417 0.0068 0.0046
0 0.3774 0.4398 0.0068 0.0059
0 0.3691 0.4463 0.0059 0.0059
0 0.3525 0.4596 0.0059 0.0052
0 0.3535 0.4401 0.0117 0.0065
0 0.3584 0.4476 0.0117 0.0098
0 0.3423 0.4447 0.0068 0.0078
0 0.4185 0.4499 0.0068 0.0078
0 0.4263 0.4469 0.0107 0.0085
0 0.4458 0.4541 0.0127 0.0098
0 0.436 0.4515 0.0068 0.0072
0 0.4243 0.4336 0.0068 0.0039
0 0.4648 0.4326 0.0059 0.0059
0 0.4736 0.432 0.0059 0.0046
0 0.4829 0.4339 0.0068 0.0046
0 0.3691 0.4596 0.0078 0.0065
0 0.3784 0.4622 0.0088 0.0065
0 0.3003 0.4385 0.0107 0.0059
0 0.2954 0.4528 0.0068 0.0059
0 0.3027 0.4463 0.0078 0.0059
0 0.3525 0.4323 0.0078 0.0065
0 0.4414 0.4352 0.0078 0.0059
0 0.4785 0.4717 0.0098 0.0072
0 0.4102 0.4336 0.0078 0.0052
0 0.4116 0.4473 0.0068 0.0052
0 0.4233 0.4411 0.0088 0.0072
0 0.4536 0.4326 0.0068 0.0072
0 0.4922 0.4342 0.0078 0.0078
0 0.4541 0.4635 0.0078 0.0065
0 0.4414 0.4606 0.0098 0.0059
0 0.4082 0.4567 0.0078 0.0046
0 0.4058 0.4639 0.0068 0.0059
0 0.395 0.4486 0.0068 0.0039
0 0.3267 0.4443 0.0107 0.0059
0 0.3115 0.4427 0.0078 0.0052
0 0.4746 0.4648 0.0078 0.0052
0 0.3286 0.4779 0.0088 0.0065
0 0.3198 0.4723 0.0088 0.0072
0 0.3276 0.4639 0.0088 0.0059
0 0.3271 0.4502 0.0117 0.0072
0 0.4351 0.4388 0.0068 0.0052
0 0.3726 0.5133 0.0146 0.0098
0 0.3271 0.4313 0.0059 0.0046
0 0.2773 0.4362 0.0039 0.0039
0 0.293 0.4313 0.0078 0.0046
0 0.2778 0.4287 0.0068 0.0085
0 0.0801 0.4613 0.0059 0.0059
0 0.083 0.4587 0.0078 0.0059
0 0.1426 0.4603 0.0098 0.0065
0 0.1548 0.4577 0.0107 0.0052
0 0.1704 0.4587 0.0088 0.0059
0 0.0439 0.4466 0.0078 0.0065
0 0.0166 0.4596 0.0078 0.0065
0 0.0303 0.4606 0.0098 0.0072
0 0.062 0.4515 0.0068 0.0059
0 0.085 0.445 0.0098 0.0072
0 0.1162 0.4434 0.0078 0.0065
0 0.1562 0.4437 0.0078 0.0059
0 0.1206 0.4551 0.0088 0.0052
0 0.1143 0.4632 0.0059 0.0059
0 0.1899 0.4629 0.0088 0.0065
0 0.188 0.4538 0.0068 0.0065
0 0.2051 0.4567 0.0078 0.0072
0 0.2148 0.4606 0.0098 0.0059
0 0.1724 0.4766 0.0107 0.0091
0 0.2085 0.4658 0.0107 0.0072
0 0.23 0.4508 0.0088 0.0059
0 0.2236 0.4603 0.0078 0.0052
0 0.2412 0.4525 0.0117 0.0065
0 0.251 0.446 0.0059 0.0039
0 0.2598 0.4616 0.0059 0.0039
0 0.2515 0.4554 0.0068 0.0046
0 0.2739 0.4505 0.0068 0.0039
0 0.2612 0.4424 0.0068 0.0059
0 0.2334 0.4365 0.0059 0.0046
0 0.1875 0.4408 0.0078 0.0052
0 0.1694 0.4479 0.0049 0.0052
0 0.1733 0.4427 0.0068 0.0052
0 0.1934 0.4362 0.0059 0.0039
0 0.2041 0.443 0.0059 0.0046
0 0.2144 0.4469 0.0068 0.0059
0 0.2217 0.445 0.0078 0.0046
0 0.2197 0.4512 0.0098 0.0052
0 0.1973 0.4544 0.0078 0.0052
0 0.2041 0.4489 0.0059 0.0046
0 0.2222 0.4375 0.0068 0.0065
0 0.2173 0.4313 0.0088 0.0059
0 0.125 0.4453 0.0078 0.0052
0 0.1372 0.4466 0.0068 0.0052
0 0.1333 0.4521 0.0068 0.0059
0 0.0723 0.4606 0.0078 0.0059
0 0.1494 0.4395 0.0078 0.0052
0 0.1602 0.4372 0.0059 0.0046
0 0.0303 0.4502 0.0098 0.0059
0 0.0244 0.4548 0.0078 0.0072
0 0.0005 0.4909 0.0029 0.0065
0 0.0068 0.4873 0.0078 0.0072
0 0.0259 0.486 0.0107 0.0072
0 0.0024 0.4674 0.0068 0.0065
0 0.002 0.458 0.0059 0.0059
0 0.0127 0.445 0.0078 0.0059
0 0.0474 0.4528 0.0088 0.0059
0 0.0732 0.4518 0.0117 0.0065
0 0.2627 0.4329 0.0098 0.0078
0 0.1611 0.4749 0.0078 0.0059
0 0.0845 0.4535 0.0068 0.0059
0 0.0562 0.4551 0.0068 0.0052
0 0.0034 0.4284 0.0068 0.0052
0 0.0225 0.4264 0.0078 0.0052
0 0.0122 0.4235 0.0068 0.0046
0 0.0112 0.4281 0.0068 0.0059
0 0.0264 0.4342 0.0078 0.0052
0 0.0352 0.4307 0.0078 0.0059
0 0.0415 0.4303 0.0068 0.0065
0 0.0571 0.4281 0.0088 0.0046
0 0.0371 0.4229 0.0059 0.0046
0 0.1323 0.4225 0.0068 0.0052
0 0.1797 0.4251 0.0098 0.0065
0 0.1587 0.4287 0.0068 0.0046
0 0.1426 0.4225 0.0059 0.0039
0 0.1582 0.4098 0.0059 0.0046
0 0.2446 0.4225 0.0068 0.0052
0 0.2578 0.4281 0.0078 0.0059
0 0.2378 0.4424 0.0068 0.0059
0 0.2427 0.4382 0.0068 0.0052
0 0.2383 0.4486 0.0078 0.0052
0 0.2651 0.4515 0.0088 0.0072
0 0.271 0.4443 0.0068 0.0059
0 0.2695 0.4219 0.0059 0.0039
0 0.2661 0.4219 0.0068 0.0052
0 0.2559 0.4193 0.0059 0.0052
0 0.2676 0.4118 0.0078 0.0072
0 0.2612 0.4232 0.0049 0.0091
0 0.2051 0.4076 0.0059 0.0052
0 0.1831 0.4154 0.0049 0.0052
0 0.1948 0.4193 0.0049 0.0052
0 0.1919 0.4313 0.0088 0.0059
0 0.0752 0.4196 0.0078 0.0059
0 0.0635 0.4186 0.0078 0.0052
0 0.042 0.4128 0.0059 0.0039
0 0.0513 0.4141 0.0068 0.0052
0 0.082 0.4186 0.0098 0.0052
0 0.0771 0.4131 0.0078 0.0059
0 0.02 0.4137 0.0068 0.0059
0 0.0347 0.4167 0.0068 0.0052
0 0.0449 0.4173 0.0059 0.0039
0 0.0522 0.4238 0.0088 0.0078
0 0.0605 0.4085 0.0059 0.0046
0 0.2183 0.4066 0.0049 0.0046
0 0.2446 0.4131 0.0049 0.0046
0 0.228 0.4176 0.0068 0.0046
0 0.2275 0.4255 0.0059 0.0046
0 0.2163 0.4163 0.0068 0.0046
0 0.2056 0.4163 0.0068 0.0046
0 0.1978 0.4076 0.0049 0.0065
0 0.2339 0.4056 0.0049 0.0052
0 0.2764 0.4163 0.0059 0.0072
0 0.2056 0.4365 0.0088 0.0059
0 0.2017 0.4349 0.0068 0.0052
0 0.0244 0.4782 0.0098 0.0072
0 0.0254 0.5016 0.0117 0.0072
0 0.1084 0.4762 0.0117 0.0072
0 0.1113 0.502 0.0117 0.0065
0 0.1255 0.4831 0.0107 0.0065
0 0.1157 0.429 0.0088 0.0039
0 0.2363 0.5104 0.0117 0.0078
0 0.2437 0.4626 0.0127 0.0085
0 0.1484 0.4118 0.0078 0.0046
0 0.1323 0.4082 0.0068 0.0052
0 0.1089 0.4173 0.0068 0.0039
0 0.123 0.4163 0.0078 0.0046
0 0.1768 0.4128 0.0078 0.0052
0 0.1909 0.4095 0.0068 0.0052
0 0.0083 0.4141 0.0068 0.0039
0 0.0732 0.432 0.0059 0.0033
0 0.8506 0.4629 0.0098 0.0065
0 0.9868 0.4733 0.0088 0.0078
0 0.9946 0.4798 0.0088 0.0078
0 0.9961 0.4743 0.0059 0.0085
0 0.958 0.4733 0.0098 0.0065
0 0.98 0.4691 0.0107 0.0072
0 0.9951 0.4671 0.0078 0.0085
0 0.9604 0.4466 0.0107 0.0091
0 0.938 0.4583 0.0107 0.0078
0 0.9395 0.4499 0.0098 0.0078
0 0.9292 0.4492 0.0088 0.0065
0 0.9961 0.4342 0.0059 0.0065
0 0.9844 0.4368 0.0098 0.0078
0 0.9683 0.4378 0.0088 0.0072
0 0.9741 0.4349 0.0068 0.0078
0 0.9639 0.4518 0.0078 0.0052
0 0.9507 0.4525 0.0088 0.0065
0 0.8789 0.4945 0.0098 0.0059
0 0.8633 0.4997 0.0059 0.0059
0 0.9102 0.4941 0.0078 0.0065
0 0.8882 0.4854 0.0088 0.0059
0 0.8848 0.4837 0.0098 0.0065
0 0.8579 0.4766 0.0068 0.0052
0 0.8638 0.4831 0.0088 0.0065
0 0.854 0.4827 0.0088 0.0059
0 0.8525 0.4775 0.0098 0.0059
0 0.8105 0.4733 0.0078 0.0065
0 0.832 0.4795 0.0078 0.0059
0 0.9243 0.471 0.0088 0.0059
0 0.9082 0.471 0.0098 0.0059
0 0.9204 0.4583 0.0068 0.0065
0 0.9189 0.4766 0.0078 0.0065
0 0.8945 0.473 0.0098 0.0046
0 0.8687 0.4603 0.0107 0.0065
0 0.8604 0.4603 0.0078 0.0065
0 0.853 0.457 0.0088 0.0065
0 0.8828 0.4671 0.0078 0.0085
0 0.8794 0.472 0.0107 0.0052
0 0.876 0.4795 0.0137 0.0085
0 0.8691 0.472 0.0078 0.0065
0 0.8335 0.46 0.0088 0.0059
0 0.8188 0.4606 0.0068 0.0059
0 0.811 0.4613 0.0088 0.0059
0 0.834 0.4567 0.0098 0.0072
0 0.8188 0.4557 0.0088 0.0065
0 0.8921 0.4567 0.0088 0.0059
0 0.9146 0.4635 0.0088 0.0065
0 0.8979 0.4648 0.0107 0.0065
0 0.8931 0.4671 0.0107 0.0085
0 0.8877 0.4411 0.0078 0.0059
0 0.8662 0.4535 0.0078 0.0059
0 0.8799 0.4495 0.0098 0.0059
0 0.9131 0.4541 0.0098 0.0072
0 0.9121 0.4486 0.0098 0.0065
0 0.9004 0.4414 0.0059 0.0052
0 0.9092 0.4378 0.0078 0.0046
0 0.9229 0.4417 0.0059 0.0046
0 0.9468 0.4414 0.0088 0.0052
0 0.9546 0.4349 0.0068 0.0052
0 0.9414 0.4268 0.0078 0.0059
0 0.957 0.4219 0.0078 0.0065
0 0.9688 0.4202 0.0059 0.0059
0 0.9507 0.418 0.0068 0.0065
0 0.9663 0.4111 0.0088 0.0059
0 0.9731 0.4281 0.0068 0.0059
0 0.9028 0.431 0.0068 0.0052
0 0.9214 0.4316 0.0049 0.0052
0 0.915 0.4316 0.0078 0.0065
0 0.9131 0.4238 0.0098 0.0065
0 0.9268 0.417 0.0098 0.0072
0 0.9365 0.4121 0.0059 0.0065
0 0.9482 0.4147 0.0059 0.0052
0 0.9595 0.4102 0.0107 0.0065
0 0.8726 0.4395 0.0088 0.0052
0 0.8555 0.4385 0.0078 0.0059
0 0.8433 0.4574 0.0088 0.0072
0 0.8511 0.4518 0.0107 0.0065
0 0.8599 0.4447 0.0049 0.0039
0 0.8657 0.4466 0.0068 0.0039
0 0.8296 0.4499 0.0068 0.0052
0 0.8286 0.4456 0.0088 0.0046
0 0.8066 0.4414 0.0059 0.0052
0 0.8101 0.4342 0.0088 0.0078
0 0.8149 0.4242 0.0068 0.0059
0 0.8369 0.4105 0.0078 0.0059
0 0.8213 0.4056 0.0059 0.0039
0 0.8223 0.4824 0.0059 0.0052
0 0.8237 0.4655 0.0088 0.0052
0 0.8184 0.4759 0.0078 0.0052
0 0.8042 0.4753 0.0049 0.0065
0 0.8101 0.4492 0.0146 0.0091
0 0.8496 0.4339 0.0078 0.0059
0 0.8511 0.429 0.0068 0.0065
0 0.8345 0.4333 0.0049 0.0046
0 0.8423 0.4339 0.0068 0.0059
0 0.8374 0.429 0.0049 0.0052
0 0.8374 0.4219 0.0068 0.0052
0 0.8447 0.4212 0.0059 0.0039
0 0.8506 0.4242 0.0078 0.0059
0 0.8848 0.4219 0.0078 0.0065
0 0.8652 0.4258 0.0078 0.0052
0 0.8696 0.4333 0.0068 0.0059
0 0.8345 0.4688 0.0107 0.0065
0 0.8096 0.488 0.0059 0.0046
0 0.8218 0.4896 0.0068 0.0039
0 0.876 0.4867 0.0059 0.0046
0 0.877 0.4606 0.0117 0.0072
0 0.8896 0.4326 0.0078 0.0085
0 0.8726 0.4248 0.0068 0.0059
0 0.9771 0.4453 0.0127 0.0117
0 0.9834 0.4447 0.0078 0.0065
0 0.9248 0.4355 0.0098 0.0078
0 0.9316 0.4401 0.0078 0.0052
0 0.9146 0.4147 0.0068 0.0052
0 0.8926 0.4505 0.0078 0.0065
0 0.8906 0.4258 0.0098 0.0065
0 0.8818 0.4062 0.0059 0.0039
0 0.8496 0.4079 0.0059 0.0033
0 0.8213 0.415 0.0059 0.0046
0 0.8535 0.4121 0.0059 0.0039
0 0.9492 0.4076 0.0059 0.0039
0 0.9829 0.4176 0.0068 0.0046
0 0.9868 0.4189 0.0049 0.0046
0 0.9932 0.4222 0.0059 0.0046
0 0.9077 0.4095 0.0049 0.0039
0 0.9546 0.458 0.0088 0.0072
0 0.9678 0.4619 0.0117 0.0072
0 0.8579 0.4105 0.0088 0.0046
0 0.8071 0.4238 0.0068 0.0052
0 0.8052 0.4284 0.0068 0.0078
0 0.8555 0.4167 0.0078 0.0052
0 0.896 0.4082 0.0068 0.0039
0 0.8682 0.4147 0.0059 0.0039
0 0.8892 0.4154 0.0068 0.0039
0 0.9634 0.4242 0.0088 0.0059
0 0.7349 0.4339 0.0068 0.0046
0 0.7783 0.4281 0.0078 0.0059
0 0.771 0.4303 0.0068 0.0052
0 0.7769 0.4486 0.0068 0.0065
0 0.7627 0.4512 0.0078 0.0065
0 0.7407 0.445 0.0068 0.0046
0 0.7397 0.4505 0.0068 0.0078
0 0.7104 0.4697 0.0068 0.0046
0 0.7324 0.4701 0.0078 0.0052
0 0.7065 0.4531 0.0068 0.0052
0 0.6953 0.4525 0.0078 0.0052
0 0.6626 0.4544 0.0049 0.0039
0 0.6694 0.4492 0.0068 0.0052
0 0.7026 0.4404 0.0068 0.0046
0 0.7236 0.444 0.0078 0.0065
0 0.7266 0.4495 0.0078 0.0059
0 0.7183 0.4541 0.0068 0.0046
0 0.7363 0.46 0.0098 0.0072
0 0.7471 0.4554 0.0059 0.0059
0 0.7173 0.4668 0.0049 0.0052
0 0.7197 0.431 0.0078 0.0039
0 0.7212 0.4427 0.0088 0.0065
0 0.7939 0.4587 0.0078 0.0046
0 0.793 0.4316 0.0059 0.0052
0 0.7935 0.4255 0.0068 0.0059
0 0.7666 0.4219 0.0059 0.0052
0 0.7734 0.4258 0.0078 0.0052
0 0.7412 0.4209 0.0078 0.0059
0 0.73 0.4297 0.0068 0.0052
0 0.6987 0.4297 0.0088 0.0065
0 0.6733 0.4352 0.0088 0.0059
0 0.6992 0.4375 0.0078 0.0052
0 0.7134 0.4261 0.0088 0.0072
0 0.7109 0.4209 0.0078 0.0059
0 0.7251 0.4212 0.0088 0.0065
0 0.7432 0.4287 0.0078 0.0072
0 0.7456 0.4196 0.0068 0.0059
0 0.751 0.417 0.0059 0.0046
0 0.7578 0.4131 0.0078 0.0072
0 0.7266 0.4102 0.0078 0.0065
0 0.7334 0.4089 0.0078 0.0052
0 0.751 0.4111 0.0098 0.0059
0 0.7969 0.4183 0.0098 0.0059
0 0.7852 0.4089 0.0078 0.0065
0 0.7891 0.4124 0.0078 0.0059
0 0.8008 0.4095 0.0078 0.0052
0 0.7632 0.4375 0.0049 0.0052
0 0.6841 0.4355 0.0088 0.0065
0 0.6943 0.4606 0.0078 0.0059
0 0.6865 0.46 0.0078 0.0059
0 0.6592 0.4316 0.0059 0.0052
0 0.668 0.4271 0.0059 0.0039
0 0.7549 0.4674 0.0078 0.0052
0 0.7715 0.4645 0.0078 0.0059
0 0.7485 0.4303 0.0068 0.0039
0 0.77 0.4189 0.0068 0.0059
0 0.772 0.4017 0.0049 0.0039
0 0.6885 0.4238 0.0059 0.0039
0 0.6719 0.4222 0.0039 0.0033
0 0.6631 0.4202 0.0078 0.0046
0 0.6812 0.416 0.0068 0.0039
0 0.6738 0.4108 0.0059 0.0039
0 0.688 0.3997 0.0068 0.0052
0 0.7031 0.4209 0.0098 0.0059
0 0.6963 0.4238 0.0098 0.0065
0 0.688 0.4053 0.0068 0.0046
0 0.6919 0.4043 0.0088 0.0065
0 0.7764 0.4121 0.0078 0.0052
0 0.7695 0.4108 0.0078 0.0065
0 0.7856 0.4268 0.0107 0.0059
0 0.7842 0.4329 0.0098 0.0052
0 0.79 0.4196 0.0098 0.0085
0 0.7842 0.4209 0.0117 0.0085
0 0.7988 0.417 0.0078 0.0085
0 0.7798 0.4053 0.0068 0.0072
0 0.7964 0.4059 0.0088 0.0072
0 0.7856 0.4053 0.0068 0.0072
0 0.7036 0.4049 0.0049 0.0052
0 0.6836 0.4268 0.0078 0.0072
0 0.6763 0.4235 0.0088 0.0072
0 0.6621 0.4147 0.0059 0.0039
0 0.6826 0.4102 0.0059 0.0039
0 0.7593 0.4056 0.0049 0.0039
0 0.7437 0.4053 0.0107 0.0072
0 0.7861 0.4443 0.0078 0.0046
0 0.6792 0.4014 0.0107 0.0085
0 0.6611 0.4007 0.0098 0.0111
0 0.6689 0.4043 0.0078 0.0078
0 0.6621 0.4111 0.0078 0.0059
0 0.7847 0.4684 0.0088 0.0059
0 0.7217 0.4105 0.0078 0.0072
0 0.7065 0.4134 0.0088 0.0078
0 0.7173 0.4137 0.0068 0.0059
0 0.7144 0.4147 0.0068 0.0065
0 0.7017 0.4134 0.0088 0.0065
0 0.6973 0.4137 0.0098 0.0059
0 0.6914 0.4134 0.0098 0.0052
0 0.7417 0.4128 0.0068 0.0052
0 0.7495 0.4043 0.0088 0.0065
0 0.7559 0.4411 0.0078 0.0072
0 0.7266 0.4619 0.0098 0.0072
0 0.7339 0.4639 0.0088 0.0072
0 0.7559 0.4515 0.0078 0.0072
0 0.8018 0.4538 0.0078 0.0078
0 0.7637 0.4232 0.0078 0.0052
0 0.6699 0.418 0.0059 0.0052
0 0.71 0.459 0.0078 0.0052
0 0.7363 0.4212 0.0117 0.0078
0 0.7007 0.4691 0.0088 0.0059
0 0.7031 0.4613 0.0078 0.0059
0 0.6958 0.4668 0.0068 0.0052
0 0.6855 0.4531 0.0078 0.0052
0 0.7168 0.43 0.0078 0.0072
0 0.7661 0.416 0.0088 0.0065
0 0.7783 0.4378 0.0078 0.0059
0 0.7842 0.4583 0.0098 0.0065
0 0.6226 0.4238 0.0088 0.0065
0 0.6357 0.4297 0.0078 0.0052
0 0.6426 0.4294 0.0059 0.0046
0 0.6528 0.4238 0.0068 0.0052
0 0.6479 0.4202 0.0088 0.0059
0 0.6411 0.4225 0.0068 0.0052
0 0.6377 0.4173 0.0078 0.0052
0 0.605 0.4258 0.0049 0.0039
0 0.6133 0.4245 0.0098 0.0078
0 0.6094 0.4329 0.0059 0.0039
0 0.6274 0.4375 0.0088 0.0065
0 0.5718 0.4385 0.0107 0.0059
0 0.5845 0.4346 0.0107 0.0072
0 0.5562 0.4346 0.0088 0.0059
0 0.5483 0.4382 0.0068 0.0052
0 0.5669 0.4219 0.0049 0.0039
0 0.5791 0.4251 0.0078 0.0052
0 0.5957 0.4222 0.0078 0.0072
0 0.5684 0.432 0.0098 0.0059
0 0.5742 0.4115 0.0078 0.0052
0 0.6367 0.4036 0.0098 0.0065
0 0.6416 0.4115 0.0098 0.0065
0 0.6509 0.4111 0.0088 0.0072
0 0.6538 0.4186 0.0068 0.0078
0 0.6313 0.4199 0.0107 0.0104
0 0.6309 0.4092 0.0117 0.0111
0 0.6377 0.416 0.0098 0.0078
0 0.6245 0.4167 0.0088 0.0065
0 0.6191 0.4167 0.0117 0.0078
0 0.5386 0.4251 0.0068 0.0052
0 0.5396 0.4326 0.0068 0.0033
0 0.5283 0.4274 0.0078 0.0059
0 0.5244 0.4229 0.0078 0.0046
0 0.5166 0.4199 0.0059 0.0039
0 0.5171 0.4264 0.0068 0.0052
0 0.5107 0.4378 0.0098 0.0059
0 0.5288 0.4378 0.0088 0.0059
0 0.5474 0.4294 0.0088 0.0059
0 0.5649 0.4245 0.0088 0.0052
0 0.5479 0.4518 0.0078 0.0065
0 0.5923 0.432 0.0088 0.0072
0 0.5996 0.4521 0.0078 0.0033
0 0.6191 0.4447 0.0098 0.0052
0 0.5869 0.4222 0.0098 0.0072
0 0.5088 0.4297 0.0059 0.0052
0 0.5049 0.4294 0.0078 0.0059
0 0.4897 0.4232 0.0049 0.0065
0 0.4004 0.416 0.0059 0.0052
0 0.3677 0.4186 0.0068 0.0052
0 0.3823 0.4225 0.0068 0.0052
0 0.333 0.4238 0.0059 0.0039
0 0.3179 0.4238 0.0049 0.0039
0 0.2939 0.4219 0.0078 0.0052
0 0.3022 0.4186 0.0068 0.0052
0 0.3174 0.417 0.0078 0.0059
0 0.3271 0.4157 0.0078 0.0072
0 0.2812 0.4141 0.0059 0.0039
0 0.2866 0.4268 0.0068 0.0059
0 0.292 0.4167 0.0078 0.0052
0 0.3081 0.416 0.0049 0.0039
0 0.3105 0.4212 0.0059 0.0039
0 0.3413 0.4183 0.0049 0.0046
0 0.332 0.4294 0.0059 0.0046
0 0.3384 0.4141 0.0068 0.0039
0 0.3296 0.4092 0.0049 0.0033
0 0.3257 0.4066 0.0049 0.0033
0 0.3154 0.4069 0.0059 0.0026
0 0.3394 0.4053 0.0068 0.0046
0 0.3335 0.4049 0.0049 0.0039
0 0.4248 0.4163 0.0039 0.0033
0 0.4102 0.4277 0.0078 0.0052
0 0.4106 0.4176 0.0068 0.0059
0 0.3096 0.4238 0.0078 0.0052
0 0.3076 0.457 0.0078 0.0052
0 0.3008 0.4756 0.0059 0.0059
0 0.3071 0.4762 0.0088 0.0059
0 0.2856 0.4395 0.0088 0.0065
0 0.3184 0.429 0.0098 0.0065
0 0.3047 0.4281 0.0098 0.0072
0 0.3506 0.4098 0.0078 0.0046
0 0.916 0.5365 0.0137 0.0104
0 0.9575 0.5218 0.0127 0.0085
0 0.9961 0.5651 0.0059 0.0078
0 0.9937 0.543 0.0107 0.0104
0 0.9961 0.5339 0.0059 0.0104
0 0.9946 0.5104 0.0088 0.0104
0 0.9858 0.4974 0.0107 0.0091
0 0.9961 0.4583 0.0059 0.0104
0 0.9824 0.4274 0.0098 0.0072
0 0.8818 0.5505 0.0137 0.0085
0 0.9053 0.5394 0.0137 0.0098
0 0.8892 0.5293 0.0127 0.0091
0 0.9321 0.5186 0.0166 0.0111
0 0.936 0.5547 0.0127 0.0104
0 0.9009 0.5885 0.0146 0.0091
0 0.936 0.5911 0.0166 0.0104
0 0.3721 0.3962 0.0078 0.0046
0 0.3672 0.3971 0.0059 0.0052
0 0.4385 0.3962 0.0059 0.0059
0 0.4136 0.3984 0.0068 0.0039
0 0.4648 0.4264 0.0059 0.0052
0 0.4731 0.4287 0.0068 0.0046
0 0.4819 0.415 0.0107 0.0085
0 0.5 0.4196 0.0078 0.0072
0 0.5015 0.4258 0.0088 0.0078
0 0.4976 0.4157 0.0127 0.0111
0 0.5049 0.4163 0.0078 0.0085
0 0.5015 0.4118 0.0068 0.0059
0 0.4951 0.4069 0.0098 0.0065
0 0.479 0.4004 0.0068 0.0065
0 0.4873 0.3997 0.0059 0.0052
0 0.5356 0.4111 0.0049 0.0046
0 0.5459 0.402 0.0059 0.0059
0 0.395 0.3936 0.0068 0.0046
0 0.4282 0.4014 0.0049 0.0046
0 0.5483 0.4186 0.0068 0.0052
0 0.5332 0.403 0.0039 0.0039
0 0.5103 0.4004 0.0029 0.0026
0 0.5176 0.403 0.0039 0.0039
0 0.4614 0.4215 0.0068 0.0046
0 0.4531 0.429 0.0078 0.0052
0 0.4561 0.4193 0.0078 0.0065
0 0.4424 0.4014 0.0078 0.0059
0 0.5103 0.4108 0.0068 0.0052
0 0.5347 0.4196 0.0068 0.0046
0 0.5278 0.4186 0.0068 0.0052
0 0.5205 0.4154 0.0059 0.0052
0 0.5142 0.4085 0.0068 0.0072
0 0.4839 0.4261 0.0088 0.0072
0 0.457 0.4105 0.0078 0.0072
0 0.1328 0.6608 0.0195 0.013
0 0.9888 0.9395 0.0205 0.026
0 0.0088 0.7376 0.0195 0.0169
0 0.0835 0.8105 0.0186 0.0208
