0 0.5078 0.3045 0.0547 0.1025
0 0.585 0.2321 0.0527 0.101
0 0.5103 0.1266 0.0498 0.0864
0 0.6313 0.1362 0.04 0.0849
0 0.6216 0.1611 0.0361 0.0586
0 0.5742 0.1281 0.0332 0.0542
0 0.6855 0.1464 0.0293 0.0615
0 0.7065 0.1303 0.0283 0.0469
0 0.7231 0.1032 0.0264 0.0454
0 0.73 0.0703 0.0205 0.0351
0 0.7686 0.0615 0.0254 0.0381
0 0.8076 0.1245 0.0195 0.0351
0 0.8579 0.0798 0.0225 0.0395
0 0.9321 0.0783 0.0225 0.0307
0 0.9858 0.0381 0.0264 0.0469
0 0.0576 0.5307 0.1133 0.2123
0 0.2505 0.276 0.1006 0.2094
0 0.5088 0.3829 0.0723 0.1362
0 0.3159 0.1911 0.0752 0.1713
