0 0.6157 0.6406 0.0361 0.0952
0 0.6821 0.6193 0.0459 0.0791
0 0.73 0.571 0.0381 0.0791
0 0.7739 0.5754 0.0264 0.0556
0 0.4819 0.7343 0.04 0.1391
0 0.1846 0.6691 0.0352 0.0908
0 0.2051 0.5703 0.0352 0.0688
0 0.3491 0.6135 0.0205 0.0673
0 0.4268 0.6076 0.0234 0.0527
0 0.5034 0.5871 0.0244 0.0556
0 0.1963 0.4868 0.0117 0.0278
0 0.1094 0.4736 0.0098 0.0249
0 0.0874 0.4392 0.0107 0.0176
0 0.0435 0.4297 0.0107 0.019
0 0.0083 0.4305 0.0127 0.0176
0 0.0366 0.4934 0.0225 0.0381
0 0.0586 0.4795 0.0137 0.019
0 0.1484 0.4941 0.0098 0.0249
0 0.188 0.4605 0.0088 0.019
0 0.2671 0.4165 0.0088 0.019
0 0.3003 0.4854 0.0088 0.022
0 0.3281 0.4795 0.0098 0.0249
0 0.3491 0.4649 0.0107 0.022
0 0.3633 0.4597 0.0078 0.0176
0 0.4111 0.4195 0.0059 0.019
0 0.3911 0.4736 0.0088 0.019
0 0.332 0.5205 0.0195 0.0395
0 0.4263 0.4795 0.0088 0.0249
0 0.4575 0.4744 0.0107 0.0293
0 0.4707 0.4941 0.0117 0.0249
0 0.4893 0.4663 0.0098 0.019
0 0.5029 0.4568 0.0078 0.0146
0 0.5293 0.4561 0.0078 0.0161
0 0.5654 0.481 0.0117 0.022
0 0.4937 0.5212 0.0127 0.0322
0 0.5903 0.4883 0.0166 0.0337
0 0.6265 0.4934 0.0127 0.0322
0 0.46 0.4217 0.0059 0.0146
0 0.6885 0.5329 0.0215 0.0527
0 0.6904 0.481 0.0117 0.0278
0 0.6318 0.4663 0.0078 0.0161
0 0.6055 0.4744 0.0059 0.0146
0 0.9111 0.5234 0.0234 0.0512
0 0.9292 0.5139 0.0186 0.0381
0 0.96 0.4898 0.0195 0.0366
0 0.9702 0.4905 0.0088 0.0293
0 0.9785 0.4919 0.0098 0.0293
0 0.8604 0.4876 0.0156 0.0351
0 0.8813 0.4861 0.0127 0.0322
0 0.812 0.4854 0.0127 0.0278
0 0.8252 0.478 0.0117 0.019
0 0.5718 0.5373 0.0303 0.0556
0 0.6309 0.5373 0.0234 0.0469
0 0.8081 0.5395 0.0283 0.06
0 0.1357 0.5183 0.0195 0.0439
0 0.2334 0.5322 0.0234 0.0454
0 0.3989 0.5337 0.0225 0.0483
0 0.4663 0.5329 0.0166 0.0469
0 0.5303 0.511 0.0234 0.0439
0 0.0679 0.5476 0.0342 0.0673
0 0.0972 0.5176 0.0303 0.0512
0 0.2344 0.4773 0.0176 0.0264
0 0.2656 0.4993 0.0156 0.0322
0 0.2427 0.4202 0.0088 0.0176
0 0.2075 0.5066 0.0127 0.0293
0 0.2139 0.4839 0.0098 0.019
0 0.7368 0.4773 0.0166 0.0322
0 0.7705 0.4971 0.0117 0.0395
0 0.7793 0.5044 0.0098 0.0425
0 0.6523 0.4729 0.0098 0.0293
