0 0.1108 0.302 0.042 0.0707
0 0.2061 0.2592 0.0449 0.0803
0 0.3174 0.2714 0.043 0.0884
0 0.2759 0.2395 0.0127 0.019
0 0.1421 0.2707 0.0166 0.0245
0 0.0352 0.1837 0.0137 0.0218
0 0.0547 0.215 0.0156 0.019
0 0.2568 0.151 0.0117 0.0218
0 0.3174 0.166 0.0117 0.0218
0 0.2964 0.1884 0.0166 0.0231
0 0.2646 0.1959 0.0117 0.019
0 0.2368 0.2061 0.0127 0.0231
0 0.3491 0.1905 0.0146 0.0218
0 0.1211 0.168 0.0156 0.0231
0 0.2188 0.1463 0.0137 0.0231
0 0.2935 0.1483 0.0127 0.0272
0 0.4121 0.1259 0.0098 0.0177
0 0.5088 0.1592 0.0117 0.019
0 0.4658 0.1844 0.0098 0.0204
0 0.4424 0.2197 0.041 0.0776
0 0.4883 0.1973 0.0137 0.0218
0 0.5605 0.1585 0.0098 0.0204
0 0.5571 0.1946 0.0127 0.0218
0 0.5845 0.1864 0.0127 0.0218
0 0.6128 0.1571 0.0088 0.0204
0 0.6099 0.2429 0.0127 0.0231
0 0.5801 0.2986 0.0137 0.0204
0 0.5522 0.2925 0.04 0.0735
0 0.645 0.3007 0.0361 0.0626
0 0.7241 0.2803 0.0127 0.019
0 0.7109 0.249 0.0117 0.0218
0 0.7622 0.283 0.0459 0.0789
0 0.8184 0.2918 0.0371 0.0721
0 0.9009 0.3156 0.042 0.0626
0 0.9341 0.3204 0.0068 0.015
0 0.6685 0.2143 0.0088 0.0204
0 0.584 0.1456 0.0117 0.019
0 0.2334 0.0912 0.0117 0.019
0 0.644 0.2075 0.0127 0.0259
0 0.6094 0.2184 0.0117 0.0204
0 0.0059 0.2184 0.0078 0.0231
0 0.147 0.219 0.0166 0.0272
0 0.1626 0.1667 0.0146 0.0286
0 0.1689 0.1197 0.0156 0.0299
0 0.085 0.1503 0.0156 0.0286
0 0.0562 0.1748 0.0166 0.0259
0 0.2051 0.1714 0.0176 0.0245
0 0.2539 0.2558 0.0176 0.0299
0 0.3716 0.1633 0.0107 0.0245
0 0.3618 0.266 0.0146 0.0259
0 0.498 0.2259 0.0117 0.0218
0 0.5386 0.1878 0.0127 0.0245
0 0.5151 0.2639 0.0107 0.0245
