0 0.2778 0.3221 0.0166 0.0264
0 0.3418 0.3016 0.0176 0.0293
0 0.4058 0.2892 0.0186 0.0366
0 0.6943 0.287 0.0137 0.0293
0 0.6279 0.2796 0.0117 0.0264
0 0.583 0.287 0.0137 0.0293
0 0.5454 0.287 0.0186 0.0322
0 0.4697 0.2555 0.0176 0.0278
0 0.9258 0.2394 0.0137 0.0307
0 0.8989 0.2438 0.0166 0.0337
0 0.8442 0.2482 0.0166 0.0307
0 0.9678 0.3616 0.0176 0.0351
0 0.9009 0.3682 0.0186 0.0366
0 0.9902 0.4348 0.0176 0.0673
0 0.8354 0.3638 0.0205 0.0454
0 0.7935 0.3287 0.0186 0.0395
0 0.8398 0.407 0.0254 0.0469
0 0.8857 0.4949 0.0312 0.0761
0 0.6333 0.4671 0.0166 0.0586
0 0.5576 0.5081 0.0352 0.0791
0 0.7275 0.5805 0.0371 0.104
