0 0.1982 0.2883 0.043 0.0901
0 0.8286 0.4279 0.0381 0.0901
0 0.3838 0.6336 0.0371 0.0751
0 0.4233 0.6216 0.0342 0.0571
0 0.4736 0.6254 0.0254 0.0556
0 0.6309 0.6134 0.0312 0.0616
0 0.77 0.6314 0.0342 0.0706
0 0.7192 0.6239 0.0381 0.0796
0 0.5996 0.6126 0.0234 0.0541
0 0.6392 0.3971 0.0225 0.0375
0 0.5444 0.3596 0.0186 0.0465
0 0.6694 0.5646 0.0166 0.039
0 0.9629 0.4557 0.0215 0.0435
0 0.9722 0.6006 0.0303 0.0601
0 0.0933 0.6599 0.0264 0.0556
0 0.0171 0.6569 0.0283 0.0646
0 0.0298 0.4932 0.0264 0.0556
0 0.5352 0.6291 0.0293 0.0541
0 0.4028 0.5 0.0225 0.042
0 0.5942 0.5053 0.0225 0.0435
0 0.4976 0.4745 0.0225 0.036
0 0.5249 0.5248 0.0146 0.0285
0 0.8149 0.473 0.0166 0.042
