0
1
2
4
5
6
7
8
10
11
12
14
15
16
17
18
19
21
23
25
27
28
30
31
32
33
34
35
36
37
38
39
40
42
45
46
47
48
49
50
51
52
53
54
55
58
61
62
64
65
68
69
71
72
74
75
76
78
79
80
81
82
83
84
87
88
89
92
93
95
96
97
98
99
100
101
102
103
104
105
106
108
109
110
111
112
114
115
128
132
135
138
144
145
146
147
148
149
152
154
155
156
162
164
165
166
167
168
169
170
171
172
174
176
180
181
182
183
184
185
188
191
195
196
197
200
201
202
203
206
207
208
209
211
214
215
216
217
218
219
220
221
222
226
237
239
242
243
244
249
250
260
262
264
266
267
271
275
278
279
281
282
290
292
293
295
302
304
309
314
315
321
329
331
333
335
337
340
341
342
343
351
355
356
358
359
364
368
369
370
372
374
378
381
388
404
411
413
417
418
432
434
435
436
439
479
482
484
487
490
494
500
502
507
511
513
517
521
522
523
524
525
526
529
530
533
535
536
539
540
544
554
562
571
575
584
588
603
607
609
611
613
617
619
621
630
631
634
636
637
641
642
643
648
650
651
652
657
661
663
668
673
675
678
680
683
689
695
696
720
732
733
735
736
737
738
741
742
744
745
747
750
751
752
753
754
755
757
758
759
760
762
763
765
766
768
770
771
776
777
778
779
780
781
782
783
784
785
786
787
788
789
792
793
795
796
797
798
801
802
804
806
807
808
809
810
811
812
813
814
815
816
817
818
820
822
824
825
826
827
829
832
833
834
835
836
837
838
839
840
841
842
844
846
847
849
850
851
852
853
854
855
856
857
858
859
860
861
863
864
866
868
869
870
871
873
874
875
876
879
881
882
883
884
885
888
889
890
891
892
893
894
896
897
898
899
902
904
905
906
908
910
911
912
913
914
915
916
917
918
919
920
921
922
924
925
926
927
928
930
931
933
936
937
938
939
941
942
943
946
949
951
952
953
954
955
956
957
958
959
960
961
962
963
964
966
967
969
970
971
973
974
975
976
978
979
980
983
989
996
1001
1003
1004
1018
1028
1035
1040
1041
1042
1044
1047
1049
1051
1052
1053
1054
1057
1058
1059
1060
1062
1063
1064
1065
1066
1068
1070
1072
1073
1074
1075
1076
1077
1080
1081
1082
1083
1084
1085
1086
1089
1090
1091
1093
1095
1104
1107
1110
1112
1113
1115
1117
1118
1119
1120
1121
1122
1123
1126
1134
1135
1136
1140
1141
1143
1144
1146
1149
1152
1154
1157
1160
1161
1162
1163
1164
1166
1169
1170
1171
1181
1184
1191
1193
1199
1201
1203
1204
1205
1206
1212
1217
1218
1219
1220
1221
1222
1225
1227
1229
1231
1233
1234
1235
1236
1237
1238
1240
1243
1246
1247
1250
1252
1254
1256
1257
1259
1261
1262
1263
1266
1268
1269
1279
1281
1292
1295
1299
1303
1304
1309
1311
1313
1318
1333
1337
1340
1341
1342
1345
1346
1347
1349
1350
1355
1357
1358
1361
1363
1367
1369
1371
1379
1381
1383
1389
1390
1392
1394
1395
1397
1398
1400
1401
1403
1405
1407
1408
1409
1413
1414
1415
1417
1419
1420
1421
1422
1438
1465
1479
1480
1486
1495
1496
1517
1521
1527
1541
1552
1564
1570
1573
1578
1583
1586
1587
1593
1597
1600
1604
1606
1612
1620
1624
1627
1628
1629
1632
1633
1636
1641
1643
1646
1648
1649
1650
1656
1659
1660
1661
1663
1667
1669
1676
1679
1682
1683
1689
1691
1693
1694
1695
1697
1700
1702
1703
1705
1707
1708
1709
1710
1712
1714
1715
1719
1721
1723
1726
1727
1728
1731
1732
1733
1734
1735
1737
1740
1745
1748
1754
1756
1761
1762
1763
1764
1765
1766
1770
1782
1783
1790
1799
1801
1805
1816
1823
1827
1831
1833
1835
1836
1837
1839
1841
1842
1853
1858
1860
1864
1868
1874
1877
1878
1880
1882
1883
1885
1888
1891
1893
1897
1898
1900
1903
1907
1908
1910
1911
1912
1913
1914
1918
1920
1921
1922
1923
1928
1931
1932
1934
1936
1940
1948
1952
1955
1961
1965
1967
1969
1971
1975
1983
1996
1997
2015
2017
2020
2025
2028
2029
2041
2052
2054
2057
2062
2066
2084
2091
2092
2093
2103
2112
2113
2118
2122
2133
2140
2143
2147
2152
2155
2157
2161
2162
2163
2164
2170
2174
2176
2177
2179
2185
2188
2189
2190
2209
2210
2213
2217
2219
2220
2224
2225
2232
2234
2236
2238
2241
2249
2252
2255
2260
2266
2268
2274
2275
2278
2286
2288
2289
2293
2295
2296
2300
2308
2309
2311
2324
2334
2340
2344
2350
2353
2354
2358
2359
2360
2362
2366
2367
2369
2380
2383
2386
2390
2391
2393
2395
2399
2404
2414
2416
2418
2424
2427
2428
2429
2433
2439
2442
2444
2448
2449
2450
2451
2453
2454
2456
2457
2458
2459
2460
2461
2462
2463
2464
2465
2466
2467
2468
2469
2471
2473
2474
2475
2476
2477
2480
2481
2484
2485
2486
2489
2491
2492
2493
2494
2495
2496
2497
2507
2511
2517
2521
2524
2525
2533
2535
2544
2546
2564
2566
2567
2575
2577
2589
2598
2609
2613
2615
2616
2618
2622
2627
2629
2638
2645
2654
2665
2676
2678
2679
2684
2687
2689
2691
2693
2694
2695
2698
2699
2700
2701
2702
2703
2707
2710
2712
2713
2717
2720
2723
2724
2725
2732
2737
2738
2745
2746
2751
2752
2756
2760
2762
2770
2777
2779
2791
2795
2796
2802
2805
2808
2816
2820
2824
2828
2836
2839
2840
2847
2848
2849
2850
2853
2858
2859
2861
2862
2864
2866
2867
2868
2871
2877
2880
2881
2882
2883
2886
2888
2889
2890
2891
2893
2895
2896
2897
2898
2899
2903
2904
2905
2909
2911
2915
2916
2918
2924
2926
2928
2929
2930
2931
2932
2936
2937
2939
2940
2941
2943
2944
2947
2949
2951
2952
2953
2956
2957
2961
2962
2963
2964
2969
2970
2976
2979
2985
2987
2990
2993
2996
2999
3001
3002
3008
3012
3017
3018
3020
3021
3022
3023
3026
3029
3033
3041
3043
3049
3052
3055
3056
3057
3061
3063
3064
3065
3068
3069
3070
3071
3074
3077
3079
3080
3081
3082
3084
3085
3091
3097
3098
3099
3100
3104
3105
3108
3109
3114
3116
3117
3121
3126
3127
3129
3132
3133
3134
3135
3136
3137
3138
3141
3143
3145
3146
3148
3156
3163
3171
3176
3184
3203
3216
