0 0.0161 0.608 0.0029 0.011
0 0.041 0.5915 0.0059 0.011
0 0.0571 0.61 0.0049 0.0069
0 0.063 0.5908 0.0049 0.0069
0 0.0767 0.6004 0.0068 0.0124
0 0.0933 0.5915 0.0068 0.0138
0 0.1133 0.6011 0.0078 0.011
0 0.1279 0.6107 0.0078 0.011
0 0.1538 0.6073 0.0049 0.0151
0 0.0742 0.6369 0.0078 0.0138
0 0.0415 0.6657 0.0107 0.0165
0 0.0327 0.7249 0.0225 0.0358
0 0.126 0.6905 0.0156 0.0275
0 0.1699 0.6472 0.0117 0.0206
0 0.1929 0.6279 0.0107 0.0206
0 0.1875 0.5949 0.0039 0.0069
0 0.1719 0.5784 0.0039 0.0069
0 0.2651 0.7221 0.0166 0.0275
0 0.3076 0.6499 0.0137 0.0234
0 0.2705 0.6685 0.0117 0.0248
0 0.353 0.6355 0.0088 0.0165
0 0.2695 0.6169 0.0078 0.0151
0 0.2568 0.6245 0.0078 0.0138
0 0.4551 0.6754 0.0137 0.022
0 0.4424 0.6609 0.0098 0.0179
0 0.4351 0.6437 0.0107 0.0165
0 0.478 0.6376 0.0088 0.0151
0 0.3018 0.6094 0.0059 0.011
0 0.3008 0.5777 0.0059 0.011
0 0.2979 0.5557 0.0059 0.0083
0 0.3398 0.5722 0.0059 0.011
0 0.3599 0.5646 0.0049 0.0096
0 0.2095 0.6114 0.0049 0.0124
0 0.1172 0.5887 0.0059 0.011
0 0.1206 0.5681 0.0068 0.0138
0 0.5068 0.7304 0.0156 0.0303
0 0.499 0.632 0.0059 0.0124
0 0.4868 0.6018 0.0068 0.0151
0 0.5332 0.6389 0.0059 0.0124
0 0.5347 0.6045 0.0107 0.0151
0 0.5156 0.6142 0.0059 0.0151
0 0.561 0.6142 0.0088 0.0124
0 0.5708 0.6499 0.0127 0.0179
0 0.5825 0.6059 0.0088 0.0151
0 0.6172 0.6809 0.0156 0.0275
0 0.6348 0.6107 0.0059 0.0138
0 0.624 0.61 0.0059 0.0179
0 0.6138 0.6162 0.0068 0.0193
0 0.6182 0.6382 0.0078 0.0165
0 0.6646 0.6135 0.0049 0.0138
0 0.6572 0.6059 0.0059 0.0124
0 0.6865 0.6169 0.0078 0.0206
0 0.7114 0.6265 0.0088 0.0206
0 0.7256 0.6121 0.0078 0.0165
0 0.6963 0.6018 0.0059 0.0096
0 0.7354 0.6059 0.0078 0.0151
0 0.7451 0.6052 0.0059 0.0138
0 0.7559 0.6045 0.0078 0.0151
0 0.7646 0.6073 0.0059 0.0179
0 0.6938 0.6561 0.0146 0.0193
0 0.7212 0.7208 0.0166 0.0303
0 0.7876 0.6479 0.0127 0.0275
0 0.8223 0.6547 0.0137 0.0248
0 0.8276 0.6348 0.0107 0.0179
0 0.7896 0.6121 0.0068 0.0138
0 0.7881 0.5977 0.0078 0.0179
0 0.772 0.6004 0.0068 0.0124
0 0.8008 0.6025 0.0059 0.0138
0 0.8174 0.6059 0.0078 0.0151
0 0.8472 0.6094 0.0049 0.011
0 0.8574 0.599 0.0078 0.0151
0 0.7773 0.5646 0.0039 0.0096
0 0.8765 0.6032 0.0068 0.0124
0 0.9004 0.5956 0.0078 0.011
0 0.8784 0.6314 0.0088 0.0138
0 0.9097 0.6905 0.0127 0.0248
0 0.9434 0.6004 0.0078 0.0151
0 0.9805 0.5619 0.0059 0.0096
0 0.9678 0.6018 0.0078 0.0124
0 0.9629 0.6685 0.0137 0.022
0 0.9878 0.6513 0.0127 0.0151
0 0.9448 0.7118 0.0186 0.0344
0 0.2783 0.6011 0.0078 0.0138
0 0.3662 0.6066 0.0078 0.0165
0 0.1562 0.5633 0.0078 0.0179
0 0.9028 0.61 0.0068 0.0124
0 0.9072 0.6128 0.0078 0.0124
0 0.8188 0.6231 0.0088 0.0138
0 0.1665 0.6107 0.0088 0.011
0 0.2529 0.6045 0.0078 0.0124
0 0.3125 0.6004 0.0078 0.0151
0 0.3735 0.5922 0.0068 0.0124
0 0.3916 0.6107 0.0078 0.0138
0 0.5835 0.6479 0.0068 0.0138
0 0.8325 0.5784 0.0068 0.0096
0 0.9932 0.6073 0.0059 0.0124
0 0.9868 0.6039 0.0049 0.0083
