0 0.0054 0.1389 0.0107 0.0262
0 0.0669 0.2267 0.0322 0.0498
0 0.1089 0.1557 0.0205 0.0349
0 0.1221 0.1918 0.0312 0.0548
0 0.1372 0.2073 0.0146 0.0361
0 0.1992 0.2136 0.0332 0.0635
0 0.2324 0.188 0.0234 0.0374
0 0.2593 0.1706 0.0186 0.0324
0 0.3105 0.1849 0.0273 0.056
0 0.2393 0.2516 0.0391 0.0747
0 0.3721 0.2366 0.0352 0.0697
0 0.3628 0.1762 0.0264 0.0461
0 0.3799 0.2017 0.0273 0.0423
0 0.4487 0.1986 0.0322 0.061
0 0.5522 0.1656 0.0225 0.0374
0 0.5073 0.2267 0.0244 0.0399
0 0.5508 0.2329 0.0293 0.0523
0 0.5273 0.2715 0.0371 0.0672
0 0.6401 0.155 0.0166 0.0286
0 0.6484 0.2316 0.0352 0.0648
0 0.7007 0.1912 0.0205 0.0436
0 0.6958 0.226 0.0244 0.0461
0 0.7559 0.2366 0.0254 0.0473
0 0.7725 0.2285 0.0195 0.0436
0 0.6934 0.3169 0.0371 0.0735
0 0.8052 0.2758 0.0342 0.0635
0 0.8057 0.2491 0.0312 0.0473
0 0.8652 0.2142 0.0234 0.0374
0 0.9062 0.2167 0.0273 0.0523
0 0.8711 0.3325 0.0371 0.0772
0 0.9727 0.2472 0.0391 0.0735
0 0.9854 0.2086 0.0273 0.0635
0 0.0532 0.1781 0.0225 0.0299
