0 0.0239 0.2566 0.0264 0.0437
0 0.1152 0.2653 0.0312 0.0583
0 0.2852 0.2485 0.0273 0.0481
0 0.3618 0.3178 0.0264 0.0525
0 0.3975 0.3025 0.0273 0.0394
0 0.4126 0.2624 0.0225 0.0466
0 0.4536 0.2318 0.0244 0.0408
0 0.458 0.2704 0.0254 0.0452
0 0.5513 0.2733 0.0244 0.0423
0 0.3281 0.2755 0.0195 0.035
0 0.5669 0.3353 0.0264 0.0496
0 0.6079 0.2813 0.0283 0.0525
0 0.6465 0.2908 0.0254 0.0481
0 0.6797 0.2755 0.0215 0.0466
0 0.7119 0.32 0.0273 0.051
0 0.7261 0.3083 0.0244 0.0452
0 0.7578 0.2988 0.0273 0.0496
0 0.7866 0.3885 0.0342 0.0685
0 0.8691 0.4169 0.0293 0.0554
0 0.8745 0.2857 0.0205 0.0379
0 0.8394 0.1778 0.0127 0.0292
