0 0.3501 0.0523 0.0107 0.0199
0 0.416 0.0417 0.0098 0.0199
0 0.3931 0.1788 0.0127 0.0238
0 0.3765 0.249 0.0127 0.0238
0 0.356 0.3305 0.0166 0.0278
0 0.2603 0.3649 0.0205 0.0331
0 0.5034 0.1437 0.0127 0.0199
0 0.5386 0.0881 0.0088 0.0199
0 0.5884 0.0907 0.0127 0.0252
0 0.6182 0.0709 0.0098 0.0225
0 0.6855 0.143 0.0098 0.0185
0 0.7378 0.0907 0.0107 0.0199
0 0.7949 0.1053 0.0098 0.0199
0 0.856 0.0656 0.0107 0.0199
0 0.8677 0.1583 0.0166 0.0278
0 0.814 0.1709 0.0146 0.0291
0 0.7925 0.1358 0.0166 0.0305
0 0.8359 0.1669 0.0156 0.0238
0 0.8159 0.1397 0.0127 0.0252
0 0.9355 0.1258 0.0195 0.0344
0 0.9819 0.1219 0.0244 0.0424
0 0.666 0.3841 0.0156 0.0291
0 0.3486 0.4285 0.0176 0.0278
0 0.3516 0.4947 0.0156 0.0278
0 0.292 0.6113 0.0215 0.0278
0 0.3203 0.5371 0.0215 0.0384
0 0.0166 0.7252 0.0195 0.0225
0 0.1631 0.8411 0.0234 0.0344
0 0.23 0.7238 0.0146 0.0199
0 0.7388 0.5914 0.0186 0.0331
0 0.7446 0.6967 0.0225 0.0424
0 0.7646 0.8252 0.0176 0.0344
0 0.5693 0.1589 0.0117 0.0132
0 0.3125 0.0497 0.0117 0.0199
0 0.3159 0.0861 0.0146 0.0212
0 0.0928 0.9636 0.0254 0.0305
