0 0.9219 0.6341 0.0176 0.026
0 0.8164 0.6237 0.0176 0.026
0 0.707 0.6016 0.0176 0.0312
0 0.6299 0.6048 0.0098 0.0169
0 0.5996 0.599 0.0078 0.0156
0 0.5762 0.6055 0.0137 0.0234
0 0.4756 0.5983 0.0078 0.0143
0 0.4463 0.6087 0.0098 0.0195
0 0.9868 0.6204 0.0107 0.0169
0 0.8984 0.6198 0.0078 0.013
0 0.8838 0.6139 0.0059 0.0117
0 0.2168 0.6061 0.0176 0.0299
0 0.0537 0.599 0.0176 0.0286
0 0.1562 0.6029 0.0078 0.0156
0 0.1387 0.6107 0.0098 0.0182
0 0.0811 0.5911 0.0059 0.0104
0 0.0698 0.6009 0.0107 0.0169
0 0.0176 0.6497 0.0078 0.0078
0 0.106 0.6536 0.0049 0.0104
0 0.7773 0.5964 0.0059 0.0104
0 0.7944 0.5964 0.0049 0.0078
0 0.9785 0.5996 0.0078 0.0143
0 0.9722 0.6302 0.0068 0.0104
0 0.1147 0.582 0.0049 0.0078
0 0.0972 0.5788 0.0049 0.0065
0 0.1118 0.6667 0.0068 0.013
