0 0.1606 0.3781 0.0361 0.0573
0 0.2144 0.4156 0.0146 0.0264
0 0.2832 0.4515 0.0078 0.0132
0 0.3755 0.3414 0.0381 0.0749
0 0.4751 0.406 0.0127 0.0162
0 0.4644 0.4097 0.0068 0.0147
0 0.4966 0.4082 0.0088 0.0206
0 0.5171 0.4185 0.0146 0.0264
0 0.5352 0.4075 0.0117 0.0191
0 0.5552 0.4141 0.0127 0.0235
0 0.5801 0.4376 0.0215 0.0441
0 0.6045 0.4001 0.0156 0.025
0 0.6255 0.395 0.0107 0.0206
0 0.6533 0.4097 0.0117 0.0206
0 0.6865 0.428 0.0137 0.022
0 0.7686 0.4031 0.0098 0.0191
0 0.6997 0.4053 0.0088 0.0176
0 0.7173 0.4148 0.0068 0.0132
0 0.8008 0.4332 0.0078 0.0117
0 0.8154 0.428 0.0078 0.0132
0 0.8364 0.4222 0.0088 0.0132
0 0.9092 0.453 0.0137 0.025
0 0.7451 0.4134 0.0078 0.0132
0 0.7388 0.4046 0.0068 0.0132
