0 0.0132 0.1562 0.0205 0.0906
0 0.0425 0.2133 0.0498 0.0922
0 0.0972 0.275 0.0615 0.0938
0 0.0762 0.0648 0.0508 0.0828
0 0.1802 0.0891 0.0596 0.0938
0 0.2314 0.1656 0.0566 0.0938
0 0.2603 0.2398 0.0537 0.1047
0 0.3301 0.3078 0.0625 0.1
0 0.4644 0.4438 0.0674 0.1
0 0.6113 0.3484 0.0605 0.0969
0 0.5146 0.2484 0.0586 0.0938
0 0.46 0.1953 0.0566 0.0813
0 0.4048 0.1078 0.0537 0.0906
0 0.3394 0.0719 0.0557 0.0844
0 0.4937 0.0312 0.0479 0.0625
0 0.5537 0.0938 0.0508 0.0781
0 0.6094 0.1406 0.0586 0.0875
0 0.2437 0.0312 0.0498 0.0625
0 0.7065 0.0367 0.0557 0.0703
0 0.687 0.1891 0.0615 0.1063
0 0.7837 0.2578 0.0635 0.0969
0 0.7754 0.082 0.0566 0.0984
0 0.8643 0.1719 0.0605 0.0938
0 0.9077 0.0563 0.0557 0.0781
0 0.9565 0.2188 0.0596 0.1125
0 0.8672 0.3477 0.0645 0.0953
0 0.9878 0.1094 0.0225 0.0781
0 0.8403 0.0195 0.0459 0.0422
