0 0.0181 0.4915 0.0029 0.0065
0 0.0259 0.4948 0.0029 0.0052
0 0.0405 0.4896 0.0029 0.0052
0 0.0488 0.4922 0.0039 0.0052
0 0.0645 0.4863 0.0039 0.0065
0 0.0752 0.4922 0.002 0.0052
0 0.0962 0.487 0.0029 0.0052
0 0.1064 0.4857 0.0039 0.0052
0 0.1133 0.4967 0.0059 0.0117
0 0.126 0.4954 0.0078 0.0091
0 0.144 0.4863 0.0068 0.0143
0 0.167 0.4889 0.0098 0.0143
0 0.1841 0.4857 0.0107 0.0182
0 0.1968 0.4766 0.0088 0.013
0 0.2241 0.4967 0.0107 0.0169
0 0.2554 0.4863 0.0107 0.0169
0 0.271 0.4889 0.0068 0.0117
0 0.2886 0.4844 0.0088 0.0156
0 0.2998 0.4857 0.0117 0.0182
0 0.0859 0.4863 0.0039 0.0065
0 0.3325 0.4954 0.0127 0.0221
0 0.3604 0.4785 0.0117 0.0221
0 0.3701 0.4805 0.0078 0.0156
0 0.3965 0.472 0.0098 0.0195
0 0.4272 0.459 0.0205 0.0352
0 0.4453 0.4661 0.0078 0.013
0 0.4561 0.4896 0.0098 0.0156
0 0.478 0.4766 0.0068 0.013
0 0.4844 0.4883 0.0059 0.013
0 0.4941 0.4753 0.0059 0.0104
0 0.4653 0.4674 0.0029 0.0052
0 0.5474 0.4681 0.0166 0.0299
0 0.6069 0.4714 0.0068 0.0156
0 0.6211 0.474 0.0098 0.0156
0 0.6543 0.4746 0.0156 0.0247
0 0.6377 0.4707 0.0137 0.0273
0 0.6821 0.4661 0.0088 0.0182
0 0.7007 0.4577 0.0107 0.0195
0 0.7261 0.4753 0.0127 0.0208
0 0.7607 0.4486 0.0156 0.0299
0 0.8145 0.4831 0.0098 0.0182
0 0.7725 0.4766 0.0098 0.0182
0 0.8569 0.4518 0.0127 0.0286
0 0.8857 0.4609 0.0117 0.0208
0 0.9502 0.457 0.0137 0.026
0 0.9937 0.4883 0.0107 0.0339
