0 0.0542 0.7083 0.0186 0.0334
0 0.1392 0.6849 0.0166 0.0267
0 0.1211 0.6028 0.0176 0.0334
0 0.0581 0.6208 0.0068 0.016
0 0.2271 0.6489 0.0088 0.016
0 0.2451 0.6656 0.0059 0.012
0 0.2739 0.6389 0.0127 0.0227
0 0.2485 0.6415 0.0088 0.0147
0 0.2485 0.6055 0.0107 0.02
0 0.2881 0.6155 0.0098 0.016
0 0.3643 0.6702 0.0176 0.0427
0 0.3359 0.6402 0.0098 0.0174
0 0.3774 0.6415 0.0107 0.02
0 0.4033 0.6302 0.0137 0.024
0 0.3291 0.6155 0.0078 0.016
0 0.3115 0.6242 0.0039 0.0067
0 0.4258 0.6228 0.0098 0.0174
0 0.4766 0.6342 0.0176 0.032
0 0.521 0.6248 0.0146 0.024
0 0.5474 0.747 0.0205 0.036
0 0.583 0.7343 0.0117 0.0187
0 0.5767 0.6295 0.0107 0.02
0 0.6177 0.6455 0.0107 0.02
0 0.5854 0.6088 0.0127 0.0214
0 0.5015 0.6148 0.0049 0.0093
0 0.4937 0.6168 0.0068 0.0107
0 0.6479 0.6288 0.0146 0.0267
0 0.6689 0.6175 0.0234 0.0334
0 0.7583 0.6595 0.0146 0.024
0 0.7578 0.7497 0.0156 0.0254
0 0.8618 0.7477 0.0146 0.024
0 0.1646 0.6215 0.0049 0.0067
0 0.1963 0.6235 0.0039 0.008
0 0.2168 0.6215 0.0039 0.0067
0 0.2075 0.6175 0.0049 0.0067
0 0.314 0.6195 0.0049 0.0107
0 0.5312 0.6228 0.0078 0.0147
