0 0.3491 0.5649 0.0244 0.0451
0 0.4268 0.5608 0.0254 0.0451
0 0.5342 0.5287 0.0234 0.0301
0 0.5605 0.5615 0.0215 0.0383
0 0.6201 0.556 0.0234 0.041
0 0.6768 0.5847 0.0234 0.0437
0 0.7202 0.5615 0.0205 0.0383
0 0.7764 0.5321 0.0254 0.0423
0 0.7324 0.6995 0.0254 0.0383
0 0.6357 0.7247 0.0254 0.0451
0 0.5537 0.7179 0.0234 0.0423
0 0.4697 0.7275 0.0234 0.0451
0 0.3799 0.7295 0.0234 0.0355
0 0.2896 0.722 0.0264 0.0451
0 0.1763 0.7193 0.0283 0.0423
0 0.4185 0.3777 0.0186 0.0342
0 0.4775 0.3798 0.0195 0.0301
0 0.3701 0.3046 0.0176 0.0246
0 0.4165 0.3135 0.0166 0.026
0 0.4575 0.3135 0.0186 0.0287
0 0.4971 0.3046 0.0156 0.0301
0 0.5332 0.3067 0.0156 0.0287
0 0.5723 0.3115 0.0156 0.0273
0 0.6465 0.3149 0.0176 0.0287
0 0.479 0.3456 0.0205 0.0328
0 0.5391 0.3443 0.0176 0.0328
0 0.5801 0.3367 0.0176 0.0287
0 0.6221 0.3408 0.0176 0.0314
0 0.417 0.3484 0.0195 0.0273
0 0.2349 0.3026 0.0186 0.0314
0 0.2817 0.3019 0.0186 0.0328
0 0.3232 0.3128 0.0195 0.0355
0 0.2998 0.5676 0.0234 0.0369
0 0.2324 0.5656 0.0215 0.0355
0 0.1841 0.5669 0.0225 0.041
0 0.2314 0.4802 0.0215 0.0396
0 0.3086 0.4986 0.0234 0.041
0 0.3872 0.5164 0.0225 0.0355
0 0.4917 0.5232 0.0225 0.0383
0 0.6455 0.5041 0.0234 0.0355
0 0.73 0.4529 0.0205 0.0369
0 0.3159 0.4454 0.0205 0.0355
0 0.3882 0.4433 0.0205 0.0369
0 0.4551 0.4426 0.0176 0.0383
0 0.4761 0.4276 0.0205 0.0355
0 0.5132 0.4542 0.0205 0.0342
0 0.5859 0.4433 0.0234 0.0396
0 0.6133 0.4167 0.0195 0.0328
0 0.6562 0.4235 0.0234 0.0383
0 0.6973 0.3791 0.0176 0.0287
0 0.6821 0.3436 0.0166 0.0287
0 0.6382 0.3743 0.0166 0.0328
0 0.5786 0.3675 0.0186 0.0328
0 0.5415 0.4078 0.0205 0.0342
0 0.5278 0.3825 0.0186 0.0328
0 0.4058 0.4242 0.0205 0.0369
0 0.3584 0.388 0.0195 0.0328
0 0.2993 0.3852 0.0205 0.0355
0 0.2427 0.4454 0.0205 0.0355
0 0.2378 0.4051 0.0186 0.0342
0 0.2554 0.3367 0.0166 0.0342
0 0.3003 0.3504 0.0205 0.0287
0 0.3618 0.3429 0.0186 0.0328
