0 0.0679 0.3052 0.0361 0.0523
0 0.0264 0.2311 0.0117 0.0174
0 0.1362 0.2922 0.0264 0.0494
0 0.1748 0.2304 0.0117 0.016
0 0.2314 0.3001 0.0215 0.0334
0 0.2568 0.3219 0.0215 0.0422
0 0.3237 0.3234 0.0342 0.0625
0 0.4028 0.3001 0.0186 0.0422
0 0.4453 0.2907 0.0215 0.0436
0 0.3735 0.2231 0.0068 0.016
0 0.5278 0.3416 0.0205 0.0349
0 0.4795 0.3837 0.0234 0.0436
0 0.6934 0.3307 0.0195 0.0392
0 0.7632 0.3932 0.0479 0.0887
0 0.9097 0.4128 0.0479 0.0785
0 0.9736 0.2987 0.0156 0.0305
0 0.6353 0.3496 0.0244 0.0538
0 0.4321 0.2362 0.0088 0.016
0 0.939 0.3387 0.0205 0.0523
