0 0.9131 0.4348 0.0195 0.0348
0 0.8247 0.4674 0.0068 0.013
0 0.8013 0.4855 0.0049 0.0087
0 0.8096 0.4478 0.0078 0.0145
0 0.8784 0.4188 0.0068 0.0145
0 0.9341 0.408 0.0068 0.013
0 0.8262 0.4261 0.0059 0.0116
0 0.8364 0.413 0.0068 0.0145
0 0.8169 0.4261 0.0068 0.0116
0 0.792 0.4232 0.0059 0.0116
0 0.8042 0.4167 0.0049 0.0101
0 0.6626 0.4558 0.0186 0.0362
0 0.7065 0.458 0.0049 0.0116
0 0.7065 0.4391 0.0049 0.0116
0 0.7295 0.4261 0.0059 0.0087
0 0.7241 0.4188 0.0049 0.0116
0 0.7026 0.4384 0.0049 0.013
0 0.687 0.4413 0.0068 0.0159
0 0.6309 0.4362 0.0059 0.0116
0 0.668 0.4377 0.0059 0.0116
0 0.5908 0.4391 0.0059 0.0116
0 0.564 0.4377 0.0049 0.0116
0 0.6035 0.4964 0.0059 0.0101
0 0.5269 0.4551 0.0127 0.029
0 0.4492 0.4725 0.0156 0.0319
0 0.3862 0.4428 0.0186 0.0275
0 0.3516 0.4565 0.0117 0.0203
0 0.5059 0.4268 0.0059 0.013
0 0.4927 0.4297 0.0049 0.0101
0 0.4829 0.4377 0.0068 0.0116
0 0.4614 0.4442 0.0049 0.0101
0 0.2139 0.4862 0.0176 0.0304
0 0.1631 0.4725 0.0117 0.0232
0 0.1787 0.4674 0.0117 0.0188
0 0.1216 0.4812 0.0146 0.0232
0 0.0845 0.4848 0.0107 0.0188
0 0.0479 0.4659 0.0098 0.0159
0 0.0322 0.4783 0.0156 0.0261
0 0.3071 0.4746 0.0166 0.0333
0 0.3164 0.4674 0.0117 0.0246
0 0.3306 0.463 0.0049 0.0101
