0 0.6489 0.4122 0.0146 0.0278
0 0.5269 0.3858 0.0166 0.0307
0 0.3516 0.3953 0.0312 0.0586
0 0.4082 0.4261 0.0234 0.041
0 0.2734 0.4122 0.0371 0.0659
0 0.3091 0.4056 0.0205 0.0381
0 0.2432 0.3902 0.0254 0.0425
0 0.1704 0.3939 0.0303 0.0498
0 0.1987 0.3587 0.0146 0.0293
0 0.0913 0.3939 0.0225 0.0381
0 0.1348 0.3419 0.0195 0.0425
0 0.0894 0.2921 0.0166 0.0278
0 0.042 0.3865 0.0371 0.0673
0 0.0044 0.3616 0.0107 0.041
0 0.0591 0.2826 0.0127 0.0264
0 0.189 0.3141 0.0088 0.022
0 0.9937 0.366 0.0107 0.0586
0 0.9766 0.3917 0.0332 0.06
0 0.9507 0.4092 0.0225 0.0483
0 0.9258 0.4026 0.0117 0.0293
0 0.9351 0.4151 0.0107 0.0249
0 0.9111 0.4129 0.0156 0.0264
0 0.8364 0.3931 0.0186 0.0278
0 0.7334 0.4173 0.0371 0.0586
0 0.7622 0.4085 0.0166 0.0322
0 0.458 0.3668 0.0625 0.101
0 0.542 0.4224 0.0293 0.0512
0 0.5811 0.418 0.0254 0.0395
0 0.603 0.4195 0.0186 0.0278
0 0.6299 0.4114 0.0215 0.0322
