0 0.4429 0.6404 0.0127 0.0216
0 0.3306 0.6543 0.0107 0.0216
0 0.2979 0.6451 0.0137 0.0247
0 0.2681 0.6273 0.0127 0.0231
0 0.2441 0.6157 0.0117 0.0216
0 0.2144 0.6034 0.0127 0.0216
0 0.1924 0.5949 0.0117 0.0201
0 0.168 0.588 0.0117 0.0216
0 0.144 0.5725 0.0107 0.0216
0 0.1191 0.5648 0.0098 0.0185
0 0.1021 0.5556 0.0107 0.0185
0 0.0869 0.5417 0.0098 0.0185
0 0.0708 0.5386 0.0107 0.0185
0 0.3252 0.6204 0.0117 0.0216
0 0.2915 0.6049 0.0127 0.0247
0 0.2593 0.5957 0.0107 0.0185
0 0.2378 0.5903 0.0107 0.0201
0 0.313 0.5918 0.0107 0.0201
0 0.3438 0.5995 0.0098 0.017
0 0.8936 0.686 0.0156 0.0293
0 0.9072 0.6281 0.0137 0.0247
0 0.8408 0.5841 0.0117 0.0201
0 0.897 0.5787 0.0107 0.0216
0 0.7983 0.5972 0.0107 0.0216
0 0.7524 0.6003 0.0127 0.0216
0 0.7065 0.6073 0.0107 0.0231
0 0.8774 0.5486 0.0068 0.0139
0 0.812 0.561 0.0107 0.017
0 0.7759 0.5502 0.0107 0.0201
0 0.7646 0.5679 0.0078 0.0216
0 0.7202 0.5741 0.0088 0.0185
0 0.8491 0.5795 0.0068 0.017
0 0.7285 0.5571 0.0078 0.0185
0 0.7451 0.5278 0.0059 0.0062
0 0.7651 0.5285 0.0049 0.0108
0 0.6992 0.5363 0.0098 0.0201
0 0.6519 0.608 0.0127 0.0247
0 0.6631 0.5941 0.0098 0.0247
0 0.6748 0.5795 0.0117 0.0201
0 0.6831 0.5617 0.0088 0.0185
0 0.6104 0.598 0.0117 0.0231
0 0.623 0.5872 0.0098 0.0201
0 0.5225 0.6806 0.0137 0.0278
0 0.4941 0.6327 0.0117 0.0247
0 0.5107 0.6165 0.0117 0.0231
0 0.5264 0.5988 0.0117 0.0216
0 0.5488 0.6204 0.0117 0.0216
0 0.5625 0.6096 0.0117 0.0216
0 0.457 0.6173 0.0117 0.0216
0 0.4746 0.6042 0.0117 0.0201
0 0.4907 0.588 0.0107 0.0185
0 0.5972 0.6181 0.0127 0.0231
0 0.3511 0.6327 0.0127 0.0247
0 0.3862 0.6466 0.0127 0.0247
0 0.4077 0.6258 0.0127 0.0231
0 0.4248 0.6111 0.0117 0.0216
0 0.4414 0.5941 0.0098 0.0216
0 0.3945 0.598 0.0117 0.0201
0 0.4097 0.5833 0.0107 0.0185
0 0.3062 0.5679 0.0088 0.0154
0 0.2578 0.5741 0.0098 0.0154
0 0.2793 0.5579 0.0078 0.0139
0 0.2842 0.5849 0.0117 0.0154
0 0.6333 0.5679 0.0088 0.0216
0 0.6436 0.5532 0.0098 0.0201
0 0.6538 0.5394 0.0088 0.017
0 0.668 0.5278 0.0098 0.0185
0 0.6367 0.5193 0.0078 0.017
0 0.6216 0.5309 0.0088 0.0185
0 0.6108 0.5471 0.0107 0.017
0 0.6089 0.51 0.0088 0.0139
0 0.5845 0.5748 0.0088 0.017
0 0.5742 0.5918 0.0098 0.017
0 0.5366 0.5787 0.0107 0.0216
0 0.5483 0.5656 0.0107 0.0201
0 0.5605 0.5502 0.0098 0.0201
0 0.5776 0.5355 0.0107 0.0154
0 0.5918 0.5231 0.0098 0.0154
0 0.5776 0.5015 0.0088 0.0185
0 0.5635 0.5131 0.0078 0.0139
0 0.5498 0.5262 0.0078 0.0154
0 0.5322 0.5432 0.0098 0.0185
0 0.5151 0.5594 0.0088 0.017
0 0.5029 0.5733 0.0098 0.017
0 0.5503 0.4961 0.0088 0.0139
0 0.5337 0.5108 0.0088 0.0154
0 0.5215 0.5201 0.0078 0.0123
0 0.5049 0.5347 0.0098 0.0139
0 0.4561 0.5779 0.0098 0.017
0 0.4756 0.561 0.0098 0.017
0 0.4863 0.5502 0.0078 0.017
0 0.3745 0.6142 0.0127 0.0185
0 0.3608 0.588 0.0107 0.0216
0 0.3833 0.5733 0.0088 0.017
0 0.3994 0.5579 0.0098 0.017
0 0.4287 0.5679 0.0098 0.0185
0 0.4414 0.5517 0.0098 0.017
0 0.457 0.537 0.0078 0.0154
0 0.415 0.544 0.0098 0.0201
0 0.4297 0.527 0.0098 0.017
0 0.4761 0.5239 0.0107 0.017
0 0.4956 0.5131 0.0088 0.017
0 0.5107 0.5008 0.0078 0.0139
0 0.5249 0.4892 0.0088 0.0123
0 0.4824 0.4907 0.0078 0.0123
0 0.4697 0.5 0.0078 0.0123
0 0.4473 0.4954 0.0098 0.0123
0 0.3345 0.5795 0.0107 0.017
0 0.354 0.561 0.0107 0.017
0 0.374 0.5486 0.0098 0.017
0 0.3887 0.534 0.0098 0.0154
0 0.4082 0.5239 0.0098 0.0139
0 0.3999 0.5046 0.0088 0.0154
0 0.3838 0.5131 0.0078 0.0139
0 0.3623 0.5255 0.0078 0.017
0 0.3467 0.537 0.0098 0.0154
0 0.3291 0.5517 0.0098 0.017
0 0.3223 0.527 0.0098 0.017
0 0.3398 0.5147 0.0098 0.0139
0 0.3589 0.5069 0.0107 0.0139
0 0.3169 0.5085 0.0088 0.0139
0 0.1118 0.5309 0.0107 0.0185
0 0.1274 0.5409 0.0088 0.017
0 0.1519 0.5502 0.0088 0.017
0 0.2344 0.564 0.0098 0.017
0 0.2134 0.5556 0.0107 0.0154
0 0.1572 0.5262 0.0078 0.0154
0 0.1763 0.5378 0.0088 0.0139
0 0.1934 0.544 0.0078 0.0139
0 0.1992 0.5201 0.0078 0.0185
0 0.2783 0.5162 0.0098 0.017
0 0.3027 0.5239 0.0098 0.0139
0 0.3042 0.5432 0.0107 0.0123
0 0.2563 0.5471 0.0088 0.0139
0 0.2383 0.5347 0.0078 0.0139
0 0.2188 0.5324 0.0078 0.0123
0 0.2622 0.5247 0.0068 0.0123
0 0.9751 0.5008 0.0088 0.017
0 0.9888 0.4853 0.0068 0.0139
0 0.9785 0.4846 0.0059 0.0123
0 0.8691 0.4915 0.0059 0.0108
0 0.876 0.4946 0.0059 0.0108
0 0.8989 0.483 0.0049 0.0093
0 0.8877 0.4684 0.0059 0.0108
0 0.8755 0.4691 0.0068 0.0123
0 0.8647 0.4614 0.0049 0.0093
0 0.8462 0.4691 0.0068 0.0123
0 0.856 0.4715 0.0049 0.0108
0 0.8247 0.4691 0.0049 0.0093
0 0.8169 0.4884 0.0068 0.0108
0 0.8276 0.4977 0.0049 0.0077
0 0.8447 0.4861 0.0059 0.0123
0 0.8403 0.4977 0.0049 0.0077
0 0.9614 0.4498 0.0068 0.0139
0 0.9844 0.4522 0.0078 0.0123
0 0.9502 0.4375 0.0078 0.0108
0 0.9248 0.456 0.0059 0.0077
0 0.9312 0.4684 0.0049 0.0139
0 0.8066 0.4792 0.0059 0.0108
0 0.9805 0.3935 0.0039 0.0093
0 0.9902 0.3827 0.0039 0.0093
0 0.9888 0.4113 0.0049 0.0108
0 0.9648 0.4059 0.0039 0.0093
0 0.9189 0.4051 0.0059 0.0077
0 0.9302 0.3989 0.0049 0.0108
0 0.9258 0.3904 0.0039 0.0093
0 0.9365 0.3889 0.0039 0.0093
0 0.8569 0.446 0.0029 0.0093
0 0.8462 0.456 0.0068 0.0108
0 0.7744 0.4784 0.0078 0.0093
0 0.7876 0.4761 0.0068 0.0108
0 0.7617 0.4715 0.0059 0.0139
0 0.875 0.4198 0.0059 0.0123
0 0.8735 0.439 0.0049 0.0108
0 0.9321 0.4182 0.0049 0.0093
0 0.77 0.4537 0.0068 0.0123
0 0.7568 0.4514 0.0078 0.0108
0 0.7817 0.4429 0.0049 0.0062
0 0.793 0.4506 0.0059 0.0093
0 0.9121 0.4861 0.0059 0.0123
0 0.9795 0.412 0.0078 0.0154
0 0.7139 0.4622 0.0059 0.0108
0 0.7344 0.4637 0.0059 0.0108
0 0.6978 0.4514 0.0068 0.0108
0 0.7788 0.4306 0.0049 0.0093
0 0.8115 0.4074 0.0039 0.0093
0 0.8149 0.3958 0.0049 0.0077
0 0.8174 0.3773 0.0039 0.0077
0 0.8354 0.4267 0.0049 0.0077
0 0.8813 0.3997 0.0049 0.0093
0 0.8384 0.3488 0.0049 0.0093
0 0.6733 0.4182 0.0049 0.0123
0 0.6821 0.4128 0.0049 0.0108
0 0.6924 0.4213 0.0059 0.0093
0 0.6914 0.4367 0.0059 0.0123
0 0.7388 0.3997 0.0049 0.0093
0 0.7773 0.3603 0.0039 0.0108
0 0.8525 0.3897 0.0059 0.017
0 0.8584 0.3511 0.0039 0.0046
0 0.6655 0.4321 0.0049 0.0123
0 0.6577 0.439 0.0049 0.0108
0 0.8042 0.3927 0.0049 0.0108
0 0.792 0.3951 0.0039 0.0093
0 0.7354 0.4198 0.0039 0.0093
0 0.8281 0.4105 0.0059 0.0154
0 0.9478 0.3318 0.0049 0.0093
0 0.9429 0.3511 0.0049 0.0077
0 0.9473 0.348 0.0039 0.0077
0 0.8477 0.3735 0.0059 0.0093
0 0.9863 0.3495 0.0039 0.0108
0 0.9937 0.3326 0.0049 0.0108
0 0.8472 0.338 0.0049 0.0093
0 0.8008 0.3603 0.0039 0.0108
0 0.7681 0.4151 0.0049 0.0123
0 0.7651 0.3727 0.0049 0.0108
0 0.9385 0.4606 0.0059 0.0108
0 0.7271 0.3912 0.0049 0.0108
0 0.6802 0.3627 0.0049 0.0093
0 0.7188 0.3719 0.0039 0.0093
0 0.7471 0.3634 0.0039 0.0077
0 0.7651 0.3519 0.0049 0.0093
0 0.7158 0.4352 0.0059 0.0123
0 0.8413 0.3943 0.0049 0.0108
