0 0.165 0.5307 0.0176 0.0278
0 0.2358 0.5212 0.0186 0.0322
0 0.3159 0.5205 0.0166 0.0278
0 0.1924 0.4334 0.0137 0.0293
0 0.2349 0.4729 0.0146 0.0322
0 0.3013 0.459 0.0146 0.0278
0 0.3491 0.4963 0.0146 0.0293
0 0.3589 0.4034 0.0127 0.0249
0 0.3164 0.3734 0.0137 0.0234
0 0.2622 0.3909 0.0146 0.0293
0 0.2124 0.3602 0.0146 0.0264
0 0.2158 0.306 0.0117 0.0205
0 0.2632 0.3001 0.0127 0.0234
0 0.2827 0.325 0.0127 0.0264
0 0.2231 0.2533 0.0107 0.0234
0 0.2681 0.2438 0.0127 0.022
0 0.3403 0.2379 0.0127 0.0249
0 0.3833 0.2635 0.0127 0.0205
0 0.3315 0.306 0.0127 0.0234
0 0.3691 0.3324 0.0137 0.0234
0 0.4199 0.3221 0.0117 0.0205
0 0.4185 0.2211 0.0127 0.0234
0 0.4087 0.377 0.0127 0.022
0 0.5005 0.5322 0.0166 0.0307
0 0.3975 0.5549 0.0156 0.0322
0 0.4497 0.4898 0.0146 0.0249
0 0.4028 0.4429 0.0146 0.0307
0 0.4526 0.4114 0.0127 0.0264
0 0.5029 0.4429 0.0156 0.0307
0 0.5552 0.489 0.0146 0.0264
0 0.5493 0.4231 0.0146 0.0293
0 0.5996 0.4495 0.0137 0.0264
0 0.4546 0.3455 0.0127 0.0234
0 0.4985 0.3624 0.0127 0.0249
0 0.5444 0.3411 0.0127 0.0234
0 0.459 0.2914 0.0098 0.0205
0 0.4971 0.2892 0.0117 0.022
0 0.502 0.2328 0.0117 0.0234
0 0.5396 0.2767 0.0127 0.0234
0 0.5645 0.2423 0.0117 0.022
0 0.5825 0.2862 0.0107 0.022
0 0.6157 0.2723 0.0127 0.0205
0 0.646 0.2416 0.0107 0.0234
0 0.5928 0.3646 0.0137 0.0264
0 0.6323 0.3507 0.0127 0.0249
0 0.645 0.4085 0.0127 0.0234
0 0.6646 0.2994 0.0127 0.022
0 0.6997 0.2877 0.0127 0.022
0 0.7114 0.2452 0.0107 0.022
0 0.7632 0.257 0.0107 0.022
0 0.8057 0.2657 0.0117 0.022
0 0.8159 0.298 0.0127 0.0249
0 0.7617 0.366 0.0137 0.0264
0 0.7168 0.3324 0.0137 0.0234
0 0.7407 0.2972 0.0127 0.0205
0 0.6792 0.3741 0.0146 0.0249
0 0.7368 0.4078 0.0146 0.0278
0 0.8403 0.3653 0.0127 0.0249
0 0.7227 0.5176 0.0176 0.0366
0 0.7705 0.4956 0.0156 0.0278
0 0.8276 0.5154 0.0186 0.0322
0 0.8008 0.4553 0.0137 0.0264
0 0.7041 0.448 0.0156 0.0293
0 0.6597 0.4963 0.0146 0.0264
0 0.6118 0.5264 0.0146 0.0278
0 0.9106 0.511 0.0166 0.0322
0 0.8652 0.4466 0.0156 0.0264
