0 0.9829 0.6861 0.0127 0.0227
0 0.8745 0.7024 0.0127 0.0213
0 0.8384 0.6747 0.0146 0.0227
0 0.7681 0.696 0.0127 0.0256
0 0.7939 0.6832 0.0156 0.0256
0 0.7139 0.6889 0.0176 0.0256
0 0.6519 0.7614 0.0127 0.0227
0 0.5874 0.6768 0.0127 0.027
0 0.6294 0.6847 0.0127 0.0199
0 0.6011 0.6385 0.0088 0.0185
0 0.5088 0.6918 0.0156 0.0227
0 0.5078 0.7422 0.0117 0.0185
0 0.4614 0.6839 0.0127 0.0213
0 0.4253 0.7116 0.0107 0.0227
0 0.436 0.6939 0.0107 0.0185
0 0.4058 0.6669 0.0068 0.0128
0 0.1885 0.7308 0.0137 0.0241
0 0.1968 0.7805 0.0127 0.0213
0 0.123 0.7386 0.0137 0.0227
0 0.1304 0.7109 0.0146 0.0241
0 0.1074 0.6939 0.0117 0.0241
0 0.0054 0.7337 0.0107 0.0213
0 0.0083 0.6847 0.0146 0.0227
0 0.0093 0.6392 0.0107 0.0227
0 0.1001 0.6612 0.0127 0.0213
0 0.0435 0.6719 0.0107 0.017
0 0.2217 0.6918 0.0117 0.0199
0 0.2314 0.6747 0.0098 0.0199
0 0.252 0.6676 0.0078 0.0199
0 0.188 0.6641 0.0088 0.0156
0 0.5195 0.6051 0.0078 0.0114
0 0.479 0.6236 0.0068 0.0114
0 0.4209 0.6257 0.0078 0.0128
0 0.3975 0.63 0.0078 0.0128
0 0.3071 0.6541 0.0088 0.0156
0 0.0547 0.7294 0.0117 0.0213
0 0.0303 0.7251 0.0117 0.0241
0 0.041 0.7152 0.0117 0.0241
0 0.1494 0.6982 0.0117 0.0213
0 0.2041 0.6605 0.0098 0.017
