0 0.0771 0.4147 0.0312 0.0456
0 0.04 0.3717 0.0293 0.0404
0 0.0742 0.373 0.0312 0.0456
0 0.1333 0.3874 0.0283 0.043
0 0.1675 0.3887 0.0225 0.0404
0 0.2017 0.3776 0.0225 0.0365
0 0.2256 0.36 0.0137 0.0221
0 0.2476 0.3789 0.0225 0.0365
0 0.2681 0.3874 0.0186 0.0299
0 0.2925 0.3952 0.0225 0.0404
0 0.312 0.3906 0.0166 0.0312
0 0.3188 0.377 0.0166 0.0299
0 0.3379 0.3757 0.0117 0.0195
0 0.3555 0.3678 0.0195 0.0273
0 0.3511 0.4076 0.0205 0.0365
0 0.3711 0.3913 0.0195 0.0326
0 0.3945 0.3685 0.0176 0.026
0 0.4033 0.3841 0.0176 0.026
0 0.4009 0.4154 0.0186 0.0286
0 0.438 0.3906 0.0186 0.0312
0 0.4614 0.4128 0.0225 0.0365
0 0.481 0.4076 0.0186 0.0339
0 0.4956 0.4167 0.0146 0.0234
0 0.5088 0.3913 0.0176 0.0326
0 0.4937 0.3737 0.0166 0.026
0 0.5107 0.3672 0.0137 0.0208
0 0.5342 0.4089 0.0176 0.0339
0 0.5352 0.3698 0.0156 0.026
0 0.5752 0.4186 0.0176 0.0299
0 0.5552 0.388 0.0186 0.0312
0 0.5762 0.3874 0.0156 0.0273
0 0.5894 0.373 0.0146 0.0273
0 0.6133 0.3978 0.0176 0.0299
0 0.6421 0.3835 0.0186 0.0299
0 0.6606 0.3965 0.0205 0.0299
0 0.6924 0.3991 0.0195 0.0326
0 0.7085 0.3783 0.0166 0.0299
0 0.7139 0.3828 0.0117 0.0312
0 0.7349 0.3841 0.0205 0.0365
0 0.7632 0.3913 0.0166 0.0273
0 0.6938 0.4818 0.0225 0.0339
0 0.6094 0.459 0.0234 0.0404
0 0.5728 0.4512 0.0225 0.0378
0 0.5361 0.4668 0.0254 0.043
0 0.5664 0.5098 0.0215 0.0404
0 0.812 0.3763 0.0127 0.026
0 0.853 0.3965 0.0186 0.0273
0 0.772 0.4661 0.0264 0.0469
0 0.8169 0.5221 0.0303 0.0443
0 0.7612 0.5404 0.0303 0.0495
0 0.1865 0.5072 0.0293 0.0508
0 0.2354 0.4974 0.0312 0.0417
0 0.2798 0.4746 0.0225 0.0378
0 0.2964 0.5156 0.0264 0.0391
0 0.3394 0.4928 0.0225 0.0378
0 0.2808 0.5872 0.0322 0.0521
0 0.3643 0.5384 0.0332 0.056
0 0.396 0.4941 0.0244 0.0378
0 0.4658 0.4876 0.0254 0.0482
0 0.4961 0.4746 0.0234 0.043
0 0.4468 0.541 0.0322 0.0456
0 0.4116 0.5983 0.0361 0.0586
0 0.4771 0.6055 0.0303 0.0521
0 0.5195 0.5475 0.0312 0.0508
0 0.5645 0.6087 0.0254 0.0456
0 0.603 0.5664 0.0264 0.0443
0 0.6377 0.5241 0.0293 0.0456
0 0.6885 0.5612 0.0273 0.0443
0 0.6494 0.6647 0.0332 0.056
0 0.7642 0.6706 0.0381 0.0625
0 0.8564 0.5814 0.0371 0.0508
0 0.0962 0.6426 0.042 0.0638
0 0.2056 0.6419 0.042 0.0651
0 0.1689 0.5625 0.0332 0.0521
0 0.3174 0.6595 0.0371 0.056
0 0.9917 0.4089 0.0107 0.0182
0 0.9961 0.4082 0.0059 0.0299
