0 0.0483 0.0651 0.0303 0.0483
0 0.1367 0.1041 0.0293 0.0496
0 0.1724 0.1202 0.0264 0.0421
0 0.2056 0.0923 0.0244 0.0409
0 0.2476 0.0998 0.0303 0.0409
0 0.2764 0.0254 0.0195 0.026
0 0.3101 0.0452 0.0146 0.026
0 0.2163 0.0242 0.0146 0.0211
0 0.3999 0.1338 0.0283 0.0471
0 0.4727 0.1301 0.0078 0.0149
0 0.4946 0.1369 0.0068 0.0112
0 0.5151 0.1276 0.0068 0.0124
0 0.4297 0.1295 0.0059 0.0136
0 0.0679 0.588 0.0244 0.0434
0 0.0298 0.6053 0.0186 0.0285
0 0.1553 0.5985 0.0098 0.0173
0 0.188 0.6035 0.0303 0.0446
0 0.2324 0.6072 0.0117 0.0173
0 0.2256 0.5929 0.0078 0.0112
0 0.3252 0.6227 0.0156 0.0235
0 0.4355 0.5979 0.0156 0.0335
0 0.4253 0.6128 0.0068 0.0136
0 0.8481 0.5694 0.0186 0.0384
0 0.9106 0.5465 0.0225 0.0496
0 0.6616 0.5818 0.0479 0.0706
