0 0.1069 0.336 0.0186 0.064
0 0.1475 0.372 0.0156 0.056
0 0.1792 0.3987 0.0146 0.0507
0 0.2041 0.3813 0.0176 0.0533
0 0.2383 0.3413 0.0176 0.0533
0 0.2637 0.3493 0.0176 0.0533
0 0.3013 0.324 0.0166 0.0507
0 0.3311 0.328 0.0195 0.0587
0 0.2896 0.516 0.0186 0.0613
0 0.25 0.6507 0.0195 0.0693
0 0.1738 0.6413 0.0195 0.0667
0 0.1128 0.656 0.0205 0.0693
0 0.147 0.5307 0.0166 0.0587
0 0.2163 0.516 0.0166 0.0613
0 0.3911 0.528 0.0166 0.064
0 0.3975 0.424 0.0156 0.0533
0 0.4644 0.3373 0.0186 0.0507
0 0.4863 0.3653 0.0156 0.0427
0 0.5156 0.3733 0.0156 0.0533
0 0.4624 0.5667 0.0186 0.056
0 0.5332 0.4973 0.0195 0.0667
0 0.6055 0.5693 0.0176 0.0613
0 0.5767 0.3667 0.0186 0.056
0 0.543 0.3453 0.0176 0.0507
0 0.6099 0.3413 0.0166 0.0587
0 0.6367 0.3827 0.0176 0.0613
0 0.6641 0.5107 0.0176 0.0667
0 0.7192 0.5173 0.0166 0.0533
0 0.6919 0.632 0.0205 0.0587
0 0.7778 0.632 0.0166 0.064
0 0.7764 0.5067 0.0176 0.0587
0 0.7607 0.352 0.0156 0.0533
0 0.7788 0.344 0.0166 0.0587
0 0.7002 0.36 0.0176 0.0533
0 0.6675 0.3267 0.0166 0.056
0 0.8154 0.3173 0.0176 0.0587
0 0.8457 0.296 0.0176 0.0693
0 0.9023 0.336 0.0176 0.0587
0 0.8506 0.6347 0.0195 0.064
