0 0.8647 0.4545 0.0127 0.0264
0 0.8384 0.4523 0.0068 0.0132
0 0.8228 0.4362 0.0088 0.0132
0 0.9209 0.4289 0.0195 0.0425
0 0.8564 0.324 0.0098 0.0147
0 0.8296 0.327 0.0068 0.0117
0 0.7979 0.4135 0.0059 0.0147
0 0.9033 0.3864 0.0078 0.0161
0 0.7246 0.4208 0.0176 0.0323
0 0.6533 0.4597 0.0117 0.0191
0 0.665 0.4472 0.0117 0.0235
0 0.6299 0.415 0.0059 0.0147
0 0.6836 0.3871 0.0059 0.0117
0 0.6694 0.3871 0.0088 0.0088
0 0.6748 0.4091 0.0078 0.0147
0 0.6396 0.3614 0.0039 0.0103
0 0.7441 0.3607 0.0098 0.0205
0 0.5361 0.4406 0.0098 0.0161
0 0.5215 0.4282 0.0098 0.0176
0 0.4941 0.4274 0.0137 0.0279
0 0.4751 0.426 0.0088 0.0161
0 0.5078 0.3922 0.0059 0.0132
0 0.4414 0.4054 0.0254 0.0425
0 0.3784 0.4157 0.0225 0.0337
0 0.5508 0.3915 0.0078 0.0147
0 0.498 0.3475 0.0059 0.0117
0 0.3027 0.4589 0.0176 0.0264
0 0.2417 0.4391 0.0186 0.0337
0 0.291 0.4267 0.0098 0.0205
0 0.2798 0.4267 0.0127 0.0205
0 0.2676 0.4304 0.0098 0.0161
0 0.2554 0.4318 0.0127 0.022
0 0.2075 0.4216 0.0146 0.022
0 0.1948 0.4333 0.0127 0.0191
0 0.1782 0.434 0.0146 0.0235
0 0.1636 0.415 0.0127 0.0235
0 0.127 0.423 0.0137 0.022
0 0.103 0.4479 0.0166 0.0249
0 0.0737 0.4494 0.0166 0.0308
0 0.4316 0.3424 0.0078 0.0103
0 0.5273 0.346 0.0078 0.0147
0 0.5732 0.3519 0.0078 0.0147
0 0.5645 0.4025 0.0059 0.0132
0 0.5928 0.4553 0.0137 0.022
0 0.5381 0.3541 0.0078 0.0161
0 0.7578 0.3702 0.0098 0.0191
0 0.7817 0.3754 0.0068 0.0147
0 0.7939 0.3402 0.0059 0.0117
0 0.812 0.4809 0.0068 0.0147
0 0.7905 0.4883 0.0088 0.0147
0 0.7534 0.4809 0.0068 0.0117
