0 0.0356 0.6443 0.0107 0.029
0 0.064 0.6334 0.0107 0.0254
0 0.0908 0.6506 0.0117 0.0272
0 0.1255 0.6416 0.0107 0.0272
0 0.1362 0.6597 0.0107 0.0272
0 0.1606 0.6479 0.0107 0.029
0 0.1353 0.7078 0.0107 0.029
0 0.1001 0.7105 0.0107 0.0272
0 0.0576 0.7686 0.0117 0.0309
0 0.3496 0.7196 0.0117 0.0272
0 0.3145 0.716 0.0117 0.0272
0 0.2803 0.7169 0.0117 0.0254
0 0.2432 0.7132 0.0117 0.029
0 0.2085 0.7142 0.0107 0.0272
0 0.1709 0.7096 0.0117 0.029
0 0.1694 0.6642 0.0127 0.029
0 0.2061 0.6525 0.0117 0.0272
0 0.2393 0.6488 0.0117 0.0309
0 0.2764 0.6497 0.0117 0.0327
0 0.313 0.6534 0.0127 0.0327
0 0.3516 0.6497 0.0117 0.029
0 0.5708 0.725 0.0107 0.0236
0 0.5347 0.7196 0.0107 0.0272
0 0.4976 0.7214 0.0127 0.0309
0 0.4614 0.7269 0.0127 0.0272
0 0.4229 0.7187 0.0117 0.029
0 0.3867 0.7205 0.0117 0.029
0 0.3936 0.6488 0.0117 0.0309
0 0.4316 0.6506 0.0117 0.0309
0 0.4722 0.6543 0.0107 0.0309
0 0.5137 0.6552 0.0117 0.029
0 0.5547 0.6552 0.0117 0.029
0 0.5938 0.6506 0.0098 0.0236
0 0.5566 0.5771 0.0117 0.029
0 0.5195 0.5808 0.0117 0.029
0 0.48 0.5753 0.0107 0.029
0 0.4385 0.5771 0.0117 0.029
0 0.3989 0.5817 0.0127 0.0309
0 0.3579 0.5771 0.0127 0.029
0 0.8032 0.7151 0.0127 0.029
0 0.7642 0.7123 0.0127 0.0309
0 0.7246 0.7142 0.0117 0.0309
0 0.6841 0.7132 0.0127 0.0327
0 0.6455 0.7169 0.0117 0.0327
0 0.6074 0.7187 0.0117 0.0327
0 0.6348 0.6534 0.0117 0.0327
0 0.6733 0.647 0.0127 0.0345
0 0.7148 0.6425 0.0117 0.0327
0 0.7583 0.6425 0.0127 0.0327
0 0.7808 0.6561 0.0127 0.0309
0 0.8057 0.6434 0.0117 0.0309
0 0.8257 0.6561 0.0127 0.0345
0 0.8057 0.5735 0.0117 0.029
0 0.8467 0.5672 0.0117 0.0309
0 0.8501 0.5054 0.0127 0.0309
0 0.8882 0.6325 0.0107 0.0272
0 0.8511 0.647 0.0127 0.0272
0 0.8433 0.7187 0.0127 0.029
0 0.8838 0.7768 0.0117 0.0327
0 0.8892 0.5735 0.0127 0.029
0 0.8926 0.5082 0.0117 0.029
0 0.8901 0.4465 0.0146 0.029
0 0.7656 0.5708 0.0117 0.0309
0 0.8052 0.5036 0.0107 0.0272
0 0.7192 0.5708 0.0107 0.0272
0 0.7651 0.5064 0.0127 0.0327
0 0.7188 0.5109 0.0117 0.0309
0 0.6797 0.5064 0.0137 0.0327
0 0.6816 0.5726 0.0117 0.0345
0 0.6387 0.5735 0.0117 0.0327
0 0.6016 0.5771 0.0117 0.029
0 0.603 0.5064 0.0107 0.029
0 0.6396 0.5091 0.0117 0.0309
0 0.7222 0.4446 0.0127 0.0327
0 0.7661 0.441 0.0127 0.0327
0 0.6851 0.4437 0.0127 0.0272
0 0.6465 0.4492 0.0117 0.0309
0 0.6089 0.4519 0.0127 0.0327
0 0.5688 0.4501 0.0127 0.0327
0 0.5664 0.5082 0.0117 0.0327
0 0.9575 0.6216 0.0127 0.0309
0 0.9502 0.5898 0.0117 0.029
0 0.9292 0.6134 0.0127 0.029
0 0.8945 0.2586 0.0117 0.0272
0 0.894 0.3221 0.0107 0.0272
0 0.8936 0.3848 0.0117 0.0327
0 0.855 0.2414 0.0127 0.0327
0 0.8516 0.3094 0.0137 0.0309
0 0.8486 0.3739 0.0117 0.029
0 0.8501 0.4338 0.0127 0.0327
0 0.8076 0.4401 0.0117 0.0309
0 0.8101 0.3784 0.0127 0.0309
0 0.8101 0.3113 0.0127 0.0345
0 0.812 0.2459 0.0127 0.0309
0 0.2856 0.5789 0.0107 0.029
0 0.2485 0.5789 0.0107 0.029
0 0.2104 0.578 0.0107 0.0272
0 0.1782 0.578 0.0127 0.0309
0 0.1357 0.5789 0.0117 0.029
0 0.0996 0.5835 0.0117 0.0309
0 0.1108 0.5209 0.0107 0.029
0 0.1479 0.5181 0.0127 0.0309
0 0.186 0.5181 0.0107 0.0309
0 0.2188 0.5172 0.0117 0.029
0 0.2534 0.5163 0.0107 0.0272
0 0.2905 0.52 0.0127 0.0309
0 0.1211 0.4664 0.0117 0.0254
0 0.1304 0.4038 0.0107 0.0272
0 0.1543 0.4564 0.0117 0.0272
0 0.3218 0.578 0.0107 0.0272
0 0.4429 0.5154 0.0107 0.029
0 0.4058 0.5127 0.0127 0.0309
0 0.3667 0.5109 0.0107 0.0272
0 0.3296 0.5154 0.0107 0.029
0 0.4512 0.4528 0.0117 0.0309
0 0.4116 0.4528 0.0127 0.0309
0 0.3716 0.4592 0.0127 0.029
0 0.3354 0.4537 0.0107 0.029
0 0.2988 0.4555 0.0117 0.0327
0 0.1377 0.3485 0.0117 0.029
0 0.1499 0.2886 0.0107 0.029
0 0.1704 0.3367 0.0107 0.0272
0 0.1602 0.3929 0.0117 0.0272
0 0.1958 0.3975 0.0127 0.0254
0 0.1792 0.2677 0.0107 0.0272
0 0.2124 0.2713 0.0107 0.0272
0 0.2441 0.2731 0.0117 0.0272
0 0.2793 0.2731 0.0117 0.0272
0 0.2725 0.333 0.0098 0.0272
0 0.2378 0.3367 0.0127 0.0309
0 0.2065 0.3312 0.0107 0.0272
0 0.2656 0.3929 0.0117 0.0309
0 0.2324 0.3929 0.0117 0.0309
0 0.2617 0.4592 0.0117 0.029
0 0.2256 0.4537 0.0117 0.0254
0 0.1904 0.4564 0.0098 0.0272
0 0.3179 0.2722 0.0127 0.029
0 0.3555 0.2722 0.0137 0.0327
0 0.3936 0.2677 0.0117 0.0309
0 0.4258 0.2677 0.0117 0.0309
0 0.4229 0.3276 0.0117 0.0272
0 0.3848 0.3312 0.0117 0.0272
0 0.3477 0.3321 0.0117 0.029
0 0.3096 0.3285 0.0117 0.0327
0 0.4175 0.3866 0.0107 0.029
0 0.3794 0.3866 0.0107 0.0327
0 0.3408 0.3893 0.0117 0.0309
0 0.3057 0.3929 0.0117 0.0272
0 0.5293 0.4483 0.0117 0.0254
0 0.5234 0.5145 0.0117 0.0309
0 0.4883 0.451 0.0117 0.0309
0 0.4834 0.5154 0.0117 0.029
0 0.5762 0.2613 0.0117 0.0327
0 0.5747 0.3212 0.0107 0.0327
0 0.5332 0.323 0.0117 0.0327
0 0.5386 0.2659 0.0127 0.0309
0 0.5024 0.2677 0.0127 0.0309
0 0.4644 0.2677 0.0127 0.0309
0 0.5728 0.3884 0.0107 0.029
0 0.5327 0.3893 0.0107 0.0272
0 0.4932 0.3911 0.0117 0.0309
0 0.4561 0.3911 0.0117 0.0272
0 0.459 0.3303 0.0117 0.029
0 0.4966 0.3285 0.0127 0.029
0 0.7725 0.2468 0.0117 0.029
0 0.7695 0.3167 0.0117 0.0309
0 0.7681 0.3757 0.0107 0.029
0 0.7246 0.3757 0.0137 0.0327
0 0.7275 0.3176 0.0137 0.0327
0 0.7314 0.2477 0.0117 0.0309
0 0.6924 0.2541 0.0117 0.029
0 0.6558 0.2559 0.0127 0.0327
0 0.6157 0.2604 0.0127 0.0309
0 0.6895 0.314 0.0117 0.029
0 0.686 0.3757 0.0127 0.029
0 0.6499 0.3811 0.0127 0.029
0 0.6152 0.323 0.0117 0.029
0 0.6523 0.3158 0.0117 0.029
0 0.6118 0.3857 0.0107 0.0272
