0 0.04 0.2949 0.0176 0.0195
0 0.0791 0.2949 0.0156 0.0195
0 0.1138 0.2741 0.0127 0.0247
0 0.1763 0.2461 0.0166 0.026
0 0.1284 0.3366 0.0225 0.0404
0 0.2104 0.3359 0.0225 0.0312
0 0.2925 0.334 0.0186 0.0299
0 0.3062 0.2617 0.0127 0.0234
0 0.2681 0.2676 0.0068 0.0195
0 0.3613 0.3177 0.0137 0.0286
0 0.3589 0.334 0.0166 0.0534
0 0.4263 0.3086 0.0146 0.0339
0 0.4023 0.237 0.0137 0.0234
0 0.4639 0.2441 0.0098 0.0195
0 0.4761 0.2949 0.0166 0.0273
0 0.5225 0.3008 0.0156 0.026
0 0.5005 0.2773 0.0088 0.013
0 0.5352 0.2741 0.0098 0.0143
0 0.5532 0.2962 0.0088 0.0143
0 0.5674 0.2995 0.0137 0.0208
0 0.6118 0.2923 0.0107 0.0221
0 0.6611 0.2819 0.0098 0.0195
0 0.6943 0.2865 0.0078 0.0182
0 0.7329 0.2767 0.0088 0.0221
0 0.7505 0.2793 0.0107 0.0169
0 0.8062 0.2897 0.0107 0.0221
0 0.8662 0.2897 0.0078 0.0299
0 0.9067 0.2741 0.0107 0.0195
0 0.1548 0.3438 0.0088 0.0156
