0 0.0952 0.5638 0.0732 0.1224
0 0.1387 0.5456 0.0527 0.1068
0 0.019 0.5007 0.0361 0.0951
0 0.0513 0.4134 0.0459 0.0898
0 0.1738 0.4473 0.041 0.1029
0 0.1069 0.4505 0.0186 0.0391
0 0.397 0.3906 0.2432 0.3958
0 0.6118 0.4622 0.0264 0.0547
0 0.6665 0.4961 0.04 0.0625
0 0.6377 0.4323 0.0195 0.0391
0 0.6724 0.3952 0.0186 0.0299
0 0.6943 0.4303 0.0176 0.0378
0 0.7266 0.4349 0.0273 0.0417
0 0.6553 0.4089 0.0137 0.0234
0 0.7319 0.4128 0.0166 0.026
0 0.7642 0.5521 0.0674 0.1328
0 0.9624 0.6549 0.0674 0.2161
0 0.9907 0.4232 0.0146 0.0807
0 0.9375 0.4733 0.0215 0.0326
0 0.9595 0.5033 0.0186 0.0273
0 0.9028 0.444 0.0225 0.0391
0 0.8647 0.431 0.0205 0.0521
0 0.9282 0.4401 0.0146 0.026
0 0.9316 0.4154 0.0098 0.0182
0 0.9614 0.4206 0.0068 0.013
0 0.6138 0.3848 0.0088 0.0247
