0 0.6348 0.4191 0.0234 0.0306
0 0.5615 0.336 0.0215 0.0452
0 0.4243 0.398 0.0283 0.0437
0 0.4292 0.3251 0.0225 0.0408
0 0.3237 0.4227 0.0244 0.0379
0 0.0303 0.6472 0.0098 0.0175
0 0.04 0.5824 0.0098 0.016
0 0.0298 0.5051 0.0088 0.019
0 0.0776 0.5131 0.0088 0.0146
0 0.106 0.5168 0.0088 0.0131
0 0.105 0.5313 0.0068 0.0131
0 0.0625 0.5962 0.0078 0.0117
0 0.0698 0.6494 0.0088 0.016
0 0.1201 0.5802 0.0078 0.0117
0 0.1182 0.5612 0.0059 0.0146
0 0.1299 0.5955 0.0098 0.019
0 0.1357 0.5743 0.0078 0.0146
0 0.1445 0.5707 0.0059 0.0102
0 0.4917 0.3681 0.0127 0.0219
0 0.0073 0.5168 0.0068 0.0131
0 0.0459 0.5204 0.0059 0.0117
0 0.0503 0.5175 0.0049 0.0117
0 0.0908 0.5809 0.0117 0.019
0 0.0088 0.5867 0.0098 0.0131
0 0.0557 0.6378 0.0059 0.0131
0 0.0771 0.6684 0.0078 0.0131
0 0.1938 0.6516 0.0049 0.0117
0 0.1611 0.6523 0.0059 0.0102
