0 0.8447 0.6859 0.0566 0.1064
0 0.9102 0.5408 0.0371 0.0729
0 0.9561 0.5022 0.0332 0.051
0 0.8687 0.5226 0.0322 0.0452
0 0.8613 0.4847 0.0215 0.0452
0 0.7915 0.5984 0.0303 0.0598
0 0.7065 0.6283 0.0518 0.1079
0 0.623 0.6472 0.0332 0.0641
0 0.6143 0.5736 0.0273 0.051
0 0.791 0.4847 0.0156 0.0364
0 0.9209 0.4497 0.0156 0.0277
0 0.981 0.3885 0.0088 0.016
0 0.9688 0.3914 0.0098 0.019
0 0.9492 0.379 0.0098 0.0175
0 0.8833 0.3943 0.0068 0.0131
0 0.8252 0.4067 0.0098 0.0204
0 0.8486 0.3914 0.0098 0.019
0 0.8682 0.3688 0.0078 0.0175
0 0.8125 0.4096 0.0098 0.0204
0 0.7959 0.4278 0.0117 0.0248
0 0.813 0.4424 0.0127 0.0219
0 0.8428 0.4504 0.0117 0.0233
0 0.7476 0.4665 0.0186 0.0408
0 0.7603 0.4592 0.0127 0.0321
0 0.7822 0.4373 0.0156 0.0204
0 0.769 0.4235 0.0107 0.0248
0 0.7441 0.4155 0.0137 0.0262
0 0.7627 0.3921 0.0117 0.0204
0 0.7798 0.3907 0.0088 0.0204
0 0.6895 0.4439 0.0137 0.0277
0 0.6919 0.4082 0.0127 0.0292
0 0.6675 0.4548 0.0146 0.0292
0 0.7324 0.3666 0.0078 0.0131
0 0.7192 0.3732 0.0068 0.0146
0 0.6714 0.355 0.0068 0.0131
0 0.6875 0.3899 0.0078 0.019
0 0.8193 0.3688 0.0078 0.0146
0 0.8345 0.3754 0.0088 0.0131
0 0.8457 0.3499 0.0078 0.0117
0 0.8726 0.3389 0.0049 0.0102
0 0.7866 0.3404 0.0049 0.0102
0 0.7935 0.3375 0.0049 0.0073
0 0.7573 0.3608 0.0068 0.0131
0 0.7393 0.3448 0.0059 0.0131
0 0.7109 0.3287 0.0059 0.0102
0 0.7236 0.3273 0.0059 0.0102
0 0.8481 0.3265 0.0049 0.0087
0 0.6763 0.3265 0.0068 0.0117
0 0.6001 0.3601 0.0088 0.0175
0 0.6079 0.3717 0.0088 0.0175
0 0.6289 0.3345 0.0059 0.0131
0 0.6138 0.3243 0.0049 0.0102
0 0.5615 0.3455 0.0078 0.0117
0 0.5742 0.3382 0.0059 0.0117
0 0.5674 0.4439 0.0176 0.0364
0 0.5918 0.398 0.0117 0.0233
0 0.5103 0.4431 0.0146 0.0292
0 0.4868 0.4308 0.0166 0.0277
0 0.4932 0.3724 0.0098 0.019
0 0.5073 0.3761 0.0088 0.0204
0 0.4941 0.3557 0.0078 0.0175
0 0.6226 0.3834 0.0107 0.0175
0 0.4351 0.3098 0.0049 0.0102
0 0.4609 0.3273 0.0059 0.0102
0 0.4771 0.3287 0.0049 0.0102
0 0.4707 0.3287 0.0039 0.0073
0 0.4897 0.3345 0.0049 0.0102
0 0.4854 0.3448 0.0059 0.0102
0 0.4854 0.3243 0.0039 0.0102
0 0.4751 0.3819 0.0088 0.0175
0 0.4517 0.3666 0.0068 0.016
0 0.439 0.3491 0.0068 0.016
0 0.4302 0.3477 0.0068 0.0131
0 0.4214 0.3469 0.0068 0.0117
0 0.4248 0.3156 0.0059 0.0102
0 0.4082 0.3243 0.0039 0.0102
0 0.4189 0.3353 0.0059 0.0117
0 0.3936 0.3732 0.0098 0.0233
0 0.4219 0.4009 0.0117 0.0146
0 0.4341 0.4497 0.0166 0.0306
0 0.4624 0.4366 0.0205 0.0335
0 0.397 0.4694 0.0205 0.035
0 0.4092 0.4424 0.0176 0.0335
0 0.3442 0.422 0.0186 0.0335
0 0.3301 0.422 0.0156 0.0306
0 0.3423 0.3542 0.0107 0.0175
0 0.3545 0.3375 0.0059 0.0102
0 0.3687 0.3397 0.0088 0.0146
0 0.3965 0.3367 0.0059 0.0117
0 0.3745 0.3309 0.0068 0.0117
0 0.4385 0.3345 0.0078 0.0131
0 0.4038 0.3076 0.0049 0.0117
0 0.5166 0.3921 0.0078 0.0175
0 0.3208 0.4927 0.0205 0.035
0 0.2412 0.3644 0.0117 0.0233
0 0.3008 0.3761 0.0117 0.0233
0 0.2773 0.3914 0.0098 0.019
0 0.2358 0.3994 0.0127 0.0233
0 0.2085 0.3943 0.0107 0.0219
0 0.1753 0.3761 0.0107 0.0233
0 0.1943 0.3389 0.0059 0.0131
0 0.166 0.328 0.0078 0.0175
0 0.1592 0.4089 0.0117 0.0219
0 0.1118 0.4308 0.0186 0.0335
0 0.2446 0.4774 0.0225 0.0452
0 0.2822 0.4519 0.0176 0.035
0 0.1465 0.4497 0.0137 0.0335
0 0.1294 0.3666 0.0107 0.0219
0 0.084 0.355 0.0137 0.0219
0 0.0547 0.3812 0.0117 0.0248
0 0.0493 0.3287 0.0088 0.019
0 0.0088 0.4249 0.0195 0.0394
0 0.0713 0.4264 0.0176 0.0364
0 0.0249 0.5153 0.0283 0.0423
0 0.104 0.5335 0.0361 0.0612
0 0.1733 0.5824 0.0225 0.0452
0 0.1616 0.6625 0.0361 0.0627
0 0.1299 0.3994 0.0098 0.0262
0 0.3745 0.5182 0.0264 0.0452
0 0.457 0.5379 0.0273 0.0583
0 0.4419 0.7325 0.0635 0.1589
0 0.3369 0.8921 0.1035 0.2012
0 0.7402 0.9271 0.0742 0.1429
0 0.0225 0.8112 0.0449 0.1239
0 0.0083 0.6625 0.0186 0.0569
0 0.5396 0.4264 0.0107 0.0248
0 0.5967 0.3382 0.0078 0.0146
0 0.6328 0.3477 0.0059 0.0131
0 0.7725 0.3258 0.0059 0.0102
0 0.7656 0.3294 0.0039 0.0087
0 0.584 0.5656 0.0312 0.0641
0 0.3936 0.1385 0.0156 0.0292
0 0.0791 0.5321 0.0254 0.0496
0 0.1084 0.3724 0.0098 0.0219
0 0.1729 0.3455 0.0098 0.0233
