0 0.0039 0.6683 0.0098 0.0261
0 0.0557 0.6422 0.0137 0.0201
0 0.0981 0.6312 0.0049 0.008
0 0.1162 0.6281 0.0059 0.008
0 0.1606 0.6106 0.0068 0.009
0 0.1616 0.6256 0.0068 0.0111
0 0.2104 0.6427 0.0127 0.0191
0 0.2905 0.6779 0.0205 0.0251
0 0.3359 0.6166 0.0078 0.0111
0 0.2852 0.6327 0.0078 0.0111
0 0.3726 0.6186 0.0107 0.0151
0 0.4121 0.693 0.0352 0.0452
0 0.019 0.7101 0.0264 0.0352
0 0.5112 0.6186 0.0049 0.007
0 0.5059 0.6171 0.0039 0.008
0 0.5425 0.6286 0.0107 0.0131
0 0.5894 0.6322 0.0225 0.0322
0 0.6157 0.6337 0.0107 0.0131
0 0.6479 0.6146 0.0049 0.009
0 0.6782 0.6191 0.0107 0.0141
0 0.7104 0.6281 0.0166 0.0221
0 0.7563 0.6402 0.0146 0.0181
0 0.7769 0.6241 0.0088 0.0101
0 0.8013 0.6266 0.0127 0.0151
0 0.8286 0.6181 0.0127 0.0121
0 0.877 0.6186 0.0078 0.0131
0 0.9292 0.6161 0.0049 0.008
0 0.8936 0.605 0.0059 0.008
0 0.9082 0.603 0.0059 0.008
0 0.8467 0.6121 0.0078 0.0101
