0 0.9858 0.1797 0.0146 0.026
0 0.96 0.2897 0.0195 0.0247
0 0.9868 0.3672 0.0225 0.0443
0 0.9443 0.332 0.0312 0.0521
0 0.9941 0.334 0.0098 0.0378
0 0.9922 0.2969 0.0117 0.0312
0 0.9785 0.5716 0.0156 0.0312
0 0.8315 0.5944 0.0205 0.0352
0 0.8164 0.3464 0.0234 0.0339
0 0.6455 0.3431 0.0215 0.0326
0 0.624 0.2917 0.0195 0.0339
0 0.6133 0.3216 0.0215 0.0339
0 0.5967 0.3646 0.0215 0.0365
0 0.5503 0.3242 0.0166 0.0286
0 0.5703 0.3047 0.0117 0.0208
0 0.5503 0.3073 0.0166 0.0286
0 0.5137 0.3483 0.0215 0.0247
0 0.5498 0.3639 0.0176 0.0299
0 0.5718 0.3711 0.0146 0.0312
0 0.54 0.2337 0.0078 0.0169
0 0.5225 0.2585 0.0098 0.0143
0 0.4893 0.2357 0.0156 0.0234
0 0.4712 0.3424 0.0166 0.0312
0 0.4644 0.3216 0.0186 0.0286
0 0.3994 0.3275 0.0195 0.0247
0 0.3877 0.2637 0.0137 0.0169
0 0.2407 0.2174 0.0283 0.0443
0 0.2007 0.2188 0.0225 0.0339
0 0.3843 0.3158 0.0127 0.0221
0 0.4453 0.3118 0.0059 0.0117
