0 0.0669 0.0881 0.0186 0.026
0 0.0454 0.0157 0.0166 0.0287
0 0.0947 0.0396 0.0156 0.0301
0 0.1479 0.0348 0.0166 0.0287
0 0.1216 0.0512 0.0146 0.0232
0 0.2056 0.0342 0.0186 0.0273
0 0.165 0.084 0.0137 0.026
0 0.1021 0.0888 0.0146 0.0355
0 0.0142 0.1291 0.0127 0.0287
0 0.0649 0.1728 0.0166 0.0314
0 0.0498 0.2329 0.0137 0.0287
0 0.0312 0.3586 0.0293 0.0423
0 0.123 0.3415 0.0234 0.0383
0 0.2153 0.3436 0.0205 0.0369
0 0.312 0.3702 0.0244 0.0355
0 0.4072 0.3046 0.0293 0.0492
0 0.2632 0.2083 0.0186 0.0314
0 0.2842 0.2193 0.0176 0.026
0 0.3521 0.2336 0.0166 0.0328
0 0.2373 0.0622 0.0117 0.026
0 0.2539 0.0499 0.0195 0.026
0 0.2656 0.0895 0.0137 0.026
0 0.3545 0.1223 0.0137 0.0287
0 0.4863 0.1687 0.0195 0.0314
0 0.5396 0.1831 0.0166 0.0355
0 0.5078 0.1141 0.0176 0.0287
0 0.5386 0.1182 0.0166 0.0342
0 0.5396 0.0779 0.0166 0.0246
0 0.5581 0.11 0.0205 0.0396
0 0.4619 0.1107 0.0176 0.0355
0 0.499 0.0628 0.0176 0.0273
0 0.5894 0.0833 0.0166 0.0246
0 0.5669 0.2022 0.0146 0.0301
0 0.5474 0.2384 0.0127 0.0287
0 0.4985 0.3675 0.0283 0.0383
0 0.5796 0.3443 0.0264 0.0383
0 0.709 0.2561 0.0391 0.0587
0 0.6465 0.2063 0.0176 0.0328
0 0.5273 0.0143 0.0156 0.0232
0 0.5894 0.0403 0.0166 0.026
0 0.6743 0.0765 0.0146 0.0273
0 0.6553 0.0669 0.0137 0.0246
0 0.6504 0.0212 0.0137 0.0287
0 0.7373 0.028 0.0176 0.0314
0 0.7827 0.0369 0.0146 0.0273
0 0.8022 0.0376 0.0166 0.0342
0 0.8389 0.069 0.0195 0.0314
0 0.7954 0.0963 0.0166 0.0342
0 0.7295 0.0888 0.0176 0.0328
0 0.8218 0.1755 0.0205 0.0314
0 0.8535 0.1626 0.0156 0.0328
0 0.7944 0.3279 0.0322 0.0519
0 0.8628 0.3422 0.0283 0.0423
0 0.8965 0.3197 0.0156 0.0301
0 0.9766 0.209 0.0195 0.0301
0 0.9263 0.1346 0.0166 0.0287
0 0.9053 0.0519 0.0215 0.0383
0 0.9839 0.0464 0.0166 0.0273
0 0.9175 0.0956 0.0166 0.0328
0 0.7476 0.0622 0.0146 0.0314
0 0.7485 0.1906 0.0166 0.0342
0 0.3462 0.0417 0.0166 0.026
0 0.0317 0.071 0.0146 0.0301
0 0.0527 0.0464 0.0156 0.0301
0 0.3301 0.3156 0.0215 0.0328
