0 0.8408 0.0313 0.0273 0.0452
0 0.77 0.0335 0.0264 0.0437
0 0.7168 0.0146 0.0254 0.0204
0 0.7544 0.0897 0.0303 0.051
0 0.6987 0.0583 0.0264 0.0466
0 0.4844 0.0357 0.0312 0.051
0 0.4858 0.1042 0.0322 0.0569
0 0.5195 0.1356 0.0312 0.0496
0 0.4556 0.2194 0.0264 0.051
0 0.4385 0.1152 0.0254 0.0525
0 0.4189 0.0634 0.0234 0.0364
0 0.4375 0.043 0.0254 0.0481
0 0.4126 0.016 0.0283 0.0321
0 0.3447 0.0437 0.0195 0.0496
0 0.333 0.0598 0.0254 0.0466
0 0.0312 0.016 0.0215 0.0292
0 0.0674 0.0182 0.0234 0.0335
0 0.1509 0.0117 0.0244 0.0204
0 0.1899 0.0685 0.0322 0.0466
0 0.2134 0.1013 0.0205 0.0452
0 0.1304 0.0875 0.0244 0.0379
0 0.0898 0.0911 0.0273 0.0452
0 0.0171 0.0867 0.0244 0.0656
0 0.0073 0.1837 0.0166 0.0525
0 0.1387 0.6815 0.0723 0.1589
0 0.6885 0.6232 0.0508 0.1239
0 0.4502 0.398 0.0684 0.102
0 0.2686 0.0481 0.0254 0.0437
