0 0.0356 0.1388 0.0186 0.0367
0 0.0791 0.1336 0.0195 0.0294
0 0.1162 0.105 0.0176 0.0367
0 0.1689 0.1123 0.0156 0.0308
0 0.1484 0.1454 0.0156 0.0294
0 0.042 0.0536 0.0137 0.0279
0 0.1333 0.047 0.0146 0.0323
0 0.0029 0.1564 0.0078 0.0367
0 0.0059 0.1204 0.0137 0.0294
0 0.0615 0.0117 0.0176 0.0264
0 0.104 0.0066 0.0166 0.0132
0 0.1631 0.0323 0.0156 0.0323
0 0.2041 0.1388 0.0176 0.0338
0 0.1772 0.1806 0.0146 0.0323
0 0.2109 0.0066 0.0215 0.0162
0 0.1392 0.2034 0.0186 0.0338
0 0.1069 0.1894 0.0186 0.0323
0 0.0259 0.2313 0.0146 0.0308
0 0.0239 0.2709 0.0166 0.0367
0 0.2095 0.2225 0.0166 0.0338
0 0.2505 0.1777 0.0186 0.0382
0 0.2632 0.2034 0.0146 0.0338
0 0.1777 0.2952 0.0176 0.0441
0 0.1343 0.2885 0.0186 0.0308
0 0.21 0.326 0.0176 0.0294
0 0.1719 0.4383 0.0195 0.0338
0 0.252 0.4347 0.0195 0.0264
0 0.084 0.3715 0.0137 0.0294
0 0.084 0.5301 0.0234 0.0323
0 0.1182 0.5573 0.0195 0.0338
0 0.1987 0.5558 0.0205 0.0338
0 0.252 0.5117 0.0195 0.0367
0 0.2773 0.5609 0.0195 0.0352
0 0.0439 0.4559 0.0176 0.0308
0 0.0493 0.616 0.0186 0.0308
0 0.0464 0.7996 0.0225 0.0338
0 0.0845 0.7115 0.0225 0.0308
0 0.1587 0.71 0.0205 0.0396
0 0.2861 0.7482 0.0195 0.0367
0 0.2959 0.7893 0.0195 0.0396
0 0.1631 0.8018 0.0234 0.0411
0 0.1333 0.7849 0.0225 0.0426
0 0.3525 0.699 0.0176 0.0411
0 0.3618 0.7856 0.0225 0.0352
0 0.397 0.8091 0.0225 0.0382
0 0.231 0.8935 0.0225 0.0426
0 0.3599 0.5631 0.0205 0.0338
0 0.4014 0.5609 0.0215 0.0294
0 0.0547 0.9347 0.0215 0.0426
0 0.1689 0.9383 0.0254 0.0441
0 0.4155 0.9508 0.0244 0.0367
0 0.7056 0.9405 0.0225 0.0396
0 0.2354 0.0947 0.0156 0.0367
0 0.291 0.047 0.0156 0.0352
0 0.3159 0.0595 0.0166 0.0308
0 0.3374 0.1065 0.0186 0.0338
0 0.3457 0.1439 0.0195 0.0352
0 0.2847 0.1336 0.0205 0.0411
0 0.3647 0.2122 0.0186 0.0367
0 0.4106 0.2379 0.0205 0.0352
0 0.3877 0.1336 0.0176 0.0323
0 0.3853 0.0609 0.0166 0.0367
0 0.397 0.0514 0.0166 0.0323
0 0.4463 0.2291 0.0176 0.0352
0 0.4385 0.1571 0.0195 0.0382
0 0.4502 0.072 0.0195 0.0323
0 0.4473 0.0374 0.0195 0.0308
0 0.3779 0.0147 0.0176 0.0294
0 0.5366 0.0463 0.0186 0.0338
0 0.4697 0.0991 0.0156 0.0279
0 0.4907 0.1659 0.0186 0.0352
0 0.5391 0.1226 0.0176 0.0279
0 0.5776 0.1402 0.0186 0.0367
0 0.6069 0.0984 0.0186 0.0323
0 0.6167 0.0764 0.0166 0.0352
0 0.6196 0.0308 0.0186 0.0294
0 0.6948 0.0389 0.0186 0.0279
0 0.6704 0.1028 0.0186 0.0352
0 0.644 0.1307 0.0186 0.0352
0 0.7056 0.1138 0.0205 0.0367
0 0.7656 0.0624 0.0195 0.0338
0 0.7451 0.036 0.0195 0.0338
0 0.7915 0.058 0.0166 0.0338
0 0.7651 0.1432 0.0186 0.0338
0 0.7622 0.1902 0.0186 0.0338
0 0.7812 0.2423 0.0195 0.0382
0 0.6001 0.2401 0.0166 0.0338
0 0.4951 0.2364 0.0195 0.0323
0 0.457 0.2621 0.0156 0.0367
0 0.6694 0.2871 0.0186 0.0308
0 0.8413 0.0984 0.0186 0.0294
0 0.8296 0.0477 0.0186 0.0308
0 0.8892 0.0624 0.0186 0.0338
0 0.9189 0.0228 0.0195 0.0367
0 0.9512 0.0698 0.0176 0.0279
0 0.9902 0.0257 0.0176 0.0338
0 0.9902 0.0947 0.0156 0.0308
0 0.9912 0.1968 0.0137 0.0323
0 0.875 0.1439 0.0156 0.0294
0 0.9253 0.094 0.0186 0.0352
0 0.9087 0.1652 0.0146 0.0308
0 0.8359 0.207 0.0195 0.0352
0 0.8174 0.1696 0.0156 0.025
0 0.3477 0.4523 0.0195 0.0382
0 0.2773 0.4317 0.0195 0.0382
0 0.4404 0.3884 0.0195 0.0338
0 0.5576 0.3598 0.0176 0.0352
0 0.5942 0.3142 0.0166 0.0294
0 0.541 0.4728 0.0195 0.0352
0 0.6338 0.4662 0.0195 0.0338
0 0.4282 0.4633 0.0205 0.0338
0 0.4375 0.5698 0.0195 0.0352
0 0.4873 0.5514 0.0195 0.0367
0 0.519 0.5675 0.0225 0.0367
0 0.5747 0.5514 0.0205 0.0367
0 0.4946 0.7731 0.0186 0.0367
0 0.5474 0.7078 0.0225 0.0382
0 0.543 0.8054 0.0176 0.0426
0 0.6519 0.7974 0.0186 0.0352
0 0.7036 0.7658 0.0205 0.0396
0 0.9355 0.9559 0.0215 0.0441
0 0.9189 0.9097 0.0215 0.0485
0 0.8223 0.9178 0.0215 0.0411
0 0.9248 0.7856 0.0215 0.0323
0 0.8081 0.7658 0.0186 0.0396
0 0.8057 0.7195 0.0156 0.0352
0 0.9873 0.6667 0.0234 0.0382
0 0.686 0.5698 0.0225 0.0323
0 0.6699 0.5404 0.0156 0.0323
0 0.7368 0.5228 0.0186 0.0382
0 0.7563 0.5727 0.0205 0.0411
0 0.8379 0.558 0.0195 0.0352
0 0.8501 0.5242 0.0186 0.0352
0 0.9053 0.5565 0.0215 0.0352
0 0.9282 0.5088 0.0205 0.0367
0 0.8418 0.4435 0.0215 0.0411
0 0.7412 0.4347 0.0195 0.0382
0 0.7002 0.4354 0.0176 0.0279
0 0.7715 0.4009 0.0195 0.0323
0 0.7944 0.3355 0.0186 0.0396
0 0.7573 0.2878 0.0186 0.0382
0 0.8359 0.3245 0.0215 0.0382
0 0.9458 0.4082 0.0186 0.0323
0 0.9888 0.5668 0.0186 0.0382
0 0.1445 0.9552 0.0176 0.0367
0 0.0083 0.0073 0.0166 0.0176
0 0.9883 0.2834 0.0176 0.047
0 0.9126 0.4574 0.0146 0.0338
0 0.2759 0.989 0.0244 0.0162
0 0.2715 0.3649 0.0195 0.0338
0 0.5708 0.4662 0.0244 0.0279
