0 0.0376 0.3745 0.0264 0.0364
0 0.0942 0.3726 0.0225 0.0325
0 0.1196 0.381 0.0186 0.0312
0 0.1538 0.3615 0.0205 0.0312
0 0.1406 0.4064 0.0215 0.0273
0 0.1782 0.3882 0.0225 0.0325
0 0.2207 0.3784 0.0176 0.026
0 0.2456 0.3804 0.0166 0.0247
0 0.2437 0.4181 0.0186 0.0247
0 0.2656 0.4057 0.0117 0.026
0 0.2856 0.3953 0.0146 0.0234
0 0.2715 0.37 0.0156 0.0221
0 0.2939 0.3713 0.0156 0.0247
0 0.2998 0.4142 0.0176 0.0325
0 0.3335 0.3849 0.0186 0.0286
0 0.3159 0.3732 0.0107 0.0182
0 0.3286 0.3583 0.0127 0.0195
0 0.3516 0.3784 0.0098 0.026
0 0.3755 0.3869 0.0146 0.0247
0 0.4004 0.383 0.0137 0.0247
0 0.3911 0.3466 0.0146 0.0195
0 0.4277 0.3758 0.0156 0.0234
0 0.3501 0.4961 0.0205 0.0299
0 0.3218 0.5241 0.0205 0.0312
0 0.2861 0.528 0.0195 0.0312
0 0.2539 0.4967 0.0176 0.026
0 0.2256 0.5306 0.0195 0.0312
0 0.4604 0.3901 0.0146 0.0208
0 0.4614 0.3641 0.0146 0.0182
0 0.4814 0.3869 0.0195 0.0299
0 0.5122 0.3758 0.0146 0.0286
0 0.5073 0.3563 0.0127 0.0234
0 0.5347 0.3817 0.0166 0.0247
0 0.561 0.3648 0.0127 0.0195
0 0.5786 0.3622 0.0146 0.0221
0 0.5908 0.3836 0.0137 0.0208
0 0.6084 0.3628 0.0156 0.026
0 0.5972 0.3609 0.0127 0.0195
0 0.6226 0.3823 0.0166 0.0234
0 0.6455 0.37 0.0137 0.0195
0 0.665 0.3518 0.0156 0.0247
0 0.6968 0.3752 0.0186 0.0247
0 0.6831 0.4311 0.0205 0.0325
0 0.6392 0.4239 0.0186 0.0286
0 0.5938 0.4194 0.0176 0.0299
0 0.6123 0.4642 0.0176 0.0286
0 0.6294 0.5234 0.0146 0.0299
0 0.5767 0.5241 0.0166 0.0286
0 0.5601 0.5007 0.0166 0.0234
0 0.5244 0.5234 0.0176 0.0273
0 0.4741 0.5247 0.0166 0.0299
0 0.6997 0.5247 0.0186 0.0299
0 0.7183 0.4961 0.0205 0.0299
0 0.7593 0.4779 0.0186 0.0273
0 0.7979 0.5345 0.0195 0.0312
0 0.8096 0.4902 0.0234 0.0286
0 0.7725 0.394 0.0195 0.0286
0 0.7329 0.3895 0.0186 0.0273
0 0.7266 0.37 0.0156 0.0221
0 0.7578 0.3466 0.0176 0.0273
0 0.7969 0.3882 0.0176 0.0221
0 0.8325 0.3648 0.0225 0.0299
0 0.8848 0.3804 0.0195 0.0325
0 0.8589 0.4876 0.0225 0.0338
