0 0.0166 0.396 0.0176 0.0337
0 0.0703 0.3829 0.0234 0.0425
0 0.0664 0.4832 0.0254 0.0469
0 0.0986 0.4854 0.0215 0.0425
0 0.1294 0.4378 0.0264 0.0498
0 0.1489 0.4802 0.0283 0.0439
0 0.1987 0.448 0.0244 0.0498
0 0.2388 0.47 0.0283 0.0556
0 0.0928 0.3895 0.0117 0.0264
0 0.105 0.4085 0.0166 0.0322
0 0.1318 0.3946 0.0195 0.0337
0 0.166 0.3653 0.0215 0.0425
0 0.1997 0.3587 0.0225 0.0469
0 0.2349 0.3624 0.0205 0.0425
0 0.0059 0.5454 0.0117 0.0425
0 0.3115 0.366 0.0273 0.0439
0 0.3032 0.3763 0.0166 0.0322
0 0.3467 0.4444 0.0293 0.0571
0 0.377 0.5037 0.0195 0.0439
0 0.4189 0.336 0.0293 0.06
0 0.4727 0.3206 0.0273 0.0527
0 0.498 0.3638 0.0254 0.0542
0 0.5098 0.4224 0.0273 0.0542
0 0.519 0.3536 0.0225 0.0366
0 0.6802 0.4136 0.0361 0.0688
0 0.7285 0.3441 0.0371 0.0615
0 0.7168 0.5578 0.0352 0.0615
0 0.7559 0.3565 0.0215 0.0454
0 0.7773 0.3199 0.0273 0.0512
0 0.8149 0.3851 0.0244 0.041
0 0.5361 0.4224 0.0254 0.063
0 0.8394 0.3287 0.0322 0.0747
0 0.9087 0.2643 0.04 0.0776
0 0.8169 0.5813 0.0342 0.0644
0 0.8984 0.5315 0.0312 0.0644
0 0.9517 0.5659 0.0322 0.0717
0 0.9868 0.3243 0.0244 0.0747
0 0.5415 0.3485 0.0146 0.0322
0 0.1821 0.3668 0.0166 0.0366
0 0.6494 0.4612 0.0137 0.0264
