0 0.0215 0.127 0.043 0.0742
0 0.1196 0.1198 0.0439 0.0703
0 0.231 0.1263 0.0361 0.0729
0 0.334 0.1673 0.0371 0.056
0 0.3525 0.1426 0.0391 0.069
0 0.4229 0.1315 0.0234 0.0521
0 0.4502 0.1458 0.043 0.0729
0 0.5181 0.1172 0.0225 0.0391
0 0.5122 0.0729 0.0127 0.0208
0 0.5327 0.1523 0.0205 0.0443
0 0.4751 0.0423 0.0166 0.0195
0 0.5518 0.1634 0.0371 0.0716
0 0.5654 0.1471 0.0449 0.0781
0 0.6123 0.1921 0.0332 0.0612
0 0.6592 0.1673 0.0391 0.0612
0 0.7192 0.1465 0.0498 0.0846
0 0.7695 0.1634 0.0352 0.0638
0 0.8369 0.1387 0.0488 0.082
0 0.915 0.1484 0.043 0.0703
0 0.9771 0.1595 0.0439 0.0638
0 0.6191 0.0332 0.0078 0.0169
0 0.6196 0.0573 0.0107 0.013
0 0.6367 0.0781 0.0117 0.0182
0 0.6543 0.099 0.0098 0.0182
0 0.6572 0.0605 0.0078 0.0169
0 0.6665 0.0384 0.0049 0.0091
0 0.6895 0.0931 0.0117 0.0169
0 0.6924 0.0703 0.0098 0.0182
0 0.8081 0.0931 0.0107 0.0143
0 0.6792 0.084 0.0088 0.0195
