0 0.9814 0.8201 0.0176 0.0488
0 0.9419 0.9421 0.0225 0.0518
0 0.9009 0.904 0.0205 0.0457
0 0.9072 0.8491 0.0195 0.0427
0 0.9189 0.7767 0.0234 0.0442
0 0.8452 0.9329 0.0244 0.0457
0 0.8013 0.9055 0.0205 0.0396
0 0.8018 0.8095 0.0215 0.0396
0 0.7949 0.7767 0.0254 0.0503
0 0.8838 0.7477 0.0215 0.0412
0 0.7627 0.872 0.0215 0.0488
0 0.772 0.7157 0.0225 0.0473
0 0.7227 0.7942 0.0254 0.0457
0 0.7183 0.8643 0.0186 0.0396
0 0.9468 0.609 0.0205 0.0412
0 0.9419 0.6547 0.0225 0.0473
0 0.8032 0.6646 0.0225 0.0396
0 0.8936 0.5983 0.0195 0.0412
0 0.7402 0.6006 0.0273 0.061
0 0.7842 0.6037 0.0234 0.0427
0 0.7842 0.5526 0.0234 0.0442
0 0.8101 0.5724 0.0225 0.0381
0 0.8735 0.532 0.0205 0.0518
0 0.9297 0.4543 0.0254 0.0549
0 0.9038 0.4261 0.0244 0.0534
0 0.9521 0.3712 0.0234 0.0503
0 0.98 0.378 0.0244 0.0518
0 0.9512 0.3224 0.0215 0.0381
0 0.9146 0.3148 0.0205 0.0412
0 0.8589 0.327 0.0225 0.0412
0 0.8267 0.3735 0.0225 0.0518
0 0.7861 0.3651 0.0234 0.0503
0 0.7529 0.3773 0.0215 0.0473
0 0.7998 0.3087 0.0234 0.0534
0 0.7754 0.4535 0.0254 0.0503
0 0.8022 0.4817 0.0244 0.0488
0 0.8511 0.4566 0.0244 0.0442
0 0.9902 0.1593 0.0176 0.0534
0 0.9746 0.247 0.0234 0.0488
0 0.9175 0.1875 0.0264 0.0518
0 0.8975 0.1441 0.0215 0.0442
0 0.873 0.2165 0.0234 0.0488
0 0.8394 0.1883 0.0225 0.0381
0 0.7837 0.2058 0.0186 0.0335
0 0.7861 0.2698 0.0215 0.0396
0 0.8242 0.1242 0.0254 0.0351
0 0.7568 0.1875 0.0176 0.0335
0 0.6851 0.1616 0.0244 0.0518
0 0.708 0.1151 0.0195 0.0412
0 0.731 0.1197 0.0205 0.0381
0 0.7075 0.2485 0.0205 0.0427
0 0.6772 0.2538 0.0244 0.0473
0 0.689 0.3064 0.0244 0.0457
0 0.8774 0.0419 0.0283 0.0412
0 0.9678 0.0838 0.0234 0.0396
0 0.9478 0.0191 0.0244 0.0412
0 0.6455 0.1212 0.0254 0.0503
0 0.6265 0.2027 0.0244 0.0488
0 0.5698 0.1913 0.0205 0.0442
0 0.542 0.2363 0.0234 0.0488
0 0.6021 0.25 0.0205 0.0427
0 0.5171 0.3232 0.0244 0.0427
0 0.6294 0.2873 0.0225 0.0442
0 0.6211 0.0709 0.0215 0.0442
0 0.5596 0.1075 0.0254 0.0473
0 0.5024 0.1151 0.0244 0.0442
0 0.7017 0.0358 0.0225 0.0503
0 0.7612 0.013 0.0205 0.029
0 0.7261 0.0107 0.0225 0.0244
0 0.9839 0.702 0.0244 0.0412
0 0.8799 0.6692 0.0195 0.0305
0 0.7046 0.5053 0.0244 0.0534
0 0.6968 0.42 0.0225 0.0534
0 0.6602 0.4245 0.0215 0.0473
0 0.6353 0.4177 0.0205 0.0427
0 0.5791 0.4497 0.0234 0.0427
0 0.6196 0.5373 0.0244 0.0442
0 0.5903 0.5412 0.0244 0.0427
0 0.5884 0.5046 0.0244 0.0427
0 0.6743 0.8392 0.0264 0.0595
0 0.6729 0.7698 0.0215 0.0396
0 0.7051 0.6997 0.0254 0.0488
0 0.6787 0.6692 0.0234 0.0518
0 0.6099 0.7119 0.0225 0.0518
0 0.6235 0.779 0.0225 0.0488
0 0.584 0.7934 0.0215 0.0473
0 0.6001 0.8811 0.0186 0.0396
0 0.5083 0.7462 0.0244 0.0412
0 0.4155 0.8133 0.0205 0.0381
0 0.4155 0.7195 0.0264 0.0488
0 0.4614 0.7058 0.0264 0.0396
0 0.394 0.6547 0.0225 0.0412
0 0.4165 0.6418 0.0205 0.0335
0 0.3716 0.5998 0.0225 0.0442
0 0.4863 0.5998 0.0234 0.0503
0 0.5874 0.6745 0.0244 0.0442
0 0.686 0.5762 0.0186 0.0305
0 0.7212 0.5823 0.0166 0.0366
0 0.7085 0.6204 0.0225 0.0457
0 0.5391 0.7043 0.0215 0.0396
0 0.4561 0.6448 0.0254 0.0396
0 0.4604 0.9062 0.0225 0.0412
0 0.5459 0.4306 0.0215 0.0503
0 0.6084 0.3727 0.0215 0.0473
0 0.562 0.298 0.0244 0.0442
0 0.4663 0.3171 0.0225 0.0488
0 0.4097 0.375 0.0264 0.0427
0 0.4224 0.4291 0.0225 0.0473
0 0.4312 0.4848 0.0225 0.0396
0 0.4824 0.471 0.0234 0.0518
0 0.5337 0.5 0.0225 0.0488
0 0.5054 0.388 0.0225 0.0442
0 0.3501 0.3796 0.0225 0.0488
0 0.4263 0.2805 0.0225 0.0488
0 0.3799 0.3338 0.0215 0.0457
0 0.3906 0.2492 0.0234 0.0473
0 0.4673 0.2195 0.0244 0.0427
0 0.5005 0.2264 0.0205 0.0412
0 0.9849 0.4954 0.0225 0.0488
0 0.5991 0.0312 0.0205 0.0442
0 0.5576 0.0221 0.0234 0.0442
0 0.5073 0.0206 0.0244 0.0412
0 0.4619 0.0549 0.0234 0.0427
0 0.4697 0.0282 0.0215 0.0442
0 0.4395 0.0229 0.0195 0.0396
0 0.4053 0.1288 0.0215 0.0442
0 0.4155 0.2127 0.0225 0.0473
0 0.3076 0.0495 0.0234 0.0442
0 0.2676 0.1334 0.0215 0.0473
0 0.2314 0.1235 0.0234 0.0457
0 0.2231 0.1768 0.0225 0.0488
0 0.3511 0.2012 0.0225 0.0488
0 0.2939 0.2188 0.0234 0.0473
0 0.3398 0.2515 0.0273 0.0488
0 0.3989 0.0114 0.0186 0.0259
0 0.3296 0.0091 0.0166 0.0213
0 0.2388 0.0755 0.0205 0.0473
0 0.2642 0.2546 0.0225 0.0457
0 0.8154 0.9825 0.0234 0.032
0 0.7773 0.9535 0.0254 0.0351
0 0.7222 0.9512 0.0205 0.0366
0 0.7021 0.9657 0.0234 0.0381
0 0.4062 0.4809 0.0254 0.0534
0 0.3574 0.4703 0.0215 0.0442
0 0.313 0.516 0.0225 0.0534
0 0.3081 0.4451 0.0244 0.0518
0 0.334 0.6105 0.0215 0.0412
0 0.2998 0.6159 0.0215 0.0366
0 0.2788 0.4832 0.0244 0.0549
0 0.2612 0.5351 0.0244 0.0488
0 0.3213 0.7241 0.0234 0.0518
0 0.5728 0.9695 0.0186 0.0396
0 0.2822 0.878 0.0234 0.0305
0 0.208 0.9101 0.0215 0.0427
0 0.2764 0.92 0.0156 0.0412
0 0.272 0.8232 0.0225 0.0488
0 0.2339 0.8453 0.0225 0.0442
0 0.0693 0.8826 0.0215 0.0427
0 0.1665 0.7515 0.0225 0.0488
0 0.0649 0.779 0.0186 0.0396
0 0.1943 0.9398 0.0137 0.029
0 0.1353 0.9024 0.0283 0.0427
0 0.2739 0.6585 0.0244 0.0457
0 0.231 0.702 0.0264 0.0473
0 0.1743 0.7134 0.0225 0.0488
0 0.188 0.6616 0.0244 0.0427
0 0.2329 0.5732 0.0225 0.0518
0 0.1685 0.5701 0.0225 0.0488
0 0.2251 0.5168 0.0264 0.0335
0 0.1523 0.4718 0.0254 0.0381
0 0.0625 0.6494 0.0234 0.0427
0 0.0884 0.6098 0.0244 0.0396
0 0.0845 0.5518 0.0225 0.0366
0 0.0303 0.58 0.0234 0.0473
0 0.0088 0.8453 0.0176 0.0442
0 0.0303 0.404 0.0215 0.0488
0 0.0347 0.4931 0.0244 0.0442
0 0.0659 0.4543 0.0205 0.0427
0 0.0791 0.4184 0.0215 0.0381
0 0.0693 0.3643 0.0176 0.0366
0 0.0415 0.311 0.0225 0.0366
0 0.1162 0.343 0.0234 0.0457
0 0.1519 0.3255 0.0264 0.0473
0 0.1919 0.3285 0.0244 0.0564
0 0.1714 0.3933 0.0225 0.0427
0 0.1143 0.4169 0.0215 0.0412
0 0.1406 0.503 0.0215 0.0366
0 0.2212 0.4337 0.0244 0.0473
0 0.2544 0.3742 0.0205 0.0442
0 0.3203 0.3407 0.0215 0.0351
0 0.3335 0.9451 0.0146 0.0366
0 0.1084 0.1562 0.0254 0.0534
0 0.0791 0.263 0.0215 0.0442
0 0.0864 0.2165 0.0244 0.0427
0 0.1904 0.2348 0.0254 0.0488
0 0.1553 0.2797 0.0215 0.0412
0 0.1851 0.0404 0.0205 0.0381
0 0.1196 0.0991 0.0264 0.0579
0 0.1479 0.0739 0.0186 0.0351
0 0.3159 0.1646 0.0205 0.0366
0 0.0293 0.2363 0.0215 0.0549
0 0.0396 0.1845 0.0244 0.0457
0 0.0381 0.125 0.0254 0.0488
0 0.0322 0.0061 0.0156 0.0152
0 0.0146 0.0099 0.0176 0.0229
0 0.0098 0.734 0.0195 0.0534
0 0.519 0.1852 0.0244 0.0503
0 0.3496 0.7332 0.0176 0.0335
0 0.3647 0.7203 0.0186 0.032
0 0.0239 0.3666 0.0244 0.0503
0 0.3364 0.122 0.0205 0.0427
0 0.4014 0.8628 0.0234 0.0427
0 0.4229 0.8636 0.0195 0.0351
0 0.9668 0.9886 0.0234 0.0198
0 0.9917 0.8803 0.0146 0.0412
