0 0.3354 0.4804 0.0205 0.044
0 0.5103 0.4861 0.0205 0.0489
0 0.1592 0.4682 0.0234 0.0522
0 0.0674 0.4649 0.0234 0.0359
0 0.7119 0.4927 0.0098 0.0294
0 0.8252 0.6403 0.0059 0.0179
0 0.8418 0.4959 0.0059 0.0131
0 0.8281 0.4886 0.0059 0.0114
0 0.8159 0.4918 0.0049 0.0114
0 0.8042 0.4918 0.0049 0.0114
0 0.7944 0.4976 0.0049 0.0098
0 0.7739 0.5008 0.0049 0.0098
0 0.751 0.4943 0.0059 0.0098
0 0.8799 0.4861 0.0039 0.0098
0 0.8999 0.4812 0.0049 0.0098
0 0.9121 0.4886 0.0039 0.0082
0 0.9312 0.4821 0.0049 0.0114
0 0.9087 0.46 0.0049 0.0098
0 0.8926 0.4535 0.0039 0.0098
0 0.8745 0.4576 0.0049 0.0114
0 0.8521 0.4584 0.0049 0.0098
0 0.8354 0.46 0.0049 0.0098
0 0.8115 0.4568 0.0039 0.0065
0 0.8213 0.4339 0.0039 0.0098
0 0.8672 0.4421 0.0039 0.0098
0 0.8882 0.4421 0.0049 0.0098
0 0.9282 0.4339 0.0049 0.0098
0 0.9204 0.4152 0.0049 0.0114
0 0.9355 0.4127 0.0039 0.0098
0 0.9751 0.3915 0.0049 0.0131
0 0.9087 0.4356 0.0049 0.0098
0 0.8887 0.4209 0.0039 0.0098
0 0.8706 0.4095 0.0049 0.0098
0 0.7661 0.4755 0.0049 0.0082
0 0.7515 0.4535 0.0049 0.0065
0 0.7896 0.4568 0.0049 0.0098
0 0.7837 0.4747 0.0049 0.0098
0 0.7979 0.4747 0.002 0.0065
0 0.7695 0.4535 0.0039 0.0098
0 0.772 0.438 0.0029 0.0082
0 0.7319 0.4543 0.0049 0.0082
0 0.7017 0.4625 0.0049 0.0082
0 0.6646 0.4812 0.0049 0.0098
0 0.6528 0.4992 0.0049 0.0065
0 0.6338 0.4967 0.0039 0.0082
0 0.6377 0.4796 0.0039 0.0098
0 0.6406 0.4576 0.0039 0.0082
0 0.6538 0.4592 0.0049 0.0082
0 0.8398 0.429 0.0039 0.0098
0 0.8486 0.4111 0.0039 0.0065
0 0.6699 0.4584 0.0039 0.0065
0 0.6714 0.4356 0.0029 0.0098
0 0.6567 0.438 0.0029 0.0082
0 0.5923 0.4959 0.0029 0.0065
0 0.6118 0.4992 0.0029 0.0065
0 0.6206 0.4788 0.0029 0.0082
0 0.5669 0.4927 0.0029 0.0065
0 0.606 0.4584 0.0029 0.0098
0 0.5693 0.4755 0.0039 0.0082
0 0.5879 0.4617 0.0039 0.0098
0 0.623 0.4584 0.0039 0.0065
0 0.5156 0.4192 0.0039 0.0065
0 0.5039 0.4217 0.0039 0.0082
0 0.4907 0.4184 0.0029 0.0082
0 0.4751 0.4201 0.0029 0.0082
0 0.4849 0.4527 0.0029 0.0082
0 0.5322 0.4217 0.0039 0.0082
0 0.5342 0.4584 0.0039 0.0065
0 0.5195 0.4421 0.0039 0.0065
0 0.1191 0.4527 0.0039 0.0082
0 0.0654 0.3605 0.0039 0.0098
0 0.0098 0.3532 0.0039 0.0082
0 0.0225 0.3548 0.0039 0.0082
0 0.0342 0.3532 0.0039 0.0082
0 0.0703 0.3507 0.0039 0.0065
0 0.0786 0.3613 0.0029 0.0082
0 0.0308 0.5139 0.0049 0.0098
0 0.0127 0.5114 0.0039 0.0114
0 0.0327 0.4078 0.0049 0.0098
0 0.0303 0.3923 0.0039 0.0082
0 0.126 0.4886 0.0039 0.0082
0 0.1367 0.4511 0.0039 0.0082
0 0.0166 0.4666 0.0039 0.0065
