0 0.7217 0.4239 0.0176 0.0366
0 0.9297 0.4195 0.0156 0.0337
0 0.626 0.5351 0.0176 0.0337
0 0.5713 0.552 0.0156 0.0264
0 0.5347 0.5652 0.0107 0.0205
0 0.5645 0.4561 0.0137 0.0249
0 0.6333 0.4224 0.0146 0.0278
0 0.5063 0.3734 0.0146 0.0264
0 0.4819 0.6647 0.0303 0.0469
0 0.4189 0.6113 0.0137 0.022
0 0.4658 0.5974 0.0137 0.0234
0 0.46 0.5761 0.0117 0.022
0 0.478 0.5469 0.0088 0.0161
0 0.4443 0.5549 0.0078 0.0176
0 0.415 0.5798 0.0117 0.0205
0 0.4399 0.5381 0.0088 0.0161
0 0.4497 0.5344 0.0068 0.0146
0 0.4043 0.5608 0.0098 0.0205
0 0.3926 0.5527 0.0078 0.0161
0 0.3726 0.5681 0.0088 0.0176
0 0.3638 0.5996 0.0127 0.022
0 0.353 0.593 0.0088 0.0205
0 0.3545 0.5681 0.0098 0.0176
0 0.3481 0.5271 0.0088 0.0176
0 0.3687 0.5242 0.0068 0.0146
0 0.3159 0.5849 0.0146 0.0249
0 0.3135 0.5608 0.0098 0.0176
0 0.2891 0.5578 0.0117 0.0205
0 0.272 0.5783 0.0107 0.0205
0 0.272 0.5556 0.0088 0.0161
0 0.2568 0.5578 0.0098 0.0176
0 0.2349 0.5681 0.0127 0.0176
0 0.2368 0.5512 0.0088 0.0161
0 0.2183 0.5469 0.0088 0.0161
0 0.1987 0.5512 0.0088 0.0132
0 0.2744 0.5315 0.0078 0.0146
0 0.2822 0.5161 0.0059 0.0102
0 0.2539 0.5227 0.0059 0.0088
0 0.1899 0.5373 0.0068 0.0117
0 0.1758 0.5637 0.0078 0.0146
0 0.1548 0.5425 0.0068 0.0132
0 0.1753 0.5403 0.0068 0.0117
0 0.1641 0.5337 0.0059 0.0102
0 0.208 0.5417 0.0059 0.0117
0 0.1997 0.5322 0.0049 0.0102
0 0.1709 0.5205 0.0059 0.0102
0 0.1582 0.519 0.0039 0.0073
0 0.1519 0.5249 0.0049 0.0073
0 0.1421 0.5388 0.0088 0.0146
0 0.2461 0.5293 0.0059 0.0102
0 0.1592 0.5073 0.0039 0.0073
0 0.1455 0.5102 0.0039 0.0073
0 0.1284 0.5249 0.0068 0.0102
0 0.1255 0.5022 0.0049 0.0088
0 0.1943 0.5044 0.0059 0.0102
0 0.0615 0.5988 0.0059 0.0264
