0 0.8345 0.2877 0.0264 0.0512
0 0.9199 0.3031 0.0273 0.0527
0 0.8096 0.1369 0.0234 0.0425
0 0.7031 0.1625 0.0234 0.0498
0 0.6895 0.2965 0.0234 0.0483
0 0.5469 0.1647 0.0195 0.0425
0 0.4971 0.2855 0.0254 0.0586
0 0.48 0.1801 0.0225 0.041
0 0.0293 0.1376 0.0215 0.0439
0 0.0464 0.2306 0.0283 0.0512
0 0.1216 0.172 0.0205 0.0425
0 0.3457 0.1999 0.0234 0.0483
0 0.3101 0.2518 0.0264 0.0556
0 0.269 0.2474 0.0244 0.0469
0 0.2144 0.1303 0.0205 0.0381
0 0.1733 0.2562 0.0264 0.0469
0 0.4341 0.4041 0.0283 0.0703
0 0.0093 0.1252 0.0166 0.0337
