0 0.1338 0.3243 0.0176 0.0427
0 0.2393 0.3282 0.0156 0.0427
0 0.2905 0.3544 0.0166 0.0485
0 0.3247 0.4301 0.0186 0.0447
0 0.3262 0.5437 0.0176 0.0505
0 0.2729 0.5019 0.0166 0.0485
0 0.2227 0.4311 0.0176 0.0466
0 0.1807 0.3816 0.0156 0.0447
0 0.2017 0.5485 0.0186 0.0524
0 0.2563 0.6165 0.0244 0.0602
0 0.1504 0.4777 0.0176 0.0505
0 0.1084 0.4388 0.0176 0.0466
0 0.1201 0.6272 0.0195 0.0544
0 0.853 0.3184 0.0166 0.0427
0 0.8848 0.4136 0.0195 0.0427
0 0.8447 0.501 0.0195 0.0505
0 0.8125 0.3922 0.0195 0.0466
0 0.7866 0.2854 0.0186 0.0466
0 0.7461 0.3262 0.0176 0.0427
0 0.7607 0.4301 0.0176 0.0485
0 0.7261 0.4883 0.0186 0.0524
0 0.9238 0.5524 0.0195 0.0524
0 0.957 0.6922 0.0215 0.0641
0 0.8706 0.6252 0.0225 0.0583
0 0.8174 0.667 0.0215 0.0602
0 0.7935 0.5476 0.0186 0.0466
0 0.6934 0.3835 0.0156 0.0447
0 0.7485 0.6126 0.0186 0.0524
0 0.688 0.5544 0.0186 0.0485
0 0.7119 0.6806 0.0215 0.0524
0 0.6602 0.4311 0.0195 0.0505
0 0.5938 0.3845 0.0156 0.0427
0 0.6162 0.4845 0.0195 0.0485
0 0.626 0.6136 0.0215 0.0583
0 0.5493 0.534 0.0186 0.0505
0 0.5449 0.4272 0.0176 0.0505
0 0.563 0.6913 0.0205 0.0544
0 0.4927 0.6126 0.0205 0.0563
0 0.4922 0.4777 0.0195 0.0466
0 0.4849 0.3689 0.0166 0.0466
0 0.4316 0.433 0.0156 0.0505
0 0.437 0.534 0.0186 0.0505
0 0.3818 0.3757 0.0176 0.0447
0 0.3823 0.4903 0.0186 0.0485
0 0.436 0.7058 0.0186 0.0563
0 0.377 0.6456 0.0195 0.0524
0 0.3057 0.7097 0.0195 0.0563
0 0.0728 0.5544 0.0205 0.0524
0 0.1685 0.7058 0.0186 0.0485
0 0.0469 0.7078 0.0215 0.0524
