0 0.0791 0.428 0.0176 0.0367
0 0.1875 0.42 0.0176 0.0264
0 0.2153 0.3994 0.0127 0.0235
0 0.2295 0.4236 0.0195 0.0338
0 0.3247 0.3987 0.0166 0.0279
0 0.3545 0.3796 0.0215 0.0338
0 0.3462 0.4251 0.0166 0.0367
0 0.4951 0.3884 0.0215 0.0338
0 0.501 0.3532 0.0195 0.0279
0 0.542 0.4009 0.0195 0.0352
0 0.5728 0.3568 0.0225 0.047
0 0.6372 0.37 0.0146 0.0264
0 0.6621 0.3825 0.0176 0.0338
0 0.6763 0.3877 0.0205 0.047
0 0.7061 0.3796 0.0176 0.0455
0 0.7485 0.3759 0.0107 0.0206
0 0.8398 0.4038 0.0156 0.0323
0 0.8564 0.3833 0.0293 0.0646
0 0.896 0.3333 0.0225 0.0441
0 0.9121 0.3862 0.0234 0.0529
