0 0.0117 0.5854 0.0098 0.0157
0 0.0244 0.5999 0.0117 0.0182
0 0.0488 0.5969 0.0098 0.0121
0 0.1245 0.5987 0.0088 0.0133
0 0.1367 0.5969 0.0117 0.0194
0 0.0068 0.6743 0.0098 0.0266
0 0.1104 0.6011 0.0059 0.0109
0 0.356 0.408 0.0166 0.0387
0 0.5068 0.4722 0.0156 0.0412
0 0.5728 0.6077 0.0107 0.0169
0 0.6143 0.6217 0.0137 0.0182
0 0.644 0.6168 0.0088 0.0157
0 0.6372 0.6174 0.0068 0.0145
0 0.6831 0.641 0.0127 0.0182
0 0.6768 0.6084 0.0117 0.0157
0 0.8325 0.6338 0.0107 0.023
0 0.8638 0.6398 0.0127 0.0206
0 0.8799 0.6404 0.0078 0.0169
0 0.9141 0.6338 0.0117 0.023
0 0.9287 0.6435 0.0098 0.0206
0 0.9214 0.6846 0.0127 0.023
0 0.8623 0.7512 0.0137 0.023
0 0.9185 0.7421 0.0146 0.0242
0 0.9497 0.7754 0.0146 0.0182
0 0.9956 0.7688 0.0068 0.0218
0 0.958 0.6731 0.0117 0.0169
0 0.96 0.6519 0.0117 0.0182
0 0.9048 0.6368 0.0088 0.0121
0 0.5337 0.8499 0.0322 0.1283
