0 0.0059 0.0878 0.0137 0.0293
0 0.0469 0.1054 0.0156 0.0293
0 0.0825 0.0908 0.0146 0.0293
0 0.1289 0.0461 0.0156 0.0249
0 0.1465 0.134 0.0137 0.0249
0 0.166 0.1127 0.0156 0.0293
0 0.1484 0.0996 0.0117 0.0264
0 0.186 0.0395 0.0127 0.0234
0 0.2109 0.0337 0.0137 0.0264
0 0.2183 0.0644 0.0146 0.0264
0 0.2207 0.1457 0.0117 0.0278
0 0.2065 0.1442 0.0127 0.0307
0 0.2422 0.1105 0.0156 0.0278
0 0.0044 0.1486 0.0107 0.0278
0 0.0688 0.1413 0.0166 0.0278
0 0.104 0.2335 0.0186 0.0337
0 0.1655 0.2445 0.0186 0.0322
0 0.2017 0.3053 0.0186 0.0337
0 0.0981 0.3367 0.0205 0.041
0 0.064 0.3389 0.0186 0.0307
0 0.0693 0.2833 0.0195 0.0307
0 0.0366 0.306 0.0205 0.0351
0 0.0342 0.4297 0.0254 0.0454
0 0.1162 0.3931 0.0234 0.0425
0 0.1646 0.4158 0.0264 0.0439
0 0.0083 0.4202 0.0186 0.041
0 0.1104 0.5139 0.0352 0.0556
0 0.2075 0.4261 0.0303 0.0556
0 0.084 0.4956 0.0293 0.0542
0 0.2183 0.59 0.0361 0.0644
0 0.0166 0.8843 0.0352 0.1054
0 0.0308 0.8719 0.042 0.0835
0 0.104 0.9187 0.0498 0.0952
0 0.3022 0.6208 0.0381 0.0644
0 0.2529 0.3455 0.0254 0.0469
0 0.2915 0.3748 0.0205 0.0351
0 0.3306 0.3675 0.0186 0.0381
0 0.3457 0.3939 0.0234 0.041
0 0.3711 0.3953 0.0254 0.0469
0 0.3955 0.41 0.0273 0.0469
0 0.4297 0.4553 0.0254 0.0469
0 0.4683 0.4722 0.0244 0.0395
0 0.4438 0.3441 0.0225 0.0322
0 0.4932 0.3565 0.0215 0.0395
0 0.3853 0.5556 0.0264 0.0454
0 0.2407 0.4568 0.0264 0.0498
0 0.4863 0.6127 0.0371 0.0512
0 0.3218 0.735 0.0361 0.0556
0 0.3779 0.735 0.0352 0.0615
0 0.4287 0.7474 0.0371 0.0688
0 0.478 0.7592 0.0361 0.0659
0 0.5288 0.8236 0.0381 0.0688
0 0.6372 0.7826 0.042 0.0688
0 0.7197 0.8082 0.0488 0.0791
0 0.7676 0.8551 0.0488 0.082
0 0.9297 0.8133 0.043 0.0776
0 0.9126 0.6479 0.0361 0.063
0 0.8467 0.6567 0.0352 0.0512
0 0.5669 0.6493 0.0342 0.0571
0 0.5151 0.6537 0.0381 0.0542
0 0.6162 0.6786 0.0312 0.0542
0 0.7559 0.6237 0.0293 0.0469
0 0.605 0.5417 0.0264 0.0469
0 0.6621 0.4978 0.0234 0.041
0 0.6855 0.5403 0.0293 0.0469
0 0.5176 0.4034 0.0234 0.0366
0 0.5518 0.4078 0.0234 0.0366
0 0.6289 0.4143 0.0254 0.0439
0 0.1484 0.1852 0.0137 0.022
0 0.1714 0.1925 0.0127 0.022
0 0.1987 0.2167 0.0146 0.0234
0 0.2139 0.2335 0.0156 0.0249
0 0.2261 0.2621 0.0166 0.0293
0 0.2568 0.246 0.0156 0.0264
0 0.2856 0.2526 0.0186 0.0307
0 0.2349 0.3177 0.0186 0.0293
0 0.2188 0.3177 0.0156 0.0351
0 0.3203 0.2818 0.0176 0.0337
0 0.3428 0.2965 0.0195 0.0307
0 0.3682 0.3009 0.0234 0.0337
0 0.332 0.2262 0.0156 0.0278
0 0.4019 0.3177 0.0244 0.0351
0 0.4106 0.2592 0.0186 0.0293
0 0.4351 0.2745 0.0186 0.0307
0 0.2788 0.0974 0.0166 0.0337
0 0.3545 0.0864 0.0156 0.0234
0 0.3369 0.0652 0.0156 0.0307
0 0.312 0.0725 0.0146 0.0278
0 0.2695 0.0439 0.0156 0.0264
0 0.2539 0.0256 0.0117 0.019
0 0.3066 0.0293 0.0137 0.0234
0 0.4585 0.1186 0.0127 0.0293
0 0.4316 0.0798 0.0137 0.0337
0 0.3794 0.1025 0.0146 0.0293
0 0.3589 0.0593 0.0146 0.019
0 0.2964 0.1955 0.0146 0.0278
0 0.5049 0.1223 0.0137 0.0278
0 0.5083 0.104 0.0146 0.0264
0 0.4858 0.0835 0.0146 0.0322
0 0.5674 0.1193 0.0117 0.0278
0 0.6006 0.1669 0.0156 0.0322
0 0.6191 0.1171 0.0137 0.0264
0 0.6797 0.0564 0.0156 0.0278
0 0.6709 0.1223 0.0156 0.0249
0 0.7305 0.1654 0.0137 0.0264
0 0.793 0.1545 0.0117 0.0249
0 0.8633 0.213 0.0176 0.0337
0 0.8677 0.1398 0.0107 0.022
0 0.9404 0.1274 0.0137 0.0322
0 0.9937 0.123 0.0107 0.0322
0 0.8311 0.2482 0.0137 0.0278
0 0.5444 0.3243 0.0166 0.0278
0 0.6084 0.3455 0.0195 0.0322
0 0.6543 0.3712 0.0215 0.0337
0 0.7515 0.4553 0.0166 0.0264
0 0.7686 0.4751 0.0215 0.0307
0 0.9526 0.5695 0.0342 0.0498
0 0.8247 0.5307 0.0264 0.0395
0 0.8003 0.6471 0.0342 0.0586
0 0.8501 0.4378 0.0283 0.0439
0 0.2988 0.5073 0.0293 0.0542
0 0.686 0.1728 0.0186 0.0322
0 0.2568 0.1127 0.0117 0.0264
0 0.1655 0.0652 0.0146 0.0249
0 0.9663 0.2687 0.0166 0.0337
0 0.9292 0.1501 0.0127 0.0307
