0 0.5039 0.4267 0.0098 0.0205
0 0.8115 0.5147 0.0176 0.0293
0 0.894 0.618 0.0166 0.0308
0 0.855 0.7485 0.0225 0.0396
0 0.9263 0.4267 0.0146 0.0323
0 0.6108 0.5528 0.0107 0.0293
0 0.7744 0.4912 0.0117 0.0235
0 0.7358 0.4289 0.0127 0.0249
0 0.7871 0.445 0.0098 0.0279
0 0.6855 0.2456 0.0137 0.022
0 0.7954 0.184 0.0127 0.022
0 0.8364 0.2544 0.0127 0.0191
0 0.9917 0.272 0.0127 0.022
0 0.6113 0.3673 0.0137 0.0249
0 0.5059 0.2229 0.0137 0.0235
0 0.5801 0.2258 0.0137 0.0293
0 0.3882 0.401 0.0127 0.0279
0 0.4126 0.5594 0.0146 0.0249
0 0.4717 0.5191 0.0098 0.0235
0 0.5034 0.5946 0.0088 0.0279
0 0.5708 0.7192 0.0205 0.0367
0 0.5225 0.3636 0.0098 0.0264
0 0.3208 0.4677 0.0186 0.0264
0 0.2119 0.5301 0.0215 0.0337
0 0.2417 0.7507 0.0225 0.044
0 0.2852 0.8409 0.0254 0.0455
0 0.1807 0.4216 0.0176 0.0308
0 0.1123 0.4707 0.0195 0.0264
0 0.1348 0.3966 0.0137 0.0279
0 0.0498 0.4516 0.0156 0.0264
0 0.0381 0.2845 0.0137 0.0264
0 0.0894 0.2023 0.0127 0.0293
0 0.1938 0.2419 0.0146 0.0205
0 0.0601 0.3666 0.0146 0.0235
0 0.4824 0.4978 0.0117 0.0161
0 0.311 0.4157 0.0127 0.0279
0 0.0942 0.283 0.0107 0.0205
