0 0.8081 0.3849 0.04 0.0806
0 0.9248 0.3585 0.0391 0.0777
0 0.9829 0.3372 0.0127 0.0293
0 0.5908 0.2111 0.0527 0.0909
0 0.6475 0.1034 0.0273 0.0513
0 0.4644 0.1862 0.0459 0.0909
0 0.3516 0.1848 0.043 0.0762
0 0.3101 0.1818 0.04 0.0674
0 0.2827 0.1657 0.0342 0.0587
0 0.4253 0.1107 0.0225 0.0425
0 0.3794 0.1019 0.0166 0.0308
0 0.3179 0.088 0.0244 0.0323
0 0.123 0.1173 0.0254 0.0469
0 0.8545 0.0982 0.0234 0.0411
0 0.7998 0.1034 0.0254 0.063
0 0.7041 0.1254 0.0234 0.0601
0 0.7729 0.0205 0.0225 0.0323
0 0.1724 0.6723 0.0596 0.1217
0 0.0923 0.5718 0.0557 0.1056
0 0.2178 0.5242 0.0391 0.0748
0 0.3584 0.6019 0.0469 0.107
0 0.4014 0.7185 0.0371 0.0674
0 0.4028 0.5674 0.0283 0.0557
0 0.2354 0.5059 0.0273 0.0616
0 0.5381 0.5579 0.0273 0.0513
0 0.6372 0.5594 0.0186 0.0367
0 0.6611 0.5007 0.0176 0.0308
0 0.5981 0.5301 0.0146 0.022
0 0.4951 0.5147 0.0137 0.0264
0 0.5259 0.5088 0.0146 0.0264
0 0.689 0.7104 0.0127 0.0279
0 0.7183 0.7493 0.0225 0.0557
0 0.7852 0.7383 0.0234 0.0543
0 0.8667 0.7119 0.0283 0.0543
0 0.8232 0.6664 0.0254 0.0455
0 0.7974 0.6921 0.0146 0.0381
0 0.79 0.684 0.0137 0.0367
0 0.7139 0.673 0.0137 0.0381
0 0.7788 0.6444 0.0088 0.0161
0 0.8354 0.4333 0.0146 0.022
0 0.9497 0.6943 0.0186 0.0425
0 0.937 0.695 0.0146 0.0352
0 0.9507 0.6518 0.0186 0.0337
0 0.749 0.6833 0.0078 0.0176
0 0.9844 0.0117 0.0195 0.0264
0 0.2451 0.1151 0.0176 0.0279
0 0.3906 0.085 0.0176 0.0235
0 0.2354 0.0909 0.0098 0.0323
