0 0.9282 0.6683 0.0146 0.0225
0 0.8779 0.6615 0.0215 0.0288
0 0.8872 0.6252 0.0166 0.0238
0 0.9453 0.627 0.0137 0.02
0 0.938 0.6139 0.0127 0.0263
0 0.9282 0.5876 0.0146 0.0188
0 0.9668 0.5688 0.0117 0.0213
0 0.8628 0.6402 0.0146 0.0188
0 0.8633 0.6126 0.0098 0.0188
0 0.8477 0.6001 0.0176 0.0263
0 0.8081 0.6302 0.0146 0.0263
0 0.79 0.6133 0.0156 0.025
0 0.8057 0.5845 0.0176 0.025
0 0.8706 0.5469 0.0107 0.02
0 0.8545 0.5488 0.0117 0.0213
0 0.8389 0.5701 0.0098 0.0163
0 0.811 0.5219 0.0088 0.0175
0 0.7944 0.5544 0.0127 0.02
0 0.7695 0.5876 0.0137 0.0213
0 0.7886 0.5 0.0068 0.0138
0 0.9834 0.7854 0.0137 0.0263
0 0.9575 0.709 0.0107 0.0188
0 0.7485 0.7028 0.0127 0.0213
0 0.6855 0.6033 0.0117 0.02
0 0.7578 0.5895 0.0098 0.02
0 0.728 0.5889 0.0088 0.0188
0 0.1631 0.5188 0.0098 0.0138
0 0.0215 0.5463 0.0176 0.0238
0 0.6157 0.4424 0.0186 0.0338
0 0.3262 0.229 0.0195 0.0325
0 0.7886 0.6571 0.0068 0.0275
0 0.8335 0.5914 0.0107 0.0188
