0 0.1606 0.5658 0.0205 0.0352
0 0.269 0.5306 0.0205 0.0404
0 0.1855 0.4831 0.0098 0.0156
0 0.3213 0.5306 0.0156 0.0221
0 0.3701 0.5247 0.0098 0.0156
0 0.3584 0.4941 0.0059 0.0091
0 0.5112 0.5951 0.0205 0.0339
0 0.3828 0.5645 0.0195 0.0273
0 0.4438 0.5658 0.0166 0.0273
0 0.4785 0.5462 0.0137 0.0247
0 0.4595 0.5195 0.0127 0.0182
0 0.6255 0.5664 0.0225 0.026
0 0.5967 0.5033 0.0137 0.0221
0 0.5664 0.4661 0.0117 0.0182
0 0.5918 0.4518 0.0117 0.0156
0 0.2573 0.4922 0.0127 0.013
0 0.5103 0.4544 0.0088 0.0104
0 0.5562 0.4733 0.0068 0.0117
0 0.6562 0.5085 0.0117 0.0195
0 0.6455 0.5046 0.0078 0.0117
0 0.5586 0.5521 0.0078 0.0104
0 0.6943 0.5306 0.0117 0.0195
0 0.6196 0.4668 0.0068 0.0091
0 0.6724 0.4668 0.0107 0.0143
0 0.7183 0.515 0.0107 0.0169
0 0.7529 0.4577 0.0156 0.0273
0 0.4199 0.472 0.0078 0.0117
0 0.79 0.6016 0.0215 0.0312
0 0.7397 0.5482 0.0068 0.0104
0 0.8594 0.431 0.0156 0.0286
0 0.895 0.446 0.0146 0.0299
0 0.8027 0.5547 0.0117 0.0182
