0 0.0356 0.3016 0.0166 0.0293
0 0.1318 0.3148 0.0273 0.0527
0 0.1401 0.265 0.0127 0.0351
0 0.1865 0.2936 0.0234 0.0688
0 0.2832 0.2533 0.0156 0.0293
0 0.3052 0.2548 0.0244 0.0703
0 0.4141 0.2943 0.0117 0.0322
0 0.4434 0.2928 0.0078 0.0234
0 0.4492 0.2584 0.0117 0.0278
0 0.4868 0.2357 0.0049 0.0117
0 0.4995 0.2423 0.0068 0.0161
0 0.5322 0.2094 0.0371 0.0849
0 0.6313 0.3023 0.0166 0.0337
0 0.6802 0.3682 0.0088 0.022
0 0.6958 0.366 0.0088 0.0176
0 0.6997 0.2789 0.0068 0.0161
0 0.7124 0.2753 0.0107 0.0234
0 0.7427 0.41 0.0088 0.0117
0 0.7642 0.366 0.0088 0.0234
0 0.7544 0.2489 0.0088 0.0176
0 0.8125 0.2753 0.0078 0.0205
0 0.8579 0.2694 0.0518 0.1113
0 0.9053 0.2657 0.0098 0.019
0 0.9438 0.246 0.0068 0.0117
0 0.939 0.2965 0.0088 0.0161
0 0.9785 0.2672 0.0098 0.0161
0 0.6182 0.2592 0.0117 0.0264
0 0.8154 0.2269 0.0059 0.0117
