0 0.1611 0.4751 0.0488 0.1261
0 0.2168 0.4059 0.0312 0.0728
0 0.1187 0.3561 0.0342 0.0551
0 0.1147 0.397 0.0322 0.0764
0 0.2695 0.4663 0.0508 0.1332
0 0.2617 0.3979 0.0391 0.103
0 0.2402 0.3384 0.0332 0.0622
0 0.3115 0.333 0.0391 0.0764
0 0.3779 0.3579 0.0293 0.0622
0 0.3853 0.2948 0.0225 0.0746
0 0.437 0.4218 0.0479 0.1155
0 0.4131 0.5293 0.0508 0.1421
0 0.4785 0.5337 0.0547 0.1297
0 0.4624 0.3632 0.0439 0.1083
0 0.5156 0.3544 0.041 0.0906
0 0.5537 0.3792 0.0312 0.0835
0 0.6406 0.4485 0.0449 0.1439
0 0.6533 0.3561 0.0371 0.0764
0 0.7764 0.3783 0.043 0.1101
0 0.7622 0.5009 0.0479 0.1243
0 0.7964 0.3162 0.0479 0.0959
0 0.8394 0.3046 0.04 0.1012
0 0.8774 0.5391 0.0537 0.1403
0 0.9443 0.5586 0.0527 0.1403
0 0.9326 0.3659 0.0449 0.1066
0 0.981 0.3597 0.0361 0.0835
0 0.9751 0.4663 0.0459 0.119
0 0.9819 0.6394 0.0342 0.1492
0 0.0073 0.4885 0.0146 0.0817
0 0.7397 0.3437 0.0283 0.0551
0 0.8594 0.4361 0.0469 0.0835
