0 0.6729 0.5482 0.0488 0.0859
0 0.2788 0.584 0.0322 0.0534
0 0.8755 0.7005 0.0166 0.0234
0 0.981 0.6947 0.0146 0.0221
0 0.9746 0.8542 0.0137 0.026
0 0.8013 0.6693 0.0166 0.0234
0 0.7568 0.6126 0.0137 0.0195
0 0.9941 0.7591 0.0098 0.0234
0 0.9868 0.9115 0.0186 0.026
0 0.8706 0.8294 0.0186 0.0312
0 0.8374 0.8346 0.0146 0.026
0 0.189 0.944 0.0615 0.1094
0 0.0112 0.9115 0.0244 0.1406
0 0.0938 0.7188 0.0098 0.0156
0 0.3423 0.7637 0.0146 0.0247
0 0.5435 0.737 0.0107 0.0156
0 0.5 0.7533 0.0137 0.0195
0 0.543 0.7676 0.0098 0.0143
0 0.9341 0.5846 0.0225 0.0495
