0 0.0073 0.3005 0.0146 0.0451
0 0.0283 0.3147 0.0059 0.0166
0 0.022 0.2803 0.0049 0.0143
0 0.0142 0.2696 0.0049 0.0166
0 0.0674 0.291 0.0137 0.0309
0 0.1021 0.2506 0.0127 0.0309
0 0.1279 0.2565 0.0156 0.057
0 0.1987 0.2767 0.0146 0.0451
0 0.2563 0.3029 0.0166 0.0499
0 0.231 0.2993 0.0049 0.019
0 0.2769 0.2803 0.0049 0.0143
0 0.2642 0.2672 0.0049 0.0166
0 0.2915 0.304 0.0107 0.0333
0 0.3169 0.3266 0.0127 0.0356
0 0.3276 0.2625 0.0068 0.0261
0 0.417 0.2827 0.0078 0.0238
0 0.3965 0.2993 0.0059 0.0238
0 0.4102 0.272 0.0059 0.0214
0 0.4414 0.3017 0.0137 0.0333
0 0.4551 0.2815 0.0059 0.0214
0 0.4805 0.3052 0.0098 0.0309
0 0.4932 0.2565 0.0078 0.0285
0 0.5254 0.3088 0.0137 0.038
0 0.543 0.3219 0.0098 0.0309
0 0.5728 0.3207 0.0186 0.057
0 0.603 0.266 0.0068 0.0285
0 0.6143 0.3872 0.0098 0.0285
0 0.6357 0.2874 0.0137 0.038
0 0.6709 0.329 0.0176 0.0736
0 0.6924 0.4216 0.0078 0.0261
0 0.7275 0.2755 0.0078 0.0238
0 0.7217 0.4086 0.0078 0.0285
0 0.7192 0.4513 0.0068 0.019
0 0.7646 0.2613 0.0117 0.0428
0 0.7925 0.4181 0.0088 0.0285
0 0.813 0.4489 0.0068 0.0238
0 0.8398 0.4109 0.0098 0.038
0 0.8374 0.2304 0.0068 0.019
0 0.8657 0.361 0.0107 0.038
0 0.8716 0.2423 0.0088 0.0285
0 0.9116 0.3195 0.0186 0.0594
0 0.937 0.2637 0.0068 0.0238
0 0.957 0.2553 0.0078 0.0261
0 0.9067 0.2328 0.0068 0.0238
0 0.9502 0.4596 0.0098 0.0309
0 0.9766 0.4608 0.0098 0.0333
0 0.9751 0.4204 0.0068 0.0238
0 0.8335 0.2743 0.0068 0.0261
0 0.7935 0.3207 0.0088 0.0238
0 0.7905 0.272 0.0068 0.0214
0 0.5049 0.2767 0.0059 0.0261
0 0.1729 0.2625 0.0098 0.0309
0 0.1572 0.2613 0.0117 0.0333
0 0.2661 0.2945 0.0088 0.0238
0 0.2373 0.2933 0.0078 0.0214
0 0.208 0.2886 0.0098 0.0309
0 0.4077 0.3219 0.0068 0.0261
0 0.4258 0.3171 0.0078 0.0214
0 0.4897 0.3124 0.0068 0.0214
