0 0.7446 0.5397 0.0186 0.0312
0 0.8003 0.5382 0.0166 0.034
0 0.8574 0.5333 0.0156 0.0241
0 0.8716 0.6176 0.0186 0.0312
0 0.8745 0.6785 0.0166 0.034
0 0.813 0.6749 0.0186 0.0326
0 0.7529 0.6834 0.0195 0.0354
0 0.6997 0.6877 0.0186 0.0382
0 0.6426 0.6891 0.0195 0.0354
0 0.5962 0.704 0.0166 0.034
0 0.6313 0.6232 0.0166 0.034
0 0.6934 0.6254 0.0176 0.0326
0 0.7573 0.6246 0.0186 0.034
0 0.8169 0.636 0.0166 0.0312
0 0.6875 0.5446 0.0176 0.0382
0 0.6294 0.5404 0.0186 0.0297
0 0.627 0.4603 0.0176 0.034
0 0.6841 0.4582 0.0166 0.0297
0 0.7397 0.4603 0.0186 0.0312
0 0.7944 0.454 0.0166 0.0269
0 0.8496 0.4554 0.0156 0.0297
0 0.7822 0.3803 0.0156 0.0326
0 0.8423 0.3739 0.0166 0.0312
0 0.9082 0.529 0.0137 0.0269
0 0.9463 0.5127 0.0176 0.0368
0 0.6147 0.3867 0.0186 0.0312
0 0.6758 0.3796 0.0156 0.0368
0 0.606 0.3187 0.0166 0.0312
0 0.6665 0.3187 0.0186 0.034
0 0.7158 0.3102 0.0156 0.034
0 0.77 0.313 0.0166 0.0312
0 0.8379 0.3081 0.0176 0.0326
0 0.8247 0.233 0.0166 0.0297
0 0.7686 0.2394 0.0156 0.0283
0 0.7192 0.2465 0.0186 0.0283
0 0.6616 0.2429 0.0166 0.0297
0 0.6025 0.2493 0.0156 0.0255
0 0.7295 0.3803 0.0156 0.0269
0 0.5518 0.2458 0.0137 0.0241
0 0.5527 0.3194 0.0137 0.0297
0 0.5605 0.3839 0.0156 0.0312
0 0.5698 0.4618 0.0186 0.0255
0 0.5713 0.5446 0.0156 0.0297
0 0.5742 0.6353 0.0176 0.0326
0 0.5449 0.6969 0.0176 0.0368
0 0.5093 0.5467 0.0146 0.034
0 0.5166 0.6303 0.0176 0.0312
0 0.498 0.6962 0.0195 0.0382
0 0.5127 0.4618 0.0195 0.0283
0 0.5029 0.386 0.0156 0.0354
0 0.5049 0.3152 0.0156 0.0297
0 0.4941 0.25 0.0156 0.0354
0 0.4346 0.6912 0.0176 0.0368
0 0.4634 0.6268 0.0146 0.0354
0 0.4492 0.5446 0.0176 0.0326
0 0.4512 0.4568 0.0156 0.0326
0 0.4463 0.386 0.0176 0.0326
0 0.4492 0.3194 0.0156 0.0269
0 0.3916 0.5404 0.0176 0.0326
0 0.3911 0.461 0.0166 0.0297
0 0.3901 0.3754 0.0146 0.0283
0 0.3916 0.3159 0.0137 0.0312
0 0.4443 0.2542 0.0156 0.0326
0 0.395 0.2472 0.0146 0.0326
0 0.335 0.2486 0.0176 0.0241
0 0.3364 0.3173 0.0166 0.0283
0 0.333 0.3867 0.0137 0.0227
0 0.3296 0.454 0.0186 0.0326
0 0.3301 0.5354 0.0176 0.034
0 0.3311 0.6254 0.0176 0.0326
0 0.3984 0.6268 0.0195 0.0354
0 0.3667 0.6785 0.0186 0.034
0 0.3188 0.687 0.0166 0.034
0 0.2676 0.6841 0.0176 0.034
0 0.2666 0.6183 0.0156 0.0354
0 0.2671 0.5361 0.0166 0.0297
0 0.2764 0.4575 0.0156 0.0283
0 0.2769 0.3853 0.0166 0.0283
0 0.2803 0.3159 0.0156 0.0255
0 0.2764 0.2465 0.0156 0.034
0 0.2031 0.6771 0.0176 0.034
0 0.209 0.619 0.0176 0.0312
0 0.209 0.5305 0.0176 0.0326
0 0.2188 0.454 0.0156 0.0269
0 0.2202 0.3839 0.0166 0.0283
0 0.2227 0.3237 0.0156 0.0354
0 0.2275 0.2493 0.0156 0.0255
0 0.1758 0.2373 0.0156 0.0297
0 0.167 0.3109 0.0156 0.0297
0 0.1562 0.3796 0.0156 0.0283
0 0.1484 0.4533 0.0176 0.034
0 0.1445 0.5319 0.0176 0.0326
0 0.0986 0.4752 0.0176 0.0382
0 0.147 0.6246 0.0186 0.0368
0 0.1548 0.6813 0.0186 0.0368
0 0.0996 0.6693 0.0176 0.0354
0 0.0581 0.4915 0.0166 0.034
