0 0.7202 0.2941 0.0283 0.05
0 0.6387 0.3338 0.0215 0.0353
0 0.7451 0.2824 0.0078 0.0176
0 0.7886 0.2713 0.0088 0.0162
0 0.8145 0.3176 0.0234 0.0412
0 0.9014 0.3221 0.0234 0.0382
0 0.8813 0.2324 0.0107 0.0235
0 0.9458 0.2397 0.0146 0.0235
0 0.9556 0.3507 0.0225 0.0368
0 0.9937 0.3713 0.0107 0.0279
0 0.832 0.2904 0.0059 0.0162
0 0.9302 0.2838 0.0107 0.0206
0 0.4189 0.2941 0.0332 0.05
0 0.4424 0.3213 0.0176 0.0279
0 0.3164 0.4059 0.0098 0.0147
0 0.3286 0.4074 0.0088 0.0147
0 0.251 0.2596 0.041 0.0603
0 0.0942 0.3993 0.0127 0.0191
0 0.0552 0.4044 0.0107 0.0176
0 0.0498 0.4015 0.0078 0.0147
0 0.0269 0.4118 0.0068 0.0147
0 0.5645 0.2596 0.0332 0.0632
