0 0.2485 0.978 0.0107 0.0205
0 0.2729 0.9839 0.0107 0.0205
0 0.3589 0.989 0.0088 0.0161
0 0.2988 0.9693 0.0117 0.0234
0 0.3115 0.9253 0.0098 0.0176
0 0.3315 0.9239 0.0088 0.0205
0 0.3525 0.9517 0.0117 0.0205
0 0.3784 0.948 0.0088 0.019
0 0.3691 0.9012 0.0098 0.022
0 0.436 0.9239 0.0107 0.0176
0 0.4771 0.8939 0.0088 0.0161
0 0.4678 0.8851 0.0078 0.0132
0 0.5259 0.8499 0.0088 0.019
0 0.4834 0.8346 0.0098 0.0205
0 0.4385 0.8353 0.0098 0.019
0 0.4297 0.8616 0.0098 0.0161
0 0.5024 0.8141 0.0088 0.0176
0 0.5112 0.8038 0.0088 0.0146
0 0.4365 0.8075 0.0078 0.0161
0 0.4395 0.7884 0.0078 0.0161
0 0.481 0.7848 0.0068 0.0146
0 0.5273 0.7767 0.0078 0.0132
0 0.4766 0.7343 0.0059 0.0132
0 0.5068 0.7269 0.0078 0.0132
0 0.5366 0.7343 0.0068 0.0102
0 0.5542 0.7006 0.0068 0.0132
0 0.543 0.6852 0.0078 0.0117
0 0.5303 0.6786 0.0039 0.0102
0 0.4893 0.7665 0.0059 0.0132
0 0.4585 0.8302 0.0068 0.0146
0 0.5498 0.7914 0.0078 0.0132
0 0.5674 0.6669 0.0059 0.0132
0 0.6782 0.8111 0.0068 0.0176
0 0.7441 0.8009 0.0078 0.0117
0 0.7554 0.7277 0.0068 0.0117
0 0.7993 0.7474 0.0068 0.0102
0 0.9082 0.8133 0.0176 0.0395
0 0.6646 0.6999 0.0068 0.0117
0 0.623 0.6047 0.0059 0.0088
0 0.6753 0.6054 0.0049 0.0102
0 0.688 0.6105 0.0049 0.0088
0 0.6895 0.642 0.0059 0.0102
0 0.6284 0.6574 0.0049 0.0088
0 0.6533 0.6259 0.0059 0.0073
0 0.6514 0.6127 0.0059 0.0102
0 0.6519 0.6618 0.0068 0.0117
0 0.5117 0.9612 0.0098 0.019
0 0.8521 0.634 0.0049 0.0059
0 0.8374 0.5864 0.0049 0.0102
0 0.8867 0.6735 0.0059 0.0088
0 0.9023 0.642 0.0059 0.0102
0 0.9155 0.6889 0.0068 0.0132
0 0.7925 0.6274 0.0049 0.0073
0 0.605 0.7284 0.0049 0.0132
0 0.5747 0.6457 0.0049 0.0088
0 0.7788 0.6633 0.0049 0.0088
0 0.769 0.623 0.0029 0.0073
0 0.7627 0.6142 0.0039 0.0073
0 0.7861 0.59 0.0039 0.0088
0 0.7812 0.5842 0.0039 0.0088
0 0.7871 0.5739 0.0059 0.0117
0 0.7974 0.7101 0.0049 0.0088
0 0.6929 0.5878 0.0049 0.0073
0 0.9766 0.2101 0.0293 0.0542
0 0.9487 0.2035 0.0146 0.0264
0 0.9395 0.2138 0.0137 0.0293
0 0.2559 0.6237 0.0078 0.0117
0 0.252 0.6061 0.0059 0.0117
0 0.1372 0.6266 0.0068 0.0088
0 0.1509 0.6245 0.0068 0.0102
0 0.1196 0.5988 0.0049 0.0059
0 0.1172 0.6113 0.0039 0.0102
0 0.1323 0.5996 0.0049 0.0073
0 0.1411 0.6025 0.0068 0.0102
0 0.1948 0.601 0.0049 0.0073
0 0.1509 0.5739 0.0049 0.0088
0 0.1226 0.5351 0.0049 0.0073
0 0.1338 0.5366 0.0039 0.0073
0 0.1587 0.5439 0.0049 0.0073
0 0.1699 0.5571 0.0059 0.0073
0 0.145 0.5454 0.0029 0.0044
0 0.1851 0.5783 0.0049 0.0059
0 0.2397 0.5842 0.0049 0.0088
0 0.2637 0.5769 0.0059 0.0088
0 0.2085 0.5571 0.0049 0.0102
0 0.2217 0.5454 0.0039 0.0073
0 0.2505 0.5469 0.0049 0.0073
0 0.2383 0.5425 0.0039 0.0073
0 0.228 0.5505 0.0049 0.0088
0 0.1987 0.5322 0.0049 0.0073
0 0.2075 0.5146 0.0049 0.0073
0 0.1445 0.5344 0.0039 0.0059
0 0.1455 0.5212 0.0039 0.0059
0 0.1743 0.5351 0.0049 0.0073
0 0.2808 0.563 0.0029 0.0073
0 0.29 0.5549 0.0039 0.0088
0 0.272 0.552 0.0049 0.0088
0 0.2578 0.5527 0.0059 0.0102
0 0.252 0.5769 0.0059 0.0088
0 0.3008 0.5395 0.0039 0.0073
0 0.2607 0.5066 0.0039 0.0059
0 0.2969 0.6105 0.0059 0.0117
0 0.0171 0.5681 0.0049 0.0088
0 0.0483 0.5886 0.0068 0.0117
0 0.0142 0.6098 0.0068 0.0102
0 0.0029 0.6193 0.0039 0.0117
0 0.0322 0.6413 0.0059 0.0088
0 0.0459 0.6266 0.0059 0.0088
0 0.0283 0.6142 0.0059 0.0102
0 0.0376 0.6376 0.0049 0.0073
0 0.0801 0.6332 0.0059 0.0102
0 0.064 0.6215 0.0049 0.0102
0 0.061 0.6069 0.0049 0.0073
0 0.0679 0.6018 0.0049 0.0088
0 0.0718 0.5805 0.0049 0.0073
0 0.0713 0.5564 0.0039 0.0088
0 0.0923 0.6413 0.0049 0.0088
0 0.0947 0.6318 0.0039 0.0102
0 0.105 0.6376 0.0068 0.0102
0 0.063 0.5264 0.0049 0.0073
0 0.0566 0.5168 0.0039 0.0059
0 0.0186 0.5344 0.0039 0.0088
0 0.0913 0.549 0.0049 0.0059
0 0.085 0.5681 0.0059 0.0088
0 0.1235 0.5864 0.0049 0.0102
0 0.1294 0.5827 0.0049 0.0088
0 0.1729 0.6003 0.0059 0.0088
0 0.1499 0.6018 0.0049 0.0088
0 0.1943 0.552 0.0039 0.0088
0 0.1826 0.4912 0.0039 0.0044
0 0.1914 0.4912 0.0039 0.0044
0 0.25 0.4839 0.0039 0.0073
0 0.2554 0.4817 0.0029 0.0059
0 0.0029 0.6523 0.0078 0.0132
0 0.0044 0.6969 0.0068 0.0117
0 0.0396 0.6742 0.0088 0.0132
0 0.0684 0.6691 0.0059 0.0088
0 0.0845 0.6713 0.0049 0.0073
0 0.2021 0.5805 0.0059 0.0102
0 0.1152 0.6245 0.0059 0.0132
0 0.6431 0.5952 0.0049 0.0102
0 0.2856 0.5344 0.0049 0.0088
0 0.144 0.5608 0.0049 0.0088
