0 0.1152 0.6302 0.0312 0.0469
0 0.2935 0.5924 0.0264 0.0391
0 0.4453 0.5723 0.0312 0.043
0 0.4893 0.627 0.0254 0.0378
0 0.2163 0.528 0.0186 0.0273
0 0.1865 0.5905 0.0195 0.0273
0 0.0493 0.4609 0.0205 0.0312
0 0.2627 0.4551 0.0156 0.0247
0 0.332 0.4831 0.0176 0.026
0 0.4653 0.5319 0.0205 0.0326
0 0.3267 0.4557 0.0146 0.0234
0 0.5361 0.4896 0.0156 0.0182
0 0.5566 0.4479 0.0098 0.013
0 0.6133 0.4518 0.0137 0.0208
0 0.6377 0.4401 0.0059 0.0104
0 0.6025 0.4382 0.0059 0.0091
0 0.5947 0.4479 0.0059 0.0078
0 0.7554 0.5339 0.0244 0.0495
0 0.626 0.6875 0.0254 0.0443
0 0.8535 0.5143 0.0293 0.0286
0 0.957 0.4661 0.0215 0.0365
0 0.9263 0.4479 0.0146 0.0208
0 0.8843 0.6471 0.0166 0.0286
0 0.6807 0.554 0.0176 0.0247
0 0.457 0.4531 0.0059 0.0078
0 0.4224 0.4486 0.0049 0.0117
0 0.6758 0.4707 0.0117 0.0247
0 0.4795 0.4642 0.0117 0.0169
0 0.2529 0.2891 0.0293 0.0391
