0 0.0771 0.3712 0.0195 0.032
0 0.0356 0.3377 0.0186 0.0262
0 0.5303 0.6215 0.0312 0.0553
0 0.3745 0.5262 0.0283 0.048
0 0.2783 0.4578 0.0293 0.0422
0 0.9165 0.5582 0.0303 0.0568
0 0.9365 0.4287 0.0273 0.0393
0 0.812 0.401 0.0244 0.0364
0 0.6919 0.353 0.0205 0.0364
0 0.6016 0.3362 0.0176 0.0262
0 0.5205 0.3282 0.0195 0.0277
0 0.4502 0.2962 0.0195 0.0306
0 0.375 0.2751 0.0156 0.0233
0 0.3101 0.2591 0.0127 0.0204
0 0.2412 0.2329 0.0117 0.0204
0 0.2012 0.2205 0.0117 0.0218
0 0.1558 0.2394 0.0107 0.016
0 0.085 0.23 0.0098 0.0175
0 0.2866 0.2154 0.0107 0.0175
0 0.3691 0.2176 0.0117 0.0189
0 0.6812 0.2132 0.0107 0.0189
0 0.5898 0.214 0.0117 0.0146
0 0.5391 0.2322 0.0117 0.0189
0 0.4458 0.2191 0.0107 0.016
0 0.9922 0.2023 0.0117 0.0204
0 0.8555 0.198 0.0117 0.0175
0 0.7344 0.2154 0.0117 0.0175
