0 0.0767 0.4929 0.0557 0.0648
0 0.1646 0.5212 0.0283 0.0506
0 0.2354 0.5571 0.0273 0.033
0 0.2051 0.5424 0.0117 0.0177
0 0.2798 0.5459 0.0361 0.0577
0 0.4263 0.5289 0.04 0.0589
0 0.377 0.5536 0.0176 0.0188
0 0.4736 0.5412 0.0156 0.0247
0 0.6616 0.5536 0.0068 0.0165
0 0.6855 0.5377 0.0117 0.0177
0 0.6943 0.5577 0.0117 0.02
0 0.7085 0.5777 0.0166 0.0342
0 0.7075 0.6384 0.0146 0.0259
0 0.6753 0.5601 0.0107 0.0177
0 0.7217 0.52 0.0137 0.0224
0 0.7612 0.5442 0.0166 0.0306
0 0.7183 0.5489 0.0107 0.0165
0 0.7803 0.5571 0.0195 0.0306
0 0.8594 0.6343 0.0176 0.0271
0 0.8711 0.5554 0.0176 0.0342
0 0.8379 0.543 0.0176 0.0306
0 0.8032 0.5247 0.0186 0.0318
0 0.9517 0.5524 0.0186 0.0306
0 0.9697 0.5777 0.0117 0.0271
0 0.9883 0.5624 0.0176 0.0294
0 0.9785 0.5312 0.0176 0.0283
0 0.8516 0.48 0.0156 0.0224
0 0.8965 0.4764 0.0137 0.0224
0 0.9629 0.4617 0.0117 0.0188
