0 0.3335 0.1128 0.0146 0.0304
0 0.373 0.1616 0.0137 0.0288
0 0.4038 0.2336 0.0146 0.032
0 0.3999 0.0968 0.0127 0.0272
0 0.3188 0.1056 0.0127 0.0256
0 0.2949 0.1672 0.0156 0.0304
0 0.2725 0.0992 0.0137 0.0288
0 0.2056 0.0936 0.0127 0.0272
0 0.2275 0.1216 0.0137 0.0288
0 0.2124 0.1896 0.0146 0.0304
0 0.3101 0.248 0.0146 0.032
0 0.3569 0.34 0.0186 0.0368
0 0.29 0.34 0.0176 0.0368
0 0.2329 0.336 0.0186 0.0352
0 0.4131 0.1216 0.0137 0.0224
0 0.5874 0.2416 0.0146 0.032
0 0.5342 0.1544 0.0137 0.0272
0 0.5952 0.0984 0.0107 0.0272
0 0.5801 0.1192 0.0137 0.0272
0 0.5376 0.0904 0.0107 0.0208
0 0.4951 0.1176 0.0137 0.0304
0 0.4912 0.2184 0.0156 0.0304
0 0.4502 0.1552 0.0137 0.0288
0 0.4556 0.0928 0.0127 0.0288
0 0.5552 0.3256 0.0166 0.0368
0 0.4907 0.304 0.0186 0.0416
0 0.7681 0.156 0.0146 0.0304
0 0.7393 0.076 0.0117 0.0272
0 0.7246 0.116 0.0117 0.0272
0 0.6973 0.0872 0.0117 0.0272
0 0.6455 0.088 0.0117 0.0288
0 0.6562 0.12 0.0137 0.032
0 0.6938 0.1616 0.0146 0.032
0 0.6821 0.2304 0.0186 0.0384
0 0.6206 0.1512 0.0166 0.0336
0 0.7925 0.412 0.0166 0.0368
0 0.7993 0.3472 0.0166 0.0384
0 0.7373 0.3448 0.0195 0.0368
0 0.7241 0.42 0.0225 0.0464
0 0.6929 0.4672 0.0186 0.0416
0 0.6313 0.4384 0.0186 0.0448
0 0.6777 0.3368 0.0176 0.0368
0 0.6182 0.3248 0.0195 0.0384
0 0.8989 0.4808 0.0264 0.0528
0 0.1133 0.4472 0.0195 0.04
0 0.1167 0.5392 0.0244 0.0512
0 0.1909 0.4248 0.0225 0.0464
0 0.3013 0.4664 0.0225 0.0464
0 0.2715 0.4152 0.0215 0.0432
0 0.1724 0.356 0.0166 0.0368
0 0.4268 0.3328 0.0176 0.0416
0 0.5288 0.4296 0.0166 0.04
0 0.4766 0.472 0.0215 0.0448
0 0.4399 0.4048 0.0166 0.0384
0 0.3936 0.504 0.0215 0.048
0 0.3584 0.432 0.0176 0.0384
0 0.5737 0.4824 0.0225 0.0464
0 0.2935 0.2456 0.0127 0.0272
