0 0.248 0.6237 0.0254 0.0527
0 0.2988 0.6303 0.0117 0.022
0 0.1533 0.7225 0.0117 0.0249
0 0.105 0.6559 0.0127 0.0234
0 0.1201 0.746 0.0156 0.0278
0 0.063 0.735 0.0146 0.0293
0 0.0317 0.7299 0.0146 0.0278
0 0.3242 0.7482 0.0137 0.0234
0 0.3232 0.7204 0.0117 0.0234
0 0.3569 0.7211 0.0127 0.0307
0 0.3887 0.754 0.0137 0.0264
0 0.374 0.7357 0.0117 0.0249
0 0.4263 0.7467 0.0127 0.0234
0 0.4717 0.5922 0.0332 0.0805
0 0.582 0.6318 0.0273 0.0659
0 0.7793 0.5988 0.0391 0.0791
0 0.7944 0.5351 0.0107 0.022
0 0.7505 0.5791 0.0088 0.019
0 0.7378 0.5615 0.0107 0.022
0 0.6973 0.5512 0.0098 0.019
0 0.6909 0.5307 0.0107 0.0249
0 0.6484 0.5425 0.0098 0.019
0 0.979 0.5578 0.0146 0.0264
0 0.9609 0.5549 0.0117 0.0264
0 0.8652 0.6047 0.0293 0.0644
0 0.98 0.2592 0.0088 0.0176
0 0.9966 0.2496 0.0049 0.0161
0 0.9604 0.2548 0.0068 0.0146
0 0.9243 0.2592 0.0088 0.0176
0 0.9609 0.2262 0.0078 0.0161
0 0.9204 0.2086 0.0107 0.019
0 0.8896 0.2262 0.0078 0.0161
0 0.8623 0.2401 0.0078 0.0146
0 0.8467 0.2204 0.0098 0.0161
0 0.832 0.2408 0.0098 0.0161
0 0.8135 0.2101 0.0098 0.0161
0 0.7983 0.1969 0.0068 0.0132
0 0.8232 0.175 0.0098 0.0161
0 0.8535 0.1662 0.0078 0.0132
0 0.8687 0.1816 0.0068 0.0146
0 0.9058 0.1698 0.0088 0.0176
0 0.9448 0.194 0.0088 0.0161
0 0.9771 0.1896 0.0068 0.0161
0 0.9956 0.2138 0.0068 0.0176
0 0.7397 0.224 0.0088 0.0176
0 0.7446 0.205 0.0068 0.0146
0 0.7422 0.1794 0.0078 0.0161
0 0.7646 0.1764 0.0078 0.0161
0 0.7881 0.153 0.0078 0.0161
0 0.7129 0.1911 0.0078 0.0161
0 0.6792 0.2116 0.0088 0.0161
0 0.6475 0.2204 0.0078 0.0132
0 0.6768 0.1867 0.0078 0.0161
0 0.6475 0.1779 0.0098 0.0161
0 0.625 0.1859 0.0098 0.0176
0 0.6191 0.2255 0.0078 0.0146
0 0.7021 0.2548 0.0078 0.0146
0 0.771 0.1303 0.0088 0.0176
0 0.8213 0.1479 0.0098 0.0176
0 0.874 0.1413 0.0078 0.0132
0 0.9175 0.1493 0.0088 0.0176
0 0.9453 0.1384 0.0059 0.0132
0 0.9365 0.1274 0.0078 0.0146
0 0.959 0.1449 0.0059 0.0146
0 0.9556 0.1728 0.0068 0.0117
0 0.9082 0.1208 0.0078 0.0161
0 0.8862 0.1098 0.0088 0.0176
0 0.8569 0.1149 0.0068 0.0161
0 0.8262 0.1083 0.0078 0.0146
0 0.8018 0.1332 0.0078 0.0146
0 0.7104 0.1552 0.0088 0.0176
0 0.6943 0.1398 0.0078 0.0132
0 0.6748 0.1581 0.0078 0.0146
0 0.6606 0.1435 0.0068 0.0146
0 0.6309 0.1479 0.0078 0.0146
0 0.6489 0.0988 0.0088 0.0161
0 0.6797 0.0915 0.0098 0.0161
0 0.6938 0.1054 0.0088 0.0176
0 0.7349 0.1083 0.0068 0.0146
0 0.7441 0.1113 0.0059 0.0117
0 0.7979 0.1186 0.0078 0.0146
0 0.7915 0.0922 0.0068 0.0146
0 0.9722 0.142 0.0068 0.0117
0 0.9551 0.1237 0.0059 0.0132
0 0.9639 0.101 0.0078 0.0146
0 0.9238 0.0849 0.0078 0.0146
0 0.8179 0.0827 0.0068 0.0161
0 0.7622 0.0981 0.0088 0.0176
0 0.7261 0.0857 0.0088 0.0161
0 0.7075 0.112 0.0068 0.0132
0 0.9639 0.0754 0.0078 0.0161
0 0.8838 0.0805 0.0078 0.0146
0 0.6909 0.0695 0.0068 0.0161
0 0.7261 0.0593 0.0068 0.0132
0 0.7583 0.0688 0.0088 0.0146
0 0.7861 0.071 0.0059 0.0132
0 0.8413 0.0359 0.0068 0.0132
0 0.8735 0.0512 0.0068 0.0146
0 0.9375 0.0542 0.0078 0.0146
0 0.916 0.0615 0.0078 0.0146
0 0.9463 0.0286 0.0078 0.0161
0 0.9707 0.0161 0.0078 0.0146
0 0.8682 0.0205 0.0078 0.0146
0 0.7803 0.03 0.0098 0.0161
0 0.8052 0.0264 0.0068 0.0146
0 0.7515 0.0256 0.0088 0.0161
0 0.7231 0.019 0.0068 0.0146
0 0.6968 0.041 0.0088 0.0146
0 0.6011 0.2394 0.0068 0.0132
0 0.5952 0.2321 0.0068 0.0161
0 0.5938 0.1881 0.0059 0.0132
0 0.585 0.1874 0.0059 0.0117
0 0.6064 0.1676 0.0078 0.0161
0 0.5986 0.1406 0.0078 0.0146
0 0.6025 0.1127 0.0059 0.0117
0 0.623 0.1061 0.0078 0.0132
0 0.6528 0.0498 0.0068 0.0146
0 0.6675 0.0351 0.0068 0.0146
0 0.667 0.0234 0.0059 0.0117
0 0.8433 0.0081 0.0068 0.0132
0 0.8955 0.0183 0.0078 0.0161
0 0.8564 0.0703 0.0059 0.0117
0 0.6274 0.0769 0.0068 0.0132
0 0.6211 0.0652 0.0059 0.0132
0 0.5894 0.0805 0.0068 0.0146
0 0.5464 0.1061 0.0068 0.0132
0 0.5083 0.112 0.0088 0.0161
0 0.4814 0.112 0.0059 0.0132
0 0.5151 0.0293 0.0068 0.0176
0 0.5015 0.0498 0.0068 0.0146
0 0.5806 0.0293 0.0068 0.0146
0 0.6118 0.0344 0.0068 0.0132
0 0.6436 0.0307 0.0059 0.0117
0 0.5874 0.0168 0.0068 0.0132
0 0.6099 0.0044 0.0068 0.0117
0 0.4639 0.1288 0.0078 0.0146
0 0.5044 0.1479 0.0049 0.0117
0 0.3955 0.1391 0.0078 0.0146
0 0.4282 0.1384 0.0068 0.0132
0 0.4224 0.1149 0.0088 0.0161
0 0.3672 0.1186 0.0078 0.0146
0 0.3823 0.0996 0.0068 0.0146
0 0.3745 0.0944 0.0068 0.0132
0 0.3618 0.1545 0.0068 0.0132
0 0.3848 0.1603 0.0078 0.0132
0 0.3335 0.153 0.0068 0.0132
0 0.3438 0.1135 0.0078 0.0132
0 0.3228 0.1091 0.0068 0.0132
0 0.3052 0.1406 0.0068 0.0117
0 0.2759 0.1281 0.0068 0.0161
0 0.291 0.1149 0.0078 0.0161
0 0.2295 0.1633 0.0078 0.0161
0 0.2852 0.1618 0.0078 0.0161
0 0.3105 0.1611 0.0059 0.0117
0 0.2607 0.104 0.0078 0.0146
0 0.2373 0.1362 0.0078 0.0146
0 0.2329 0.1149 0.0068 0.0132
0 0.2109 0.134 0.0078 0.0132
0 0.2012 0.1047 0.0078 0.0132
0 0.231 0.0732 0.0068 0.0146
0 0.4712 0.0469 0.0088 0.0146
0 0.4541 0.049 0.0059 0.0132
0 0.4448 0.0461 0.0068 0.0132
0 0.4297 0.0608 0.0059 0.0132
0 0.4751 0.0966 0.0068 0.0146
0 0.4482 0.1179 0.0078 0.0161
0 0.3838 0.0264 0.0078 0.0176
0 0.3931 0.0183 0.0068 0.0132
0 0.3521 0.0315 0.0088 0.0161
0 0.311 0.0425 0.0088 0.0146
0 0.3193 0.0176 0.0078 0.0146
0 0.4209 0.0073 0.0059 0.0146
0 0.4502 0.011 0.0059 0.0132
0 0.1792 0.1654 0.0088 0.0176
0 0.1733 0.1384 0.0088 0.0161
0 0.1665 0.1083 0.0068 0.0146
0 0.1445 0.1611 0.0098 0.0176
0 0.1255 0.1537 0.0088 0.0146
0 0.1362 0.1274 0.0068 0.0176
0 0.0972 0.1215 0.0068 0.0117
0 0.0732 0.123 0.0078 0.0176
0 0.0425 0.1596 0.0088 0.0176
0 0.0552 0.1288 0.0068 0.0117
0 0.043 0.1157 0.0078 0.0176
0 0.0083 0.1332 0.0068 0.0146
0 0.022 0.1245 0.0068 0.0146
0 0.0117 0.1654 0.0078 0.0146
0 0.0547 0.0681 0.0078 0.0132
0 0.0898 0.0417 0.0078 0.0161
0 0.1191 0.0264 0.0078 0.0146
0 0.1514 0.0242 0.0078 0.0161
0 0.1353 0.0659 0.0068 0.0146
0 0.1592 0.0425 0.0078 0.0146
0 0.0811 0.019 0.0078 0.0176
0 0.0684 0.0461 0.0078 0.0161
0 0.0454 0.0139 0.0068 0.0132
0 0.0249 0.0139 0.0068 0.0132
0 0.0908 0.0073 0.0059 0.0117
0 0.1221 0.0044 0.0078 0.0117
0 0.1011 0.0373 0.0068 0.0132
0 0.1895 0.0454 0.0078 0.0117
0 0.7842 0.2291 0.0078 0.0132
0 0.7949 0.246 0.0098 0.0146
0 0.7119 0.2269 0.0078 0.0146
0 0.6719 0.1237 0.0078 0.0161
0 0.6602 0.0739 0.0078 0.0132
0 0.7544 0.0425 0.0068 0.0117
0 0.8281 0.0915 0.0059 0.0132
0 0.8076 0.0461 0.0078 0.0132
0 0.9951 0.071 0.0078 0.0161
0 0.8838 0.1662 0.0098 0.019
0 0.418 0.0234 0.0059 0.0117
0 0.5396 0.0527 0.0068 0.0146
0 0.5518 0.0578 0.0078 0.0161
0 0.2593 0.1552 0.0088 0.0146
0 0.0962 0.1596 0.0088 0.0176
0 0.0361 0.0425 0.0078 0.0146
0 0.0098 0.0198 0.0059 0.0132
0 0.0171 0.0425 0.0068 0.0117
0 0.1055 0.1266 0.0059 0.0132
0 0.4634 0.1061 0.0068 0.0132
0 0.7417 0.1354 0.0107 0.022
