0 0.8867 0.4383 0.0156 0.0221
0 0.9292 0.4253 0.0127 0.0195
0 0.9761 0.3994 0.0146 0.0221
0 0.9873 0.3812 0.0117 0.0169
0 0.813 0.4039 0.0127 0.0182
0 0.8267 0.3838 0.0146 0.0195
0 0.7764 0.3909 0.0156 0.026
0 0.7417 0.4162 0.0166 0.0247
0 0.7065 0.4357 0.0186 0.0247
0 0.6714 0.4052 0.0107 0.0208
0 0.6343 0.4097 0.0146 0.0221
0 0.6426 0.3481 0.0098 0.013
0 0.6597 0.3851 0.0107 0.0143
0 0.6455 0.3896 0.0098 0.013
0 0.5864 0.4578 0.0146 0.0195
0 0.5347 0.4455 0.0166 0.026
0 0.4243 0.5214 0.0225 0.0273
0 0.5049 0.4149 0.0137 0.0247
0 0.4165 0.426 0.0146 0.0208
0 0.4424 0.4351 0.0137 0.0208
0 0.4585 0.3766 0.0107 0.0156
0 0.4995 0.376 0.0107 0.0143
0 0.5352 0.3604 0.0117 0.0169
0 0.5796 0.3442 0.0088 0.0156
0 0.604 0.3961 0.0146 0.0208
0 0.4688 0.3597 0.0098 0.013
0 0.4165 0.363 0.0107 0.0169
0 0.4272 0.3851 0.0127 0.0169
0 0.3809 0.3916 0.0117 0.0169
0 0.3911 0.3701 0.0088 0.0156
0 0.0449 0.4409 0.0156 0.0195
0 0.0977 0.4961 0.0137 0.026
0 0.1436 0.437 0.0137 0.0247
0 0.1963 0.4468 0.0156 0.0208
0 0.186 0.3877 0.0088 0.0143
0 0.2383 0.4188 0.0098 0.0169
0 0.2715 0.4286 0.0117 0.0182
0 0.2847 0.3929 0.0107 0.0195
0 0.3335 0.3922 0.0107 0.0182
0 0.3477 0.4545 0.0156 0.026
0 0.8472 0.4942 0.0186 0.0299
