0 0.1006 0.8397 0.0059 0.0102
0 0.0337 0.8272 0.0068 0.0088
0 0.0122 0.8192 0.0068 0.0102
0 0.0225 0.8214 0.0078 0.0146
0 0.0103 0.8382 0.0068 0.0102
0 0.082 0.8441 0.0059 0.0102
0 0.0869 0.8258 0.0039 0.0088
0 0.1157 0.8353 0.0049 0.0073
0 0.1401 0.8499 0.0049 0.0102
0 0.1279 0.8477 0.0059 0.0117
0 0.1553 0.8521 0.0059 0.0117
0 0.1694 0.8529 0.0049 0.0102
0 0.1387 0.8346 0.0059 0.0117
0 0.1665 0.8243 0.0049 0.0088
0 0.2095 0.8184 0.0049 0.0088
0 0.1992 0.806 0.0059 0.0102
0 0.2427 0.8477 0.0049 0.0088
0 0.2617 0.8375 0.0059 0.0088
0 0.2793 0.8236 0.0078 0.0132
0 0.2959 0.8433 0.0059 0.0117
0 0.3232 0.8448 0.0039 0.0088
0 0.333 0.8485 0.0059 0.0102
0 0.3472 0.8184 0.0068 0.0117
0 0.3608 0.8111 0.0068 0.0117
0 0.4199 0.8331 0.0059 0.0117
0 0.4399 0.8236 0.0049 0.0102
0 0.4297 0.8346 0.0039 0.0088
0 0.4888 0.7862 0.0088 0.0146
0 0.5742 0.8199 0.0059 0.0117
0 0.6035 0.8075 0.0078 0.0132
0 0.5225 0.8089 0.0078 0.0132
0 0.6382 0.806 0.0088 0.0132
0 0.6665 0.8082 0.0068 0.0117
0 0.5449 0.8419 0.0059 0.0088
0 0.5073 0.8463 0.0049 0.0088
0 0.7241 0.825 0.0068 0.0132
0 0.7476 0.8309 0.0049 0.0102
0 0.7676 0.8338 0.0059 0.0102
0 0.793 0.8294 0.0039 0.0073
0 0.7822 0.8426 0.0039 0.0073
0 0.6938 0.828 0.0049 0.0073
0 0.8164 0.8411 0.0039 0.0073
0 0.8271 0.8367 0.0039 0.0073
0 0.8369 0.8441 0.0039 0.0073
0 0.8677 0.8382 0.0049 0.0073
0 0.8594 0.8485 0.0039 0.0073
0 0.8906 0.8507 0.0039 0.0059
0 0.8101 0.8404 0.0049 0.0088
