0 0.0537 0.0725 0.0664 0.1245
0 0.0649 0.2613 0.0654 0.1479
0 0.1768 0.1208 0.0625 0.1157
0 0.2539 0.1398 0.0625 0.1332
0 0.1421 0.4531 0.0732 0.1303
0 0.2617 0.3075 0.0781 0.1376
0 0.4229 0.2086 0.0684 0.1215
0 0.4668 0.3792 0.0762 0.1406
0 0.624 0.4319 0.0723 0.1376
0 0.5566 0.2504 0.0703 0.1054
0 0.4531 0.0425 0.0762 0.0878
0 0.5381 0.0571 0.0625 0.1171
0 0.6836 0.101 0.0684 0.123
0 0.7705 0.1281 0.0703 0.1186
0 0.7427 0.2987 0.0674 0.1259
0 0.9048 0.1735 0.0654 0.1215
0 0.8887 0.0659 0.0566 0.1171
0 0.9854 0.0512 0.0273 0.1054
0 0.9756 0.3053 0.0469 0.1567
