0 0.0176 0.7495 0.0156 0.0147
0 0.0386 0.7385 0.0146 0.0176
0 0.0298 0.726 0.0146 0.0117
0 0.0688 0.7201 0.0127 0.0147
0 0.0894 0.7256 0.0107 0.0095
0 0.1064 0.7399 0.0137 0.0117
0 0.1118 0.7183 0.0107 0.0095
0 0.1382 0.7355 0.0107 0.0117
0 0.1582 0.7348 0.0117 0.0147
0 0.1348 0.7095 0.0117 0.0095
0 0.0264 0.6974 0.0156 0.0117
0 0.0083 0.7029 0.0107 0.011
0 0.1963 0.7044 0.0098 0.0081
0 0.1694 0.7212 0.0107 0.0095
0 0.189 0.7392 0.0186 0.0205
0 0.23 0.7286 0.0127 0.0139
0 0.2578 0.7333 0.0117 0.0117
0 0.2666 0.7473 0.0078 0.0103
0 0.2847 0.7421 0.0088 0.0117
0 0.3081 0.7557 0.0068 0.0081
0 0.3164 0.7725 0.0098 0.0125
0 0.2749 0.7637 0.0068 0.0081
0 0.2314 0.7527 0.0078 0.011
0 0.3057 0.733 0.0059 0.0051
0 0.2896 0.7326 0.0029 0.0029
0 0.3252 0.7341 0.0059 0.0059
0 0.3398 0.7377 0.0078 0.0059
0 0.355 0.7421 0.0049 0.0059
0 0.3643 0.741 0.0078 0.0066
0 0.3755 0.7447 0.0068 0.0066
0 0.4038 0.7473 0.0068 0.0059
0 0.4224 0.7429 0.0068 0.0059
0 0.4507 0.748 0.0068 0.0059
0 0.4448 0.7407 0.0068 0.0073
0 0.397 0.741 0.0049 0.0051
0 0.376 0.7352 0.0059 0.0051
0 0.501 0.7454 0.0098 0.0095
0 0.5254 0.7531 0.0078 0.0073
0 0.5396 0.7498 0.0049 0.0066
0 0.5522 0.7451 0.0049 0.0073
0 0.5688 0.744 0.0049 0.0066
0 0.5815 0.7469 0.0029 0.0066
0 0.5996 0.7524 0.0059 0.0073
0 0.6235 0.7476 0.0068 0.0051
0 0.6421 0.7535 0.0029 0.0037
0 0.6909 0.7582 0.0068 0.0073
0 0.6982 0.7538 0.0059 0.0059
0 0.7329 0.7582 0.0049 0.0059
0 0.7759 0.7718 0.0107 0.0154
0 0.8018 0.7736 0.0098 0.0117
0 0.8013 0.756 0.0088 0.0088
0 0.8237 0.7619 0.0088 0.0073
0 0.8682 0.7795 0.0098 0.0073
0 0.8696 0.7681 0.0068 0.0066
0 0.8438 0.767 0.0059 0.0073
0 0.9268 0.77 0.0078 0.0073
0 0.8975 0.7689 0.0059 0.0037
0 0.9116 0.7758 0.0068 0.0044
0 0.896 0.7634 0.0068 0.0059
0 0.8457 0.7579 0.0059 0.0051
0 0.8296 0.7549 0.0049 0.0051
0 0.9399 0.7707 0.0029 0.0029
0 0.9175 0.7634 0.0049 0.0029
0 0.6616 0.7524 0.0068 0.0088
0 0.75 0.7608 0.0059 0.0066
0 0.9756 0.7714 0.0059 0.0073
0 0.9824 0.778 0.0039 0.0044
0 0.9956 0.7722 0.0049 0.0059
0 0.2139 0.7374 0.0098 0.0168
