0 0.7427 0.4062 0.0283 0.0469
0 0.606 0.3644 0.0342 0.0572
0 0.6401 0.4106 0.0264 0.0528
0 0.3574 0.3776 0.0293 0.0513
0 0.2886 0.39 0.0303 0.0557
0 0.311 0.3805 0.0225 0.0513
0 0.1968 0.3724 0.0283 0.0469
0 0.4565 0.3592 0.0225 0.044
0 0.4766 0.36 0.0273 0.0455
0 0.5732 0.3739 0.0293 0.0499
0 0.5596 0.3724 0.0215 0.0381
0 0.7153 0.3732 0.0264 0.0455
0 0.0356 0.2559 0.0107 0.0191
0 0.0601 0.2522 0.0088 0.0205
0 0.085 0.2522 0.0098 0.0176
0 0.1104 0.2537 0.0098 0.0147
0 0.1333 0.2537 0.0088 0.0147
0 0.1602 0.2236 0.0117 0.0191
0 0.2158 0.2397 0.0078 0.0161
0 0.2573 0.2221 0.0088 0.0132
0 0.2861 0.2133 0.0098 0.0161
0 0.2383 0.2317 0.0098 0.0205
0 0.207 0.2177 0.0117 0.022
0 0.1113 0.2375 0.0117 0.0235
0 0.0874 0.2185 0.0127 0.0235
0 0.0596 0.2265 0.0098 0.0191
0 0.0283 0.2192 0.0098 0.0191
0 0.0142 0.1921 0.0107 0.0235
0 0.0352 0.1928 0.0098 0.0191
0 0.1025 0.1826 0.0098 0.0191
0 0.1123 0.2141 0.0117 0.0117
0 0.2202 0.195 0.0088 0.0205
0 0.1367 0.1613 0.0078 0.0117
0 0.041 0.1576 0.0098 0.0191
0 0.0156 0.1598 0.0117 0.0205
0 0.2031 0.1283 0.0078 0.0132
0 0.2373 0.1371 0.0078 0.0132
0 0.1841 0.1268 0.0068 0.0132
0 0.1567 0.1833 0.0088 0.0176
0 0.2007 0.1899 0.0127 0.022
0 0.1157 0.1239 0.0088 0.0161
0 0.0952 0.129 0.0068 0.0147
0 0.3989 0.3446 0.0303 0.0528
0 0.7793 0.3541 0.0078 0.0161
0 0.8164 0.3526 0.0078 0.0161
0 0.8418 0.3732 0.0098 0.0191
0 0.8911 0.3541 0.0049 0.0103
0 0.9312 0.3827 0.0088 0.0147
0 0.8721 0.3101 0.0078 0.0161
0 0.8525 0.3013 0.0098 0.0161
0 0.8237 0.3182 0.0068 0.0147
0 0.8066 0.2977 0.0078 0.0117
0 0.791 0.2786 0.0078 0.0147
0 0.7656 0.2764 0.0078 0.0161
0 0.1118 0.1591 0.0107 0.0191
0 0.1265 0.0792 0.0088 0.0176
0 0.1602 0.0733 0.0078 0.0147
0 0.1914 0.0799 0.0078 0.0132
0 0.2227 0.0711 0.0078 0.0161
0 0.0273 0.1004 0.0078 0.0161
0 0.9575 0.3145 0.0088 0.0191
0 0.9653 0.2969 0.0068 0.0103
0 0.9541 0.2786 0.0098 0.0205
0 0.9507 0.349 0.0107 0.0176
0 0.9248 0.3446 0.0078 0.0147
0 0.9873 0.3174 0.0078 0.0161
0 0.957 0.2522 0.0078 0.0176
0 0.9106 0.2529 0.0088 0.0161
0 0.8979 0.2368 0.0088 0.0161
0 0.9238 0.2111 0.0078 0.0147
0 0.9556 0.2141 0.0068 0.0147
0 0.9717 0.2353 0.0059 0.0132
0 0.98 0.2551 0.0068 0.0205
0 0.9204 0.0264 0.0068 0.0117
0 0.8887 0.0213 0.0098 0.0103
0 0.917 0.0726 0.0059 0.0132
0 0.7739 0.0894 0.0088 0.0147
0 0.748 0.0733 0.0098 0.0147
0 0.7437 0.0447 0.0107 0.0161
0 0.7578 0.0059 0.0098 0.0147
0 0.7837 0.0323 0.0088 0.0117
0 0.8398 0.0374 0.0098 0.0161
0 0.9399 0.0081 0.0068 0.0161
0 0.8638 0.0242 0.0107 0.0161
0 0.7998 0.0638 0.0078 0.0132
0 0.8008 0.0396 0.0098 0.0176
0 0.7393 0.0183 0.0078 0.0191
0 0.8325 0.0125 0.0107 0.0191
0 0.959 0.3519 0.0098 0.0205
0 0.5342 0.1056 0.0078 0.0176
0 0.4409 0.0301 0.0088 0.0191
0 0.416 0.0213 0.0059 0.0103
0 0.5293 0.0044 0.0078 0.0117
0 0.5728 0.0623 0.0088 0.0132
0 0.5986 0.0674 0.0078 0.0147
0 0.6284 0.0462 0.0068 0.0161
0 0.562 0.099 0.0088 0.0132
0 0.4985 0.1437 0.0068 0.0117
0 0.4697 0.1298 0.0098 0.0132
0 0.4312 0.1334 0.0068 0.0117
0 0.4736 0.0601 0.0078 0.0147
0 0.4883 0.055 0.0098 0.0191
0 0.5107 0.0594 0.0098 0.0191
0 0.5073 0.0828 0.0068 0.0132
0 0.4946 0.0828 0.0088 0.0132
0 0.3154 0.2874 0.0098 0.0176
0 0.2402 0.3328 0.0098 0.0176
0 0.2852 0.324 0.0078 0.0176
0 0.2583 0.2896 0.0088 0.0191
0 0.3188 0.3299 0.0088 0.0147
0 0.1094 0.3255 0.0098 0.0147
0 0.0356 0.3519 0.0088 0.0176
0 0.0293 0.3255 0.0098 0.0176
0 0.0659 0.3585 0.0088 0.0132
0 0.1694 0.3138 0.0107 0.0176
0 0.0078 0.2544 0.0117 0.0191
0 0.0674 0.1979 0.0117 0.0176
0 0.0493 0.0953 0.0088 0.0147
0 0.0024 0.0374 0.0068 0.0132
0 0.0239 0.0367 0.0088 0.0147
0 0.0225 0.0762 0.0078 0.0147
0 0.0913 0.0345 0.0068 0.0132
0 0.1201 0.0411 0.0078 0.0147
0 0.1396 0.0359 0.0078 0.0132
0 0.1626 0.0374 0.0088 0.0132
0 0.2144 0.0447 0.0068 0.0132
0 0.188 0.022 0.0088 0.0147
0 0.2139 0.0242 0.0059 0.0132
0 0.2393 0.0044 0.0078 0.0117
0 0.2158 0.0029 0.0078 0.0088
0 0.1514 0.0132 0.0078 0.0117
0 0.1318 0.0147 0.0059 0.0117
0 0.1064 0.0139 0.0059 0.0103
0 0.0796 0.0095 0.0068 0.0132
0 0.0557 0.0125 0.0078 0.0132
0 0.9277 0.3035 0.0098 0.0176
0 0.9429 0.2977 0.0068 0.0147
0 0.8999 0.3226 0.0107 0.0147
0 0.8457 0.2346 0.0098 0.0176
0 0.7852 0.3167 0.0078 0.0147
0 0.79 0.3028 0.0078 0.0161
0 0.875 0.2368 0.0098 0.0191
0 0.751 0.1855 0.0098 0.0161
0 0.0957 0.0594 0.0098 0.0191
0 0.0679 0.0733 0.0088 0.0205
0 0.0435 0.063 0.0107 0.0176
0 0.1475 0.0594 0.0098 0.0161
0 0.7603 0.1378 0.0068 0.0117
0 0.7559 0.165 0.0078 0.0161
0 0.7964 0.1745 0.0088 0.0117
0 0.8208 0.1906 0.0068 0.0147
0 0.8687 0.1701 0.0068 0.0147
0 0.8379 0.1503 0.0078 0.0103
0 0.8794 0.063 0.0068 0.0147
0 0.8652 0.0455 0.0098 0.0117
0 0.8574 0.1085 0.0078 0.0176
0 0.9126 0.1107 0.0068 0.0132
0 0.8936 0.1078 0.0078 0.0103
0 0.9429 0.1092 0.0068 0.0161
0 0.9424 0.0887 0.0078 0.0132
0 0.9639 0.085 0.0059 0.0117
0 0.9883 0.088 0.0078 0.0147
0 0.9565 0.0477 0.0068 0.0132
0 0.9629 0.0235 0.0078 0.0147
0 0.9805 0.0205 0.0078 0.0147
0 0.9258 0.0359 0.0078 0.0132
0 0.0244 0.0139 0.0078 0.0132
0 0.1162 0.0037 0.0078 0.0103
0 0.165 0.0037 0.0059 0.0103
0 0.1343 0.2075 0.0088 0.0191
0 0.209 0.1488 0.0078 0.0132
0 0.1724 0.173 0.0088 0.0176
0 0.1909 0.0587 0.0088 0.0147
0 0.7773 0.2588 0.0078 0.0132
0 0.8022 0.2573 0.0068 0.0161
0 0.8423 0.2764 0.0088 0.0191
0 0.8672 0.2735 0.0078 0.0191
0 0.8794 0.2962 0.0088 0.0176
0 0.9082 0.2933 0.0098 0.0176
0 0.8022 0.1444 0.0068 0.0132
