0 0.9082 0.6575 0.0195 0.0455
0 0.8599 0.5625 0.0166 0.0406
0 0.9126 0.487 0.0166 0.0357
0 0.9048 0.418 0.0146 0.0341
0 0.8911 0.3417 0.0146 0.0373
0 0.8848 0.2752 0.0156 0.0308
0 0.8696 0.2078 0.0146 0.0325
0 0.8325 0.2679 0.0166 0.0357
0 0.8384 0.3369 0.0146 0.0308
0 0.8428 0.4148 0.0156 0.0308
0 0.856 0.4886 0.0166 0.0292
0 0.8398 0.6494 0.0176 0.039
0 0.7769 0.6453 0.0186 0.0373
0 0.8008 0.5722 0.0176 0.0373
0 0.8125 0.4919 0.0156 0.0357
0 0.7886 0.4002 0.0186 0.0373
0 0.7886 0.3287 0.0146 0.0308
0 0.7827 0.2151 0.0166 0.0308
0 0.7461 0.263 0.0156 0.0325
0 0.7402 0.3214 0.0156 0.0357
0 0.7227 0.4058 0.0156 0.0357
0 0.75 0.4951 0.0156 0.0357
0 0.7437 0.5649 0.0166 0.0357
0 0.7202 0.6364 0.0186 0.0357
0 0.6646 0.638 0.0166 0.0357
0 0.6069 0.6347 0.0186 0.0422
0 0.6343 0.5885 0.0166 0.0341
0 0.6875 0.5739 0.0156 0.0406
0 0.6904 0.4935 0.0176 0.0357
0 0.6299 0.487 0.0156 0.0357
0 0.585 0.4083 0.0156 0.0373
0 0.6533 0.3709 0.0176 0.0373
0 0.6792 0.3036 0.0146 0.0357
0 0.6304 0.2865 0.0146 0.0308
0 0.5859 0.2768 0.0156 0.0373
0 0.7026 0.2646 0.0146 0.0325
0 0.6743 0.2005 0.0146 0.0276
0 0.5942 0.1859 0.0146 0.0308
0 0.5039 0.4643 0.0176 0.026
0 0.5679 0.483 0.0166 0.0373
0 0.5698 0.5674 0.0127 0.0308
0 0.5498 0.6372 0.0195 0.0373
0 0.4937 0.6583 0.0186 0.0406
0 0.4404 0.6477 0.0176 0.039
0 0.3838 0.6266 0.0176 0.0455
0 0.3213 0.6274 0.0195 0.0406
0 0.3853 0.5568 0.0205 0.0325
0 0.3174 0.5536 0.0195 0.039
0 0.4463 0.5552 0.0176 0.0422
0 0.4399 0.4854 0.0166 0.0357
0 0.3828 0.4627 0.0156 0.0325
0 0.314 0.461 0.0186 0.0325
0 0.3257 0.3807 0.0166 0.0373
0 0.3892 0.3888 0.0166 0.0308
0 0.4707 0.4229 0.0195 0.0341
0 0.5361 0.4115 0.0156 0.0341
0 0.5537 0.3506 0.0156 0.0357
0 0.6079 0.3515 0.0146 0.0341
0 0.5015 0.3474 0.0146 0.0325
0 0.4561 0.349 0.0156 0.0325
0 0.3936 0.3206 0.0156 0.0244
0 0.333 0.3117 0.0195 0.0325
0 0.3345 0.2476 0.0166 0.0341
0 0.3965 0.2589 0.0176 0.0308
0 0.4453 0.2703 0.0137 0.0341
0 0.4902 0.2638 0.0156 0.0341
0 0.541 0.2784 0.0176 0.0373
0 0.5195 0.1851 0.0176 0.0292
0 0.436 0.1891 0.0127 0.0244
0 0.3584 0.1989 0.0156 0.0308
0 0.1152 0.6331 0.0176 0.0455
0 0.1665 0.5893 0.0166 0.0325
0 0.1919 0.6282 0.0186 0.0357
0 0.2427 0.5828 0.0166 0.039
0 0.2642 0.625 0.0186 0.039
0 0.2485 0.4789 0.0166 0.0325
0 0.1934 0.4968 0.0176 0.0357
0 0.1279 0.4756 0.0156 0.0357
0 0.0693 0.4959 0.0195 0.0373
0 0.085 0.3961 0.0176 0.0357
0 0.1431 0.3977 0.0166 0.0325
0 0.2051 0.4156 0.0176 0.0357
0 0.2485 0.4026 0.0166 0.0357
0 0.27 0.3182 0.0186 0.039
0 0.2144 0.3393 0.0166 0.0357
0 0.1577 0.3206 0.0186 0.0373
0 0.0991 0.3093 0.0166 0.0373
0 0.1221 0.2565 0.0195 0.0357
0 0.1294 0.194 0.0166 0.0373
0 0.188 0.1851 0.0146 0.0357
0 0.1792 0.2508 0.0146 0.0276
0 0.228 0.2735 0.0146 0.0341
0 0.2817 0.2435 0.0166 0.039
0 0.2949 0.1948 0.0156 0.026
0 0.5117 0.5649 0.0156 0.0325
