0 0.1802 0.2573 0.0303 0.0531
0 0.2153 0.3017 0.0303 0.057
0 0.2715 0.2911 0.0137 0.0252
0 0.2959 0.3011 0.0117 0.0239
0 0.104 0.2679 0.0244 0.0398
0 0.0645 0.2858 0.0215 0.0305
0 0.0508 0.2772 0.0156 0.0265
0 0.0439 0.2885 0.0137 0.0252
0 0.4053 0.2865 0.0137 0.0239
0 0.4409 0.2772 0.0264 0.0398
0 0.4824 0.2991 0.0176 0.0279
0 0.4312 0.2851 0.0107 0.0186
0 0.5684 0.2467 0.0215 0.0371
0 0.3447 0.3382 0.041 0.069
0 0.5864 0.3143 0.0264 0.0451
0 0.6533 0.2898 0.0117 0.0199
0 0.6406 0.2885 0.0078 0.0172
0 0.7412 0.254 0.0391 0.0597
0 0.8374 0.2832 0.0264 0.0358
0 0.5547 0.2971 0.0078 0.0133
0 0.6792 0.2951 0.0088 0.0146
0 0.6997 0.2944 0.0205 0.0345
0 0.8799 0.2997 0.0117 0.0186
0 0.917 0.2626 0.0137 0.0212
0 0.9497 0.2898 0.0088 0.0146
0 0.9819 0.2911 0.0205 0.0358
