0 0.0942 0.7441 0.0068 0.0091
0 0.0835 0.7793 0.0088 0.0117
0 0.062 0.8301 0.0088 0.0143
0 0.1294 0.7474 0.0068 0.0104
0 0.1685 0.7572 0.0068 0.0143
0 0.1582 0.8034 0.0059 0.0078
0 0.1011 0.8581 0.0088 0.0104
0 0.1445 0.8633 0.0059 0.0078
0 0.1963 0.8242 0.0098 0.0104
0 0.231 0.8255 0.0049 0.0078
0 0.2803 0.8262 0.0098 0.0091
0 0.2759 0.7637 0.0088 0.0065
0 0.3101 0.7643 0.0088 0.013
0 0.3135 0.7285 0.0078 0.0065
0 0.2749 0.7161 0.0068 0.0104
0 0.2383 0.7207 0.0059 0.0091
0 0.2407 0.7552 0.0088 0.013
0 0.2075 0.7598 0.0068 0.0065
0 0.2124 0.6934 0.0068 0.0091
0 0.1943 0.8665 0.0098 0.0117
0 0.2427 0.86 0.0107 0.0143
0 0.2935 0.8704 0.0107 0.0117
0 0.3916 0.6849 0.0059 0.0052
0 0.4258 0.6829 0.0059 0.0091
0 0.4058 0.64 0.0049 0.0065
0 0.4658 0.709 0.0059 0.0091
0 0.4248 0.7161 0.0059 0.0078
0 0.4702 0.752 0.0068 0.0065
0 0.4956 0.6842 0.0068 0.0091
0 0.5283 0.6875 0.0059 0.0078
0 0.4863 0.6426 0.0078 0.0091
0 0.4951 0.6042 0.0059 0.0052
0 0.415 0.541 0.0039 0.0039
0 0.5352 0.6348 0.0039 0.0039
0 0.5625 0.6875 0.0059 0.0104
0 0.5488 0.7096 0.0059 0.0052
0 0.5952 0.6868 0.0049 0.0091
0 0.6108 0.7279 0.0049 0.0078
0 0.6406 0.696 0.0059 0.0065
0 0.6558 0.6426 0.0049 0.0065
0 0.6934 0.6478 0.0059 0.0065
0 0.6519 0.5677 0.0049 0.0078
0 0.6362 0.6009 0.0049 0.0065
0 0.5322 0.5964 0.0059 0.0104
0 0.5273 0.5755 0.0059 0.0078
0 0.6465 0.5312 0.0039 0.0052
0 0.4556 0.599 0.0049 0.0078
0 0.6963 0.6009 0.0059 0.0091
0 0.5923 0.6439 0.0068 0.0117
0 0.0259 0.8216 0.0088 0.013
0 0.0034 0.8105 0.0088 0.0143
0 0.5845 0.4844 0.0029 0.0026
0 0.5732 0.4766 0.0039 0.0052
0 0.5874 0.4714 0.0029 0.0026
0 0.5796 0.4635 0.0029 0.0052
0 0.5991 0.4746 0.0029 0.0013
0 0.6123 0.4642 0.002 0.0039
0 0.6274 0.4668 0.0029 0.0039
0 0.6436 0.4544 0.0039 0.0052
0 0.6797 0.4941 0.0039 0.0065
0 0.6128 0.4902 0.0049 0.0065
0 0.5205 0.5332 0.0059 0.0117
0 0.499 0.472 0.0059 0.0091
0 0.4985 0.4837 0.0049 0.0065
0 0.4663 0.4577 0.0049 0.0065
0 0.4927 0.4648 0.0049 0.0078
0 0.4419 0.4603 0.0049 0.0065
0 0.46 0.4681 0.0039 0.0065
0 0.4375 0.4824 0.0039 0.0065
0 0.7378 0.6361 0.0068 0.0065
0 0.6797 0.7376 0.0059 0.0091
0 0.7007 0.7669 0.0068 0.0078
0 0.7217 0.7363 0.0059 0.0091
0 0.7422 0.7656 0.0078 0.0104
0 0.7295 0.8138 0.0098 0.013
0 0.7686 0.806 0.0098 0.013
0 0.8042 0.8073 0.0068 0.013
0 0.8364 0.7917 0.0068 0.013
0 0.8701 0.7936 0.0078 0.0117
0 0.8701 0.7663 0.0078 0.0091
0 0.834 0.7604 0.0059 0.0052
0 0.8003 0.7663 0.0068 0.0091
0 0.7764 0.7533 0.0078 0.0091
0 0.7959 0.7324 0.0078 0.0091
0 0.8184 0.7103 0.0078 0.0065
0 0.7734 0.7129 0.0078 0.0091
0 0.7573 0.7311 0.0068 0.0091
0 0.814 0.8646 0.0068 0.0078
0 0.8442 0.8594 0.0068 0.0104
0 0.7744 0.8704 0.0078 0.0091
0 0.7217 0.8939 0.0098 0.0143
0 0.0444 0.7676 0.0068 0.0117
0 0.1162 0.7936 0.0078 0.0091
0 0.1611 0.7227 0.0059 0.0078
0 0.5537 0.7461 0.0078 0.0104
0 0.8662 0.5124 0.0039 0.0065
0 0.812 0.485 0.0029 0.0065
0 0.0479 0.5169 0.0039 0.0078
0 0.1025 0.4954 0.0039 0.0065
0 0.1704 0.4792 0.0029 0.0052
