0 0.0249 0.3109 0.0127 0.0307
0 0.0552 0.2889 0.0107 0.025
0 0.0864 0.3186 0.0107 0.023
0 0.1152 0.2898 0.0176 0.0384
0 0.1494 0.2965 0.0137 0.0326
0 0.1694 0.2927 0.0107 0.025
0 0.2031 0.3301 0.0078 0.0192
0 0.2124 0.3033 0.0088 0.0154
0 0.229 0.3733 0.0088 0.0173
0 0.251 0.2486 0.0156 0.0326
0 0.2212 0.2908 0.0088 0.0134
0 0.2891 0.2937 0.0098 0.023
0 0.2954 0.2802 0.0088 0.023
0 0.3198 0.262 0.0127 0.0288
0 0.3315 0.2649 0.0088 0.023
0 0.3457 0.2342 0.0117 0.0269
0 0.3716 0.2553 0.0107 0.0307
0 0.3569 0.2438 0.0088 0.0192
0 0.4004 0.238 0.0137 0.0345
0 0.4136 0.2514 0.0107 0.0269
0 0.4292 0.238 0.0107 0.0307
0 0.4473 0.2236 0.0098 0.0326
0 0.4785 0.3589 0.0273 0.0729
0 0.5132 0.2131 0.0088 0.0192
0 0.5269 0.2313 0.0127 0.0288
0 0.5522 0.2236 0.0146 0.0365
0 0.5503 0.3359 0.0225 0.0614
0 0.5693 0.2265 0.0098 0.0269
0 0.5771 0.2601 0.0137 0.0288
0 0.6143 0.239 0.0117 0.025
0 0.6079 0.2274 0.0088 0.0211
0 0.6401 0.1987 0.0166 0.0403
0 0.6587 0.2179 0.0127 0.0326
0 0.6724 0.214 0.0088 0.025
0 0.7139 0.2159 0.0137 0.0326
0 0.7295 0.285 0.0234 0.0518
0 0.7261 0.1996 0.0107 0.023
0 0.7393 0.19 0.0117 0.0269
0 0.7554 0.1987 0.0127 0.0403
0 0.7788 0.239 0.0166 0.0441
0 0.8101 0.1631 0.0127 0.0384
0 0.8462 0.1785 0.0166 0.0461
0 0.8999 0.1939 0.0146 0.0269
0 0.9351 0.2035 0.0166 0.0422
0 0.8887 0.2908 0.0371 0.0864
0 0.9912 0.1679 0.0156 0.0441
0 0.1821 0.2975 0.0068 0.0154
0 0.6157 0.2255 0.0127 0.0288
