0 0.0093 0.734 0.0068 0.015
0 0.0186 0.7556 0.0098 0.015
0 0.0132 0.7851 0.0205 0.0274
0 0.0859 0.7868 0.0176 0.0191
0 0.0605 0.7689 0.0137 0.0216
0 0.0894 0.8562 0.0146 0.0166
0 0.1606 0.8196 0.0107 0.0166
0 0.1479 0.8159 0.0107 0.0108
0 0.0796 0.761 0.0088 0.0158
0 0.105 0.7702 0.0088 0.0158
0 0.0938 0.7519 0.0098 0.0141
0 0.1226 0.7539 0.0088 0.015
0 0.1963 0.7901 0.0059 0.0091
0 0.2139 0.7843 0.0078 0.0108
0 0.1719 0.7581 0.0078 0.015
0 0.1499 0.7386 0.0088 0.0108
0 0.0674 0.7386 0.0078 0.0108
0 0.1055 0.7398 0.0059 0.01
0 0.1094 0.7195 0.0059 0.0075
0 0.7695 0.3076 0.0293 0.0266
0 0.2061 0.7319 0.0078 0.0091
0 0.2437 0.7706 0.0049 0.01
0 0.1611 0.7232 0.0059 0.0067
0 0.2471 0.7278 0.0078 0.0091
