0 0.4526 0.5786 0.0264 0.0441
0 0.561 0.5881 0.0225 0.0396
0 0.5122 0.5433 0.0205 0.0382
0 0.5854 0.5529 0.0186 0.0426
0 0.103 0.5294 0.0205 0.0455
0 0.6138 0.5947 0.0205 0.0382
0 0.54 0.5925 0.0117 0.0367
0 0.6719 0.4413 0.0176 0.0367
0 0.2129 0.8862 0.0391 0.0808
0 0.0884 0.0896 0.0186 0.0411
0 0.1963 0.0859 0.0215 0.0426
0 0.8774 0.5925 0.0146 0.0396
0 0.937 0.5954 0.0127 0.0279
0 0.8901 0.5903 0.0088 0.0176
0 0.8228 0.6006 0.0127 0.0206
0 0.8447 0.5859 0.0098 0.0206
0 0.9341 0.942 0.0342 0.072
0 0.4502 0.0624 0.0234 0.0485
0 0.4873 0.0947 0.0234 0.0455
0 0.5532 0.1109 0.0225 0.0396
0 0.8867 0.2673 0.0137 0.0235
0 0.9888 0.3275 0.0127 0.0264
0 0.7773 0.9156 0.0176 0.0661
0 0.9038 0.2775 0.0107 0.0206
0 0.9663 0.8943 0.04 0.0587
0 0.3296 0.5668 0.0225 0.0441
0 0.7812 0.2577 0.0117 0.0191
0 0.9434 0.3231 0.0137 0.0206
0 0.1899 0.1094 0.0205 0.0367
0 0.2251 0.7012 0.0264 0.0455
0 0.8564 0.2827 0.0137 0.0279
