0 0.7188 0.8287 0.041 0.0849
0 0.6294 0.6127 0.042 0.0717
0 0.5942 0.5805 0.04 0.0659
0 0.8599 0.56 0.0322 0.0688
0 0.7778 0.4151 0.042 0.0717
0 0.9355 0.3126 0.0391 0.0747
0 0.9868 0.4041 0.0244 0.082
0 0.9717 0.1698 0.0234 0.041
0 0.8638 0.1808 0.0283 0.0483
0 0.9082 0.1706 0.0215 0.0366
0 0.9058 0.0878 0.0166 0.0293
0 0.75 0.1918 0.0234 0.041
0 0.793 0.183 0.0195 0.041
0 0.8125 0.2804 0.0273 0.0483
0 0.6509 0.2914 0.0244 0.0381
0 0.668 0.3975 0.0293 0.0483
0 0.6426 0.437 0.0352 0.0571
0 0.9463 0.4275 0.0352 0.0556
0 0.48 0.8346 0.0381 0.0615
0 0.5215 0.6332 0.0449 0.0688
0 0.4585 0.6215 0.0361 0.063
0 0.3804 0.7613 0.0264 0.0673
0 0.3242 0.9143 0.0508 0.0922
0 0.4897 0.9502 0.0381 0.0878
0 0.3447 0.631 0.0352 0.0556
0 0.2256 0.9297 0.041 0.082
0 0.2178 0.8177 0.0391 0.06
0 0.1938 0.7211 0.0283 0.0542
0 0.1138 0.8009 0.0303 0.0644
0 0.0376 0.6596 0.0244 0.0425
0 0.063 0.6157 0.0225 0.0395
0 0.0801 0.6823 0.0312 0.0527
0 0.0361 0.7972 0.0371 0.0512
0 0.1177 0.4934 0.0205 0.0351
0 0.1582 0.4883 0.0195 0.0366
0 0.2041 0.4678 0.0215 0.0366
0 0.0767 0.5527 0.0225 0.0395
0 0.0352 0.5447 0.0176 0.0293
0 0.0718 0.4758 0.0127 0.0322
0 0.248 0.5652 0.0176 0.0381
0 0.1543 0.642 0.0254 0.0454
0 0.1245 0.5747 0.0244 0.0395
0 0.3677 0.3719 0.0205 0.0293
0 0.3774 0.4583 0.0283 0.0527
0 0.3887 0.5425 0.0254 0.06
0 0.5474 0.4714 0.0303 0.0556
0 0.5649 0.3338 0.0244 0.0469
0 0.4067 0.418 0.0264 0.0425
0 0.458 0.4085 0.0273 0.0469
0 0.4941 0.3682 0.0254 0.0454
0 0.4316 0.3309 0.0195 0.0351
0 0.4131 0.3265 0.0215 0.0381
0 0.3169 0.2958 0.0107 0.0176
0 0.3403 0.2731 0.0088 0.019
0 0.2891 0.2972 0.0078 0.0117
0 0.2441 0.2994 0.0078 0.0132
0 0.0127 0.4758 0.0156 0.0264
0 0.9009 0.6508 0.0439 0.0717
0 0.5854 0.1706 0.0088 0.0161
0 0.5532 0.1237 0.0088 0.0161
0 0.5352 0.1274 0.0098 0.0146
0 0.5137 0.2094 0.0078 0.0146
0 0.7993 0.071 0.0088 0.019
0 0.8408 0.0783 0.0137 0.0161
0 0.8687 0.0403 0.0088 0.019
0 0.8936 0.0176 0.0117 0.0205
0 0.8545 0.1852 0.0215 0.0425
0 0.5903 0.407 0.0303 0.0439
0 0.626 0.3712 0.0234 0.0512
0 0.4146 0.7804 0.0303 0.0644
0 0.1094 0.3917 0.0176 0.0307
0 0.1118 0.5688 0.0166 0.0337
0 0.354 0.7072 0.0225 0.0527
