0 0.2612 0.2716 0.0205 0.0279
0 0.3208 0.3064 0.0186 0.0362
0 0.4297 0.3266 0.0137 0.0292
0 0.9058 0.516 0.0225 0.046
0 0.979 0.4896 0.0146 0.0181
0 0.9224 0.4944 0.0107 0.0195
0 0.9873 0.4359 0.0117 0.0195
0 0.9907 0.4638 0.0107 0.0167
0 0.9702 0.4422 0.0107 0.0209
0 0.8604 0.4972 0.0117 0.0195
0 0.8779 0.4694 0.0117 0.0195
0 0.8931 0.4387 0.0088 0.0195
0 0.853 0.4422 0.0127 0.0181
0 0.8691 0.4533 0.0078 0.0153
0 0.8345 0.4687 0.0127 0.0153
0 0.8477 0.4673 0.0098 0.0181
0 0.9214 0.4701 0.0107 0.0181
0 0.8193 0.4735 0.0098 0.0139
0 0.9268 0.4415 0.0098 0.0167
0 0.894 0.4652 0.0088 0.0139
0 0.8486 0.4965 0.0098 0.0153
0 0.8271 0.4965 0.0078 0.0153
0 0.8354 0.4972 0.0068 0.0139
0 0.4917 0.4596 0.0088 0.0195
0 0.5249 0.507 0.0088 0.0111
0 0.4761 0.5111 0.0088 0.0111
0 0.4487 0.5223 0.0068 0.0139
0 0.4453 0.5104 0.0059 0.0097
