0 0.8179 0.3869 0.0244 0.0668
0 0.6929 0.3772 0.0225 0.056
0 0.5957 0.3502 0.0234 0.0539
0 0.7764 0.3739 0.0117 0.028
0 0.7251 0.3901 0.0107 0.0302
0 0.4902 0.3879 0.0156 0.0388
0 0.5425 0.3524 0.0088 0.028
0 0.4229 0.3438 0.0156 0.0409
0 0.3511 0.3394 0.0146 0.0409
0 0.2666 0.2931 0.0156 0.0431
0 0.1025 0.3254 0.0137 0.0345
0 0.146 0.3157 0.0107 0.028
0 0.9385 0.4429 0.0059 0.0194
0 0.9805 0.3955 0.0059 0.0194
0 0.9697 0.3222 0.0059 0.0194
0 0.9043 0.3578 0.0059 0.0172
0 0.8921 0.2899 0.0068 0.0194
0 0.9097 0.3103 0.0049 0.0216
0 0.9312 0.3373 0.0049 0.0151
0 0.8701 0.1261 0.0039 0.0108
0 0.7871 0.2662 0.0059 0.0151
0 0.7622 0.306 0.0049 0.0129
0 0.6753 0.1875 0.0049 0.0129
0 0.6294 0.2543 0.0049 0.0129
0 0.6387 0.2306 0.0039 0.0086
0 0.7656 0.2177 0.0059 0.0129
0 0.7485 0.2166 0.0049 0.0151
0 0.7363 0.2284 0.0059 0.0172
0 0.7202 0.2888 0.0049 0.0129
0 0.6802 0.236 0.0068 0.0151
0 0.6694 0.2188 0.0049 0.0108
0 0.8105 0.1756 0.0039 0.0108
0 0.7769 0.1487 0.0049 0.0129
0 0.7983 0.1325 0.0029 0.0108
0 0.8198 0.1552 0.0029 0.0086
0 0.7412 0.1476 0.0039 0.0108
0 0.7607 0.1369 0.0039 0.0108
0 0.8442 0.1272 0.0029 0.0086
0 0.813 0.1358 0.0029 0.0129
0 0.7729 0.18 0.0029 0.0108
0 0.7324 0.1886 0.0039 0.0108
0 0.5625 0.236 0.0059 0.0151
0 0.54 0.2705 0.0059 0.0151
0 0.5171 0.3071 0.0049 0.0108
0 0.5811 0.2091 0.0059 0.0172
0 0.9521 0.3179 0.0059 0.0237
0 0.9883 0.2877 0.0059 0.0194
0 0.9102 0.2328 0.0059 0.0172
0 0.9248 0.1907 0.0059 0.0151
0 0.9282 0.2856 0.0068 0.0151
0 0.9824 0.2705 0.0059 0.0151
0 0.9609 0.2403 0.0059 0.0194
0 0.9546 0.1864 0.0068 0.0194
0 0.1787 0.3578 0.0117 0.0345
0 0.0225 0.3233 0.0059 0.0216
0 0.0747 0.3222 0.0088 0.0237
0 0.0508 0.3103 0.0078 0.0216
0 0.6914 0.3341 0.0078 0.0259
0 0.6606 0.2769 0.0068 0.0237
