0 0.5718 0.9126 0.0244 0.0266
0 0.3389 0.8471 0.0195 0.0209
0 0.4678 0.8 0.0195 0.0216
0 0.5044 0.7633 0.0146 0.0158
0 0.7314 0.9403 0.0215 0.023
0 0.2891 0.6978 0.0176 0.0158
0 0.8262 0.5781 0.0137 0.0151
0 0.8359 0.5928 0.0156 0.0158
0 0.7847 0.5338 0.0146 0.0129
0 0.687 0.5781 0.0107 0.0137
0 0.0854 0.559 0.0127 0.0129
0 0.1396 0.5439 0.0117 0.0115
0 0.4248 0.4892 0.0098 0.0086
0 0.3623 0.5324 0.0098 0.0115
0 0.3721 0.5079 0.0098 0.0101
0 0.1216 0.8619 0.0146 0.0187
0 0.2617 0.9299 0.0176 0.0209
0 0.7075 0.5741 0.0088 0.0129
0 0.7583 0.6442 0.0127 0.0137
0 0.5415 0.7971 0.0127 0.0144
0 0.334 0.8871 0.0254 0.0245
0 0.2378 0.7381 0.0127 0.0158
0 0.6436 0.6288 0.0176 0.0158
