0 0.4561 0.4663 0.0586 0.0978
0 0.0176 0.4709 0.0215 0.041
0 0.0508 0.4954 0.0215 0.0343
0 0.1353 0.4544 0.0381 0.0502
0 0.1865 0.4967 0.0137 0.0291
0 0.3569 0.3653 0.0518 0.0885
0 0.4082 0.5086 0.0156 0.0264
0 0.5381 0.4703 0.0273 0.0528
0 0.5801 0.4894 0.0176 0.0357
0 0.7563 0.4993 0.042 0.0713
0 0.8218 0.4974 0.0225 0.0489
0 0.854 0.5 0.0186 0.0436
0 0.8701 0.5073 0.0117 0.0264
0 0.8828 0.5013 0.0117 0.0251
0 0.9136 0.5396 0.0186 0.0304
0 0.9336 0.5073 0.0156 0.0317
0 0.9595 0.5159 0.0166 0.0357
0 0.9673 0.5608 0.0186 0.0277
