0 0.0923 0.3059 0.0146 0.0255
0 0.9531 0.3739 0.0293 0.051
0 0.8491 0.4476 0.0303 0.051
0 0.8228 0.3477 0.0283 0.0524
0 0.9941 0.3619 0.0098 0.0467
0 0.7041 0.4178 0.0352 0.0595
0 0.7725 0.347 0.0215 0.0397
0 0.7446 0.3343 0.0205 0.0425
0 0.6958 0.3322 0.0303 0.0467
0 0.6802 0.3371 0.0225 0.0425
0 0.6519 0.3201 0.0225 0.0397
0 0.5942 0.3088 0.0283 0.0453
0 0.6196 0.3229 0.0225 0.0368
0 0.5752 0.3194 0.0254 0.0382
0 0.5586 0.313 0.0195 0.0368
0 0.5327 0.2967 0.0205 0.0354
0 0.5835 0.398 0.0283 0.051
0 0.4731 0.3669 0.0303 0.0482
0 0.4854 0.3123 0.0215 0.0411
0 0.4629 0.3102 0.0195 0.034
0 0.437 0.313 0.0186 0.034
0 0.3911 0.2953 0.0244 0.0411
0 0.3579 0.3548 0.0244 0.0467
0 0.2891 0.2932 0.0254 0.0425
0 0.2427 0.3371 0.0264 0.0453
0 0.1411 0.3201 0.0264 0.0453
0 0.1982 0.2797 0.0234 0.0411
0 0.0425 0.3251 0.0264 0.0467
0 0.0786 0.2677 0.0146 0.0255
0 0.1055 0.2613 0.0137 0.0241
0 0.0869 0.2408 0.0137 0.0227
0 0.0542 0.233 0.0127 0.0212
0 0.0254 0.2394 0.0156 0.0255
0 0.2651 0.267 0.0107 0.0212
0 0.2451 0.2627 0.0098 0.0184
0 0.4668 0.2507 0.0098 0.0198
0 0.5791 0.2486 0.0098 0.0184
0 0.5239 0.2606 0.0088 0.017
0 0.5576 0.2663 0.0098 0.017
0 0.5601 0.2401 0.0107 0.0184
0 0.46 0.2302 0.0098 0.0184
0 0.6323 0.2514 0.0088 0.0184
0 0.6484 0.2535 0.0078 0.017
0 0.7236 0.2535 0.0098 0.0142
0 0.7314 0.2698 0.0078 0.0156
0 0.6748 0.2535 0.0098 0.017
0 0.668 0.1969 0.0078 0.0142
0 0.8115 0.233 0.0098 0.0156
0 0.8936 0.3548 0.0215 0.0326
0 0.9307 0.347 0.0195 0.0368
0 0.9146 0.3244 0.0186 0.034
0 0.29 0.2365 0.0117 0.0198
0 0.1533 0.2486 0.0117 0.0212
0 0.5049 0.2394 0.0117 0.0198
0 0.4438 0.2514 0.0107 0.0184
0 0.5708 0.2295 0.0107 0.017
