0 0.0513 0.4694 0.0127 0.0221
0 0.0566 0.4382 0.0137 0.0221
0 0.1113 0.4596 0.0137 0.0234
0 0.1348 0.4388 0.0156 0.026
0 0.1816 0.4616 0.0078 0.0117
0 0.1948 0.6029 0.0439 0.0755
0 0.2993 0.4258 0.0264 0.0469
0 0.3403 0.5462 0.0576 0.1081
0 0.3989 0.4368 0.0264 0.0404
0 0.52 0.4375 0.0205 0.0312
0 0.5649 0.4564 0.0225 0.0352
0 0.5845 0.4408 0.0127 0.0169
0 0.6431 0.528 0.0264 0.0456
0 0.644 0.4466 0.0244 0.0469
0 0.7163 0.4102 0.0771 0.1016
0 0.9106 0.4753 0.0166 0.0286
0 0.9619 0.472 0.0195 0.0378
