0 0.0479 0.191 0.0117 0.0159
0 0.2642 0.2062 0.0127 0.0199
0 0.2744 0.2003 0.0098 0.0212
0 0.3032 0.2009 0.0088 0.0146
0 0.3145 0.2076 0.0117 0.0252
0 0.3486 0.2069 0.0117 0.0212
0 0.374 0.2069 0.0098 0.0186
0 0.3872 0.2016 0.0107 0.0186
0 0.4087 0.2162 0.0127 0.0239
0 0.4355 0.2122 0.0117 0.0186
0 0.4556 0.2042 0.0107 0.0212
0 0.4268 0.2175 0.0078 0.0133
0 0.5024 0.2135 0.0107 0.0159
0 0.52 0.2221 0.0146 0.0199
0 0.5664 0.2367 0.0117 0.0199
0 0.5918 0.2467 0.0098 0.0186
0 0.5996 0.2301 0.0098 0.0172
0 0.605 0.254 0.0107 0.0199
0 0.6138 0.244 0.0088 0.0186
0 0.6338 0.2268 0.0098 0.0186
0 0.6431 0.2328 0.0107 0.0199
0 0.7109 0.2507 0.0098 0.0186
0 0.7153 0.2374 0.0088 0.0133
0 0.7515 0.258 0.0107 0.0225
0 0.7778 0.2593 0.0146 0.0225
0 0.8042 0.2798 0.0107 0.0212
0 0.8018 0.2633 0.0117 0.0225
0 0.8286 0.2699 0.0127 0.0252
0 0.9092 0.2686 0.0156 0.0279
0 0.9263 0.2772 0.0225 0.0345
0 0.9663 0.2759 0.0127 0.0212
0 0.9814 0.2659 0.0176 0.0411
0 0.6909 0.2639 0.0088 0.0133
0 0.687 0.2367 0.0088 0.0146
0 0.0293 0.1837 0.0078 0.0119
0 0.8442 0.2407 0.0166 0.0464
