0 0.4507 0.4817 0.0498 0.0849
0 0.1714 0.5088 0.0205 0.0278
0 0.021 0.4919 0.0049 0.0059
0 0.0615 0.4949 0.0039 0.0088
0 0.0391 0.4919 0.0039 0.0059
0 0.0889 0.4941 0.0039 0.0073
0 0.1064 0.4941 0.0039 0.0073
0 0.1157 0.4868 0.0049 0.0073
0 0.2896 0.4363 0.0361 0.0644
0 0.2349 0.5029 0.0244 0.0307
0 0.3657 0.4846 0.0088 0.0146
0 0.5532 0.4941 0.0244 0.0366
0 0.6729 0.4758 0.0234 0.041
0 0.7358 0.4905 0.0361 0.0527
0 0.7852 0.4788 0.0195 0.0351
0 0.8677 0.4363 0.0303 0.0439
0 0.9438 0.4619 0.0244 0.0395
0 0.5015 0.4839 0.0088 0.019
0 0.5137 0.481 0.0098 0.0161
0 0.6099 0.4707 0.0088 0.019
0 0.6211 0.4619 0.0059 0.0132
