0 0.0776 0.4839 0.1299 0.2865
0 0.1528 0.6279 0.0947 0.2266
0 0.1772 0.5395 0.042 0.1199
0 0.2212 0.4751 0.0342 0.0906
0 0.272 0.4656 0.0342 0.0804
0 0.3057 0.4013 0.0352 0.0687
0 0.3223 0.413 0.0273 0.0629
0 0.394 0.4072 0.0264 0.057
0 0.4399 0.3838 0.0244 0.0541
0 0.4795 0.4189 0.0215 0.0453
0 0.4873 0.3955 0.0156 0.0307
0 0.5254 0.3999 0.0195 0.0424
0 0.5396 0.4094 0.0186 0.0439
0 0.5669 0.4123 0.0186 0.0409
0 0.5752 0.3918 0.0195 0.0409
0 0.6353 0.3867 0.0225 0.0365
0 0.6694 0.3889 0.0186 0.0351
0 0.7012 0.4028 0.0215 0.0365
0 0.7705 0.3757 0.0176 0.0409
0 0.8213 0.3947 0.0195 0.0351
0 0.8418 0.3896 0.0176 0.0336
0 0.876 0.3984 0.0156 0.0365
0 0.1211 0.4408 0.0566 0.1535
0 0.7852 0.4123 0.0176 0.0409
0 0.7183 0.413 0.0146 0.0365
