0 0.0654 0.3445 0.0332 0.0364
0 0.1338 0.1975 0.0176 0.0168
0 0.1587 0.1856 0.0186 0.0126
0 0.2231 0.2083 0.0166 0.0147
0 0.2231 0.1835 0.0166 0.0126
0 0.2954 0.1842 0.0146 0.0154
0 0.355 0.1912 0.0166 0.0112
0 0.353 0.2087 0.0166 0.014
0 0.2822 0.2097 0.0156 0.0147
0 0.4155 0.1982 0.0166 0.0154
0 0.4673 0.1922 0.0146 0.0119
0 0.5029 0.1856 0.0117 0.0084
0 0.5293 0.1887 0.0156 0.0119
0 0.4844 0.2059 0.0176 0.0154
0 0.5815 0.1894 0.0146 0.0133
0 0.6299 0.1901 0.0156 0.0105
0 0.624 0.2101 0.0176 0.014
0 0.5688 0.2076 0.0166 0.0133
0 0.6768 0.2076 0.0156 0.0133
0 0.6851 0.1852 0.0166 0.0133
0 0.7349 0.187 0.0166 0.0126
0 0.7915 0.2069 0.0166 0.0133
0 0.7339 0.215 0.0166 0.014
0 0.2065 0.1992 0.0205 0.0217
