0 0.022 0.1983 0.0186 0.0207
0 0.0645 0.1759 0.0195 0.019
0 0.1255 0.0877 0.0166 0.0166
0 0.1919 0.178 0.0186 0.0199
0 0.2871 0.0853 0.0137 0.0149
0 0.2705 0.1937 0.0176 0.0182
0 0.3091 0.18 0.0186 0.019
0 0.5181 0.0811 0.0146 0.0166
0 0.4927 0.1767 0.0166 0.0174
0 0.5684 0.2012 0.0156 0.0149
0 0.5396 0.2769 0.0225 0.024
0 0.7524 0.0062 0.0146 0.0141
0 0.7339 0.0807 0.0146 0.0174
0 0.9067 0.0832 0.0146 0.0157
0 0.7417 0.1697 0.0186 0.0182
0 0.8486 0.1705 0.0176 0.0182
0 0.7012 0.2632 0.0195 0.0215
0 0.8076 0.2094 0.0156 0.0166
0 0.9551 0.2831 0.0195 0.0199
0 0.8374 0.2632 0.0186 0.0182
0 0.0864 0.9114 0.0283 0.0281
0 0.2251 0.9114 0.0283 0.0281
0 0.3682 0.9106 0.0273 0.0315
0 0.5322 0.9106 0.0273 0.0281
0 0.6743 0.9036 0.0264 0.0323
0 0.8462 0.9069 0.0264 0.0257
0 0.9907 0.9073 0.0166 0.0315
0 0.2944 0.0008 0.0146 0.0033
