0 0.9395 0.3864 0.0215 0.0425
0 0.9873 0.4318 0.0117 0.0249
0 0.8672 0.437 0.0137 0.0235
0 0.6934 0.3372 0.0234 0.0499
0 0.7261 0.3651 0.0186 0.0381
0 0.8105 0.4721 0.0059 0.0117
0 0.6138 0.4509 0.0107 0.0191
0 0.5371 0.434 0.0137 0.0293
0 0.4575 0.3966 0.0186 0.0396
0 0.3281 0.3475 0.0273 0.0499
0 0.376 0.4164 0.0137 0.0235
0 0.4805 0.4428 0.0098 0.0205
0 0.2388 0.4032 0.0186 0.0293
0 0.1235 0.393 0.0186 0.0264
0 0.0542 0.3702 0.0205 0.0308
0 0.5762 0.4663 0.0098 0.0176
0 0.6494 0.4538 0.0117 0.0191
0 0.1738 0.3966 0.0137 0.0279
