0 0.1685 0.3253 0.0186 0.0395
0 0.2393 0.2654 0.0215 0.0365
0 0.2783 0.2741 0.0371 0.0599
0 0.3711 0.2931 0.0312 0.0541
0 0.4609 0.3012 0.0352 0.0643
0 0.5757 0.2763 0.0322 0.0556
0 0.3916 0.3129 0.0117 0.0263
0 0.4028 0.3129 0.0107 0.0234
0 0.3311 0.3202 0.0117 0.0322
0 0.3145 0.3114 0.0156 0.0292
0 0.5225 0.3173 0.0117 0.0263
0 0.5376 0.3268 0.0166 0.0307
0 0.6089 0.3063 0.0127 0.0278
0 0.6323 0.3209 0.0107 0.0219
0 0.6748 0.3341 0.0254 0.0424
0 0.6997 0.3377 0.0146 0.0322
0 0.7632 0.3377 0.0146 0.0292
0 0.7876 0.3377 0.0166 0.0322
0 0.8022 0.2975 0.0146 0.0365
0 0.8755 0.3333 0.0166 0.0322
0 0.9146 0.3516 0.0166 0.0307
0 0.9448 0.3311 0.0186 0.0365
