0 0.104 0.4002 0.0322 0.0645
0 0.1499 0.3491 0.0107 0.022
0 0.1758 0.3522 0.0371 0.0818
0 0.2417 0.3522 0.0283 0.0566
0 0.2959 0.3742 0.0391 0.0818
0 0.0552 0.4277 0.0127 0.0252
0 0.021 0.386 0.0361 0.0676
0 0.5337 0.1564 0.0127 0.0299
0 0.4639 0.3703 0.041 0.077
0 0.5615 0.3608 0.0293 0.055
0 0.6099 0.3302 0.042 0.0818
0 0.6548 0.2964 0.0498 0.0739
0 0.7354 0.3459 0.0332 0.0597
0 0.772 0.3514 0.0244 0.0456
0 0.8081 0.3616 0.0225 0.044
0 0.7764 0.4214 0.0469 0.0881
0 0.8335 0.3915 0.0381 0.0692
0 0.8672 0.3899 0.0137 0.0314
0 0.9062 0.3994 0.0273 0.0472
0 0.9487 0.4198 0.0166 0.0377
0 0.9741 0.3907 0.0498 0.1022
0 0.1514 0.4316 0.0254 0.055
