0 0.8838 0.3202 0.0254 0.0495
0 0.8037 0.3712 0.0234 0.0437
0 0.7559 0.3748 0.0254 0.0451
0 0.6406 0.3166 0.0254 0.0422
0 0.5586 0.3413 0.0254 0.0509
0 0.4697 0.3384 0.0273 0.0509
0 0.3711 0.3814 0.0254 0.0466
0 0.5762 0.3501 0.0195 0.0364
0 0.2437 0.46 0.0479 0.0728
0 0.2485 0.2838 0.0381 0.0699
0 0.0933 0.3275 0.042 0.0699
0 0.1968 0.4156 0.0186 0.0335
0 0.21 0.393 0.0195 0.032
0 0.1602 0.3741 0.0215 0.032
0 0.4165 0.4127 0.0107 0.0247
0 0.4331 0.3937 0.0088 0.0218
0 0.4438 0.3857 0.0088 0.0233
0 0.3887 0.409 0.0137 0.0204
