0 0.144 0.8861 0.0342 0.0534
0 0.2524 0.8053 0.0303 0.0482
0 0.0547 0.8053 0.041 0.056
0 0.1953 0.6387 0.0352 0.0586
0 0.0312 0.6289 0.0352 0.0417
0 0.4229 0.8242 0.0352 0.0469
0 0.3872 0.9082 0.0303 0.0482
0 0.3677 0.5866 0.0361 0.0508
0 0.2788 0.4655 0.0361 0.056
0 0.1514 0.4661 0.0312 0.0365
0 0.1504 0.3574 0.0293 0.043
0 0.0098 0.4525 0.0195 0.0352
0 0.0146 0.3242 0.0293 0.0469
0 0.1738 0.2279 0.0176 0.0234
0 0.062 0.2168 0.0303 0.056
0 0.2168 0.0833 0.0332 0.0469
0 0.3452 0.1465 0.0342 0.0508
0 0.4185 0.0892 0.0303 0.0352
0 0.3979 0.3418 0.0322 0.0508
0 0.3799 0.3835 0.0312 0.0378
0 0.6807 0.0697 0.0332 0.0482
0 0.6323 0.0768 0.0303 0.0443
0 0.626 0.2181 0.0215 0.0247
0 0.6743 0.2344 0.0205 0.0365
0 0.873 0.0671 0.0254 0.0508
0 0.9482 0.2754 0.0273 0.0378
0 0.918 0.3229 0.0312 0.0469
0 0.8398 0.319 0.0352 0.0547
0 0.8691 0.4466 0.0391 0.0521
0 0.7007 0.4648 0.0303 0.0469
0 0.5747 0.5169 0.0303 0.0417
0 0.6719 0.3138 0.0352 0.0521
0 0.5293 0.3392 0.0254 0.0326
0 0.4702 0.4792 0.0264 0.0339
0 0.4775 0.6484 0.0273 0.0339
0 0.6353 0.6465 0.0361 0.0508
0 0.8145 0.6211 0.0352 0.0495
0 0.9653 0.6263 0.0342 0.0469
0 0.7007 0.8034 0.0381 0.0547
0 0.9014 0.7741 0.0332 0.0482
0 0.9927 0.8691 0.0127 0.043
0 0.7686 0.8685 0.0371 0.0495
0 0.6753 0.9349 0.0342 0.0469
0 0.5698 0.8027 0.0342 0.0456
0 0.5269 0.9076 0.0205 0.0469
