0 0.0269 0.521 0.0088 0.0145
0 0.0381 0.5311 0.0098 0.0174
0 0.0659 0.4986 0.0107 0.0159
0 0.0767 0.5159 0.0088 0.0188
0 0.1235 0.4986 0.0127 0.0246
0 0.1333 0.5 0.0068 0.013
0 0.1572 0.5174 0.0098 0.0188
0 0.146 0.5051 0.0088 0.0203
0 0.1753 0.5109 0.0127 0.0289
0 0.1802 0.4949 0.0107 0.0203
0 0.1973 0.513 0.0137 0.0275
0 0.2271 0.4913 0.0186 0.0333
0 0.252 0.4964 0.0098 0.0145
0 0.3765 0.5145 0.0127 0.0304
0 0.3882 0.4978 0.0146 0.0318
0 0.4092 0.4935 0.0137 0.0289
0 0.4346 0.4891 0.0098 0.0203
0 0.4448 0.547 0.0166 0.0318
0 0.4746 0.5384 0.0156 0.0347
0 0.48 0.4942 0.0088 0.0217
0 0.5112 0.5007 0.0088 0.0232
0 0.5186 0.5087 0.0098 0.0217
0 0.5454 0.5203 0.0186 0.0362
0 0.5273 0.5753 0.0176 0.0449
0 0.5767 0.4826 0.0107 0.0217
0 0.6064 0.4826 0.0098 0.0217
0 0.6089 0.5485 0.0186 0.0376
0 0.626 0.4877 0.0098 0.026
0 0.6631 0.5087 0.0195 0.0362
0 0.7544 0.458 0.0186 0.042
0 0.7666 0.4696 0.0137 0.0304
0 0.7573 0.5434 0.0166 0.0478
0 0.8916 0.5246 0.0215 0.0449
0 0.9707 0.4986 0.0156 0.0304
