0 0.1094 0.5245 0.0156 0.0252
0 0.1411 0.5401 0.0127 0.0208
0 0.1489 0.5163 0.0127 0.0267
0 0.1978 0.5237 0.0146 0.0267
0 0.2134 0.5208 0.0127 0.0267
0 0.3027 0.4488 0.0293 0.043
0 0.3286 0.4599 0.0186 0.0356
0 0.4229 0.4295 0.0234 0.0401
0 0.395 0.4711 0.0205 0.0341
0 0.4668 0.4629 0.0195 0.0356
0 0.5308 0.4132 0.0283 0.0519
0 0.6113 0.4525 0.0195 0.0326
0 0.6655 0.4473 0.0225 0.0401
0 0.7202 0.503 0.0166 0.0297
0 0.7769 0.5037 0.0166 0.0312
0 0.9321 0.5912 0.0068 0.0134
0 0.2266 0.5319 0.0117 0.0252
