0 0.9365 0.3679 0.043 0.0701
0 0.894 0.3715 0.0361 0.0569
0 0.8203 0.365 0.0371 0.0613
0 0.752 0.373 0.041 0.0628
0 0.7183 0.3737 0.0361 0.0584
0 0.6509 0.3679 0.0361 0.0555
0 0.5732 0.3774 0.0391 0.0628
0 0.4761 0.3664 0.0342 0.0584
0 0.3901 0.3686 0.0479 0.0599
0 0.3115 0.3818 0.0371 0.0599
0 0.2358 0.3701 0.042 0.0657
0 0.1455 0.3905 0.0371 0.0569
0 0.0938 0.3737 0.0273 0.0496
0 0.0391 0.3693 0.043 0.0672
0 0.2524 0.3854 0.0205 0.0409
0 0.9922 0.3547 0.0137 0.0584
0 0.4189 0.3774 0.0254 0.0569
0 0.3574 0.3854 0.0371 0.0555
0 0.1904 0.3891 0.043 0.0599
0 0.5142 0.3759 0.0361 0.0511
