0 0.938 0.3581 0.0107 0.0239
0 0.8652 0.3767 0.0156 0.0292
0 0.8452 0.3733 0.0186 0.0305
0 0.8022 0.3488 0.0146 0.0292
0 0.7803 0.3687 0.0156 0.0318
0 0.6353 0.38 0.0166 0.0252
0 0.5781 0.3521 0.0195 0.0332
0 0.5449 0.3515 0.0176 0.0371
0 0.498 0.3534 0.0156 0.0385
0 0.5166 0.3481 0.0137 0.0305
0 0.4141 0.3634 0.0176 0.0371
0 0.3843 0.3395 0.0381 0.0637
0 0.3423 0.3541 0.0264 0.0531
0 0.2285 0.3939 0.0195 0.0398
0 0.2397 0.3468 0.0186 0.0358
0 0.1997 0.3521 0.0146 0.0225
0 0.1641 0.3594 0.0332 0.0584
0 0.1348 0.3767 0.0234 0.0477
0 0.123 0.368 0.0195 0.0332
0 0.0811 0.3568 0.0156 0.0292
0 0.0356 0.3959 0.0146 0.0332
0 0.9097 0.3568 0.0127 0.0292
0 0.0342 0.3402 0.0137 0.0279
0 0.0967 0.3714 0.0117 0.0239
0 0.7666 0.3103 0.0215 0.061
0 0.9492 0.3674 0.0098 0.0186
