0 0.0469 0.088 0.0371 0.0587
0 0.0981 0.1151 0.0361 0.0572
0 0.1318 0.0565 0.0293 0.0513
0 0.165 0.0814 0.0293 0.0543
0 0.2588 0.1048 0.0332 0.0601
0 0.2085 0.176 0.042 0.0587
0 0.2144 0.2471 0.0361 0.0748
0 0.2402 0.2727 0.0449 0.0821
0 0.0991 0.2544 0.0439 0.0836
0 0.0425 0.4062 0.0498 0.0997
0 0.1328 0.3343 0.0508 0.0762
0 0.2114 0.4333 0.0557 0.0836
0 0.3135 0.3534 0.043 0.0821
0 0.3242 0.1979 0.0352 0.0645
0 0.3594 0.2397 0.0391 0.0718
0 0.3853 0.2977 0.042 0.0792
0 0.3887 0.4531 0.0527 0.0938
0 0.3838 0.11 0.0312 0.0616
0 0.4165 0.1503 0.0342 0.066
0 0.4253 0.0821 0.0322 0.0528
0 0.3696 0.0513 0.0303 0.0469
0 0.4839 0.1019 0.0342 0.063
0 0.4507 0.217 0.0342 0.0645
0 0.5054 0.2471 0.0439 0.066
0 0.4717 0.36 0.0469 0.0836
0 0.5342 0.3138 0.041 0.0821
0 0.5386 0.4707 0.0518 0.0997
0 0.521 0.1606 0.0322 0.0513
0 0.5767 0.217 0.0322 0.0587
0 0.624 0.2573 0.0391 0.066
0 0.6836 0.3424 0.0391 0.0836
0 0.7139 0.4817 0.0508 0.1012
0 0.6113 0.0579 0.0293 0.0455
0 0.5889 0.1254 0.0332 0.0543
0 0.645 0.165 0.0381 0.063
0 0.6528 0.0784 0.0283 0.0484
0 0.7041 0.1298 0.0312 0.0543
0 0.7061 0.2185 0.0391 0.0616
0 0.542 0.0161 0.0234 0.0352
0 0.5674 0.0806 0.0293 0.0499
0 0.6792 0.0249 0.0283 0.0499
0 0.729 0.0638 0.0264 0.0484
0 0.7637 0.1708 0.0371 0.0543
0 0.7354 0.2779 0.0371 0.0806
0 0.7686 0.0257 0.0293 0.0455
0 0.7505 0.0894 0.0303 0.0499
0 0.8882 0.0411 0.0283 0.0528
0 0.9219 0.0609 0.0312 0.0572
0 0.9658 0.0389 0.0293 0.0513
0 0.8125 0.1298 0.0391 0.0601
0 0.8687 0.107 0.0303 0.0528
0 0.8267 0.2126 0.04 0.0704
0 0.894 0.1833 0.042 0.0733
0 0.9604 0.2287 0.04 0.0762
0 0.9136 0.2918 0.042 0.0762
0 0.8516 0.3526 0.0527 0.0865
0 0.8096 0.4098 0.0566 0.1012
0 0.937 0.4978 0.0635 0.1041
0 0.459 0.0095 0.0176 0.022
