0 0.3394 0.418 0.0186 0.0395
0 0.2754 0.4268 0.0137 0.0307
0 0.2256 0.4363 0.0156 0.0234
0 0.1895 0.4429 0.0137 0.022
0 0.1641 0.4414 0.0117 0.019
0 0.1475 0.4436 0.0078 0.0146
0 0.2446 0.4553 0.0049 0.0117
0 0.2925 0.4517 0.0088 0.0132
0 0.4795 0.4151 0.0254 0.0425
0 0.4956 0.4568 0.0088 0.0176
0 0.5308 0.4627 0.0127 0.0205
0 0.5537 0.4568 0.0098 0.0205
0 0.5869 0.4568 0.0098 0.0205
0 0.604 0.4436 0.0088 0.0205
0 0.6035 0.3748 0.0117 0.0205
0 0.6714 0.4619 0.0107 0.022
0 0.7622 0.4195 0.0342 0.0659
0 0.7856 0.4231 0.0107 0.0264
0 0.8384 0.4758 0.0146 0.0293
0 0.8774 0.4129 0.0107 0.0205
0 0.9487 0.4466 0.0205 0.0351
0 0.9839 0.3697 0.0166 0.0307
0 0.9888 0.5381 0.0205 0.0425
