0 0.2104 0.4499 0.0166 0.0299
0 0.2056 0.485 0.0225 0.0299
0 0.1646 0.5013 0.0205 0.0339
0 0.231 0.3952 0.0146 0.0169
0 0.2637 0.4785 0.0195 0.0326
0 0.29 0.4388 0.0156 0.0312
0 0.2954 0.375 0.0146 0.026
0 0.3179 0.3854 0.0166 0.0208
0 0.3428 0.3887 0.0156 0.0247
0 0.3486 0.4499 0.0176 0.0221
0 0.3447 0.4876 0.0195 0.0273
0 0.3784 0.3828 0.0146 0.0234
0 0.4023 0.3971 0.0137 0.0208
0 0.4331 0.3952 0.0166 0.0195
0 0.4175 0.4603 0.0166 0.0273
0 0.4126 0.5098 0.0186 0.0273
0 0.479 0.4798 0.0186 0.0273
0 0.458 0.388 0.0156 0.0234
0 0.4893 0.3887 0.0176 0.0221
0 0.4775 0.4395 0.0156 0.0195
0 0.5259 0.3828 0.0166 0.0208
0 0.5625 0.3835 0.0156 0.0221
0 0.5366 0.4466 0.0166 0.0234
0 0.5957 0.3887 0.0195 0.0247
0 0.626 0.388 0.0156 0.0234
0 0.668 0.3939 0.0176 0.0221
0 0.6987 0.3704 0.0166 0.0221
0 0.6484 0.4245 0.0195 0.026
0 0.5952 0.4219 0.0186 0.0286
0 0.709 0.4512 0.0195 0.0273
0 0.606 0.4844 0.0186 0.0234
0 0.6636 0.4844 0.0205 0.0234
0 0.5415 0.5085 0.0186 0.0273
0 0.604 0.5859 0.0205 0.0312
0 0.7163 0.6107 0.0205 0.0339
0 0.7515 0.5938 0.0205 0.0339
0 0.2524 0.6406 0.0225 0.0391
0 0.291 0.6732 0.0195 0.0365
0 0.2949 0.6191 0.0176 0.0378
0 0.2495 0.6048 0.0186 0.0273
0 0.769 0.6562 0.0205 0.0391
0 0.8257 0.6302 0.0186 0.0365
0 0.7842 0.61 0.0195 0.0378
0 0.7593 0.3633 0.0166 0.026
0 0.8154 0.4388 0.0176 0.026
0 0.812 0.4714 0.0205 0.0286
0 0.7432 0.4362 0.0195 0.0339
