0 0.0488 0.5066 0.0371 0.066
0 0.1079 0.4318 0.0205 0.0425
0 0.1289 0.4399 0.0293 0.0499
0 0.1514 0.4106 0.0273 0.0381
0 0.1636 0.4795 0.0342 0.0616
0 0.2383 0.4348 0.0293 0.0513
0 0.2251 0.4172 0.0186 0.0484
0 0.2915 0.3534 0.0225 0.0381
0 0.3306 0.415 0.0205 0.0381
0 0.3647 0.4817 0.0264 0.0425
0 0.3911 0.478 0.0361 0.0733
0 0.438 0.4707 0.0361 0.0674
0 0.4541 0.3805 0.0195 0.0396
0 0.5186 0.3842 0.0234 0.0499
0 0.5322 0.4611 0.0312 0.0484
0 0.5688 0.4479 0.0166 0.0396
0 0.5771 0.4685 0.0234 0.0543
0 0.6694 0.5088 0.0322 0.0645
0 0.7261 0.5191 0.0361 0.0733
0 0.7183 0.4355 0.0244 0.0469
0 0.6909 0.346 0.0225 0.044
0 0.7915 0.3724 0.0205 0.0411
0 0.7939 0.4589 0.0293 0.0557
0 0.9058 0.5088 0.0244 0.0557
0 0.8921 0.511 0.0205 0.0543
0 0.9688 0.4443 0.0176 0.0411
0 0.9883 0.4479 0.0215 0.0572
0 0.896 0.4626 0.0225 0.0484
