0 0.9399 0.4872 0.0166 0.0157
0 0.8584 0.5103 0.0195 0.019
0 0.7964 0.5037 0.0146 0.0124
0 0.7432 0.5021 0.0117 0.0107
0 0.7383 0.5293 0.0117 0.0107
0 0.686 0.4872 0.0127 0.0124
0 0.6411 0.4662 0.0146 0.0149
0 0.6016 0.4625 0.0117 0.0107
0 0.5991 0.488 0.0146 0.0157
0 0.5518 0.4868 0.0117 0.0132
0 0.5132 0.4765 0.0107 0.0107
0 0.4995 0.4983 0.0127 0.0132
0 0.3789 0.4864 0.0117 0.0124
0 0.437 0.493 0.0107 0.0124
0 0.4297 0.5182 0.0156 0.0165
0 0.4209 0.4806 0.0098 0.0091
0 0.2935 0.5083 0.0127 0.0116
0 0.2466 0.5054 0.0107 0.0107
0 0.2251 0.4757 0.0127 0.0124
0 0.3252 0.4963 0.0137 0.014
0 0.0283 0.4389 0.0059 0.005
