0 0.9126 0.2852 0.0283 0.0642
0 0.6665 0.3093 0.0322 0.0588
0 0.1128 0.4153 0.0264 0.057
0 0.167 0.3298 0.0215 0.0463
0 0.2427 0.3663 0.0264 0.0588
0 0.2656 0.3378 0.0215 0.0481
0 0.0659 0.3494 0.0283 0.0499
0 0.4634 0.2914 0.0303 0.066
0 0.5444 0.3717 0.0186 0.0374
0 0.4009 0.303 0.0225 0.0499
0 0.6113 0.2371 0.0059 0.0178
0 0.6089 0.2157 0.0068 0.0178
0 0.5889 0.2522 0.0078 0.016
0 0.5854 0.2193 0.0068 0.0178
0 0.5371 0.2032 0.0059 0.0143
0 0.6074 0.1818 0.0059 0.0143
0 0.5981 0.1613 0.0068 0.0125
0 0.6284 0.1845 0.0068 0.0125
0 0.5894 0.1319 0.0068 0.0143
0 0.5854 0.074 0.0068 0.016
0 0.6099 0.0891 0.0068 0.0143
0 0.688 0.1364 0.0068 0.0196
0 0.7432 0.1595 0.0078 0.016
0 0.7563 0.1043 0.0068 0.0196
0 0.728 0.0793 0.0068 0.0125
0 0.7158 0.1301 0.0078 0.0143
0 0.6831 0.0847 0.0068 0.0125
0 0.6558 0.0856 0.0107 0.0178
0 0.6333 0.1426 0.0088 0.0178
0 0.5542 0.1426 0.0068 0.0143
0 0.5146 0.1399 0.0098 0.016
0 0.5425 0.2424 0.0088 0.0178
0 0.3486 0.2674 0.0059 0.0143
0 0.3765 0.2692 0.0068 0.0143
0 0.3218 0.2701 0.0068 0.0125
0 0.2974 0.2852 0.0068 0.0143
0 0.3457 0.2335 0.0059 0.0143
0 0.3179 0.2513 0.0068 0.0178
0 0.3188 0.2246 0.0068 0.0143
0 0.3086 0.2166 0.0059 0.016
0 0.0713 0.0766 0.0059 0.0143
0 0.0913 0.0954 0.0068 0.016
0 0.1191 0.107 0.0059 0.0143
0 0.0708 0.1292 0.0068 0.0125
0 0.0078 0.0526 0.0078 0.0125
0 0.167 0.0517 0.0078 0.0178
0 0.7954 0.0089 0.0068 0.0143
0 0.7793 0.0187 0.0059 0.0089
0 0.873 0.0196 0.0059 0.0143
0 0.002 0.3119 0.0059 0.0178
0 0.3486 0.1676 0.0078 0.0143
0 0.29 0.1176 0.0078 0.0178
0 0.7051 0.2611 0.0078 0.0196
0 0.6909 0.2629 0.0088 0.0232
0 0.2651 0.2201 0.0068 0.0196
0 0.2534 0.2166 0.0068 0.0196
0 0.2339 0.2175 0.0068 0.0143
0 0.2349 0.1979 0.0068 0.0143
0 0.2085 0.2816 0.0068 0.0143
0 0.1978 0.2585 0.0068 0.0143
0 0.3423 0.1925 0.0068 0.0143
0 0.3535 0.1916 0.0078 0.016
0 0.3721 0.2103 0.0098 0.0178
0 0.4038 0.1684 0.0068 0.016
0 0.3374 0.1497 0.0068 0.0143
0 0.3428 0.1283 0.0078 0.0178
0 0.3569 0.1266 0.0068 0.0143
0 0.3052 0.1515 0.0068 0.0143
0 0.3188 0.1497 0.0049 0.0107
0 0.2837 0.1756 0.0068 0.016
0 0.2695 0.1435 0.0078 0.016
0 0.2676 0.1061 0.0078 0.0196
0 0.2554 0.1132 0.0088 0.0232
0 0.2134 0.238 0.0068 0.0125
0 0.2119 0.221 0.0078 0.0178
0 0.1387 0.2335 0.0059 0.0178
0 0.2466 0.2718 0.0127 0.0303
0 0.1646 0.2398 0.0166 0.0339
0 0.2705 0.2576 0.0098 0.0232
0 0.1465 0.1996 0.0098 0.0178
0 0.1841 0.1961 0.0068 0.0178
0 0.0659 0.1916 0.0068 0.0125
0 0.0693 0.1649 0.0059 0.016
0 0.1729 0.1506 0.0059 0.0125
0 0.1304 0.1551 0.0068 0.0107
0 0.1768 0.0811 0.0059 0.0125
