0 0.48 0.4557 0.0107 0.016
0 0.5444 0.4588 0.0107 0.0172
0 0.5181 0.4582 0.0107 0.016
0 0.5547 0.5572 0.0215 0.0344
0 0.5981 0.5234 0.0146 0.0234
0 0.6714 0.4951 0.0127 0.0234
0 0.6025 0.4594 0.0117 0.0209
0 0.646 0.468 0.0107 0.0185
0 0.6597 0.4705 0.0107 0.0185
0 0.7139 0.4606 0.0137 0.0234
0 0.7036 0.4576 0.0107 0.0172
0 0.772 0.4391 0.0107 0.0197
0 0.7939 0.449 0.0117 0.0172
0 0.8999 0.4483 0.0068 0.016
0 0.4995 0.4514 0.0107 0.0172
0 0.6162 0.4373 0.0117 0.016
0 0.5498 0.4354 0.0117 0.0148
0 0.2031 0.5363 0.0195 0.0271
0 0.2344 0.5025 0.0156 0.0258
0 0.3042 0.4883 0.0127 0.0172
0 0.3628 0.4428 0.0127 0.0197
0 0.415 0.5467 0.0137 0.0209
0 0.3989 0.436 0.0107 0.0135
0 0.439 0.4379 0.0088 0.0148
0 0.4121 0.4594 0.0117 0.0185
0 0.4893 0.4889 0.0117 0.0234
