0 0.0449 0.4101 0.0078 0.0236
0 0.0605 0.3919 0.0098 0.0257
0 0.0801 0.3919 0.0098 0.0257
0 0.0972 0.3758 0.0107 0.0321
0 0.1104 0.3694 0.0137 0.0364
0 0.1465 0.3522 0.0156 0.0407
0 0.1792 0.3373 0.0166 0.045
0 0.2148 0.3266 0.0176 0.0493
0 0.2612 0.3084 0.0186 0.0557
0 0.3257 0.2687 0.0205 0.0535
0 0.3755 0.2441 0.0225 0.06
0 0.4487 0.2045 0.0264 0.0621
0 0.4692 0.2645 0.0166 0.0364
0 0.522 0.2495 0.0264 0.0749
0 0.5464 0.2291 0.0205 0.0642
0 0.5762 0.3191 0.0156 0.0471
0 0.6289 0.2645 0.0234 0.0664
0 0.6416 0.2473 0.0137 0.0535
0 0.7178 0.1221 0.0332 0.0814
0 0.8242 0.2548 0.0254 0.0685
0 0.874 0.2077 0.0332 0.0814
0 0.9116 0.3298 0.0166 0.0514
0 0.9487 0.4754 0.0127 0.0385
0 0.6479 0.2976 0.0127 0.0471
