0 0.0229 0.2116 0.0107 0.0304
0 0.0332 0.2027 0.0137 0.0339
0 0.0483 0.1911 0.0166 0.0357
0 0.0649 0.1661 0.0264 0.0536
0 0.0947 0.1625 0.0352 0.0607
0 0.1514 0.1071 0.0469 0.0893
0 0.2051 0.1804 0.0234 0.0464
0 0.2354 0.2232 0.0117 0.025
0 0.272 0.1768 0.0283 0.0607
0 0.3027 0.2179 0.0117 0.025
0 0.3193 0.1955 0.0215 0.0339
0 0.3574 0.1187 0.0371 0.0768
0 0.4053 0.1652 0.0234 0.0554
0 0.3804 0.1759 0.0068 0.0125
0 0.4395 0.2062 0.0137 0.0268
0 0.4619 0.2259 0.0098 0.0196
0 0.5039 0.1795 0.0156 0.0339
0 0.5156 0.142 0.0312 0.0732
0 0.6064 0.1964 0.0195 0.0393
0 0.6367 0.1589 0.0254 0.0571
0 0.6777 0.1893 0.0156 0.0393
0 0.7207 0.1723 0.0215 0.0482
0 0.7388 0.1964 0.0127 0.0393
0 0.7842 0.2045 0.0156 0.0304
0 0.8022 0.1705 0.0205 0.0446
0 0.8506 0.1946 0.0176 0.0464
0 0.8604 0.2205 0.0098 0.0268
0 0.8921 0.2036 0.0146 0.0321
0 0.9292 0.2054 0.0166 0.0357
0 0.9565 0.2188 0.0146 0.0304
0 0.9849 0.2518 0.0068 0.0143
0 0.9966 0.2464 0.0049 0.0143
0 0.5654 0.2179 0.0176 0.0393
