0 0.3247 0.5584 0.0713 0.1481
0 0.1719 0.4617 0.0586 0.1185
0 0.3755 0.4443 0.0518 0.115
0 0.1113 0.4321 0.0449 0.0941
0 0.0522 0.3667 0.0361 0.0749
0 0.1074 0.3545 0.0371 0.0714
0 0.2783 0.3711 0.0332 0.0767
0 0.3071 0.4382 0.0439 0.0854
0 0.6763 0.5714 0.1221 0.2927
0 0.5171 0.4373 0.0518 0.108
0 0.7617 0.5444 0.0605 0.1829
0 0.1885 0.4059 0.0312 0.0767
0 0.3511 0.3432 0.0205 0.0383
0 0.377 0.3676 0.0234 0.0557
0 0.4609 0.4164 0.0332 0.0871
0 0.5498 0.4077 0.0293 0.0697
0 0.0068 0.3772 0.0156 0.0645
0 0.5659 0.3554 0.0205 0.0523
