0 0.3057 0.4056 0.0215 0.0326
0 0.1348 0.3626 0.0156 0.0221
0 0.7197 0.1491 0.0195 0.0299
0 0.7051 0.14 0.0156 0.0273
0 0.6387 0.1673 0.0195 0.0247
0 0.6377 0.2168 0.0234 0.0326
0 0.6279 0.1992 0.0156 0.026
0 0.668 0.2057 0.0156 0.0234
0 0.875 0.166 0.0312 0.0586
0 0.9795 0.1738 0.0352 0.0352
0 0.9487 0.1185 0.0264 0.0417
0 0.9453 0.0866 0.0234 0.0352
0 0.4766 0.3359 0.0176 0.0286
0 0.4141 0.3203 0.0137 0.0286
0 0.4307 0.321 0.0195 0.0378
0 0.4927 0.2871 0.0166 0.0299
0 0.4385 0.3867 0.0234 0.0339
0 0.3818 0.3281 0.0117 0.0182
0 0.3545 0.3294 0.0156 0.026
0 0.3428 0.3841 0.0312 0.0521
0 0.3091 0.3594 0.0166 0.0339
0 0.3384 0.2865 0.0146 0.0234
0 0.3652 0.291 0.0234 0.0299
0 0.3906 0.4525 0.043 0.0586
0 0.2134 0.3066 0.0146 0.0247
0 0.269 0.3958 0.0205 0.0365
0 0.2036 0.4206 0.0225 0.0391
0 0.1646 0.3288 0.0166 0.0247
0 0.5503 0.2402 0.0166 0.0299
0 0.8086 0.25 0.0371 0.0703
0 0.356 0.4596 0.0283 0.0495
0 0.8223 0.349 0.0488 0.0859
0 0.646 0.4922 0.1455 0.2344
0 0.4272 0.5482 0.0635 0.099
0 0.2954 0.6686 0.1064 0.168
0 0.165 0.5827 0.084 0.1315
0 0.064 0.5156 0.0693 0.099
0 0.1016 0.4108 0.0156 0.0247
0 0.1582 0.4284 0.0176 0.0234
0 0.231 0.3294 0.0205 0.0365
