0 0.8696 0.3822 0.04 0.0586
0 0.7944 0.403 0.0459 0.069
0 0.7197 0.5488 0.0469 0.0768
0 0.8193 0.2148 0.0312 0.0443
0 0.9565 0.2786 0.0283 0.0495
0 0.4219 0.4538 0.0195 0.0378
0 0.374 0.4714 0.0215 0.0365
0 0.3418 0.6595 0.0469 0.069
0 0.1992 0.5703 0.0234 0.0339
0 0.2754 0.5508 0.0176 0.0312
0 0.3906 0.584 0.0234 0.043
0 0.1421 0.7565 0.0361 0.0469
0 0.0474 0.7845 0.0303 0.0482
0 0.2114 0.6406 0.0264 0.0469
0 0.4785 0.6602 0.0449 0.0781
0 0.1357 0.5977 0.0195 0.0365
0 0.2173 0.5729 0.0166 0.0286
0 0.5796 0.3438 0.0342 0.0677
