0 0.0708 0.3526 0.0225 0.0396
0 0.1343 0.3614 0.0146 0.0279
0 0.0942 0.3534 0.0166 0.0323
0 0.2114 0.3673 0.0127 0.0249
0 0.2524 0.3394 0.0166 0.0308
0 0.3042 0.3783 0.0107 0.0264
0 0.3208 0.3732 0.0107 0.022
0 0.3584 0.371 0.0156 0.0293
0 0.5884 0.3805 0.0322 0.0601
0 0.5435 0.3768 0.0205 0.0352
0 0.4873 0.3871 0.0137 0.0235
0 0.459 0.3893 0.0156 0.0279
0 0.4253 0.3761 0.0107 0.0191
0 0.8003 0.3878 0.0088 0.0191
0 0.7715 0.4054 0.0078 0.0161
0 0.7446 0.4282 0.0068 0.0147
0 0.7222 0.3959 0.0107 0.0205
0 0.7007 0.3739 0.0068 0.0147
0 0.6533 0.39 0.0137 0.0293
0 0.6426 0.4018 0.0117 0.0235
0 0.9351 0.36 0.0361 0.0572
0 0.9604 0.14 0.0107 0.0191
0 0.8867 0.1444 0.0098 0.0191
0 0.8374 0.2089 0.0088 0.0132
0 0.8154 0.2009 0.0098 0.0147
0 0.7847 0.2346 0.0088 0.0147
0 0.7573 0.2302 0.0088 0.0117
0 0.7329 0.2273 0.0127 0.0147
0 0.7153 0.2529 0.0088 0.0132
0 0.9941 0.0931 0.0098 0.0279
0 0.0034 0.36 0.0088 0.0161
0 0.0117 0.3306 0.0098 0.022
0 0.6836 0.2705 0.0059 0.0132
0 0.6777 0.3812 0.0078 0.0147
