0 0.9116 0.194 0.0459 0.0946
0 0.8643 0.2752 0.0312 0.071
0 0.7896 0.2295 0.0342 0.0741
0 0.6846 0.3028 0.0293 0.0599
0 0.7344 0.2894 0.0293 0.0584
0 0.9795 0.0386 0.0156 0.0363
0 0.3071 0.0631 0.0186 0.0379
0 0.6997 0.2721 0.0205 0.0552
0 0.4648 0.1759 0.041 0.0836
0 0.3345 0.3155 0.0244 0.0599
0 0.355 0.291 0.0264 0.0615
0 0.292 0.2287 0.0273 0.0505
0 0.2256 0.3454 0.0273 0.0568
0 0.1431 0.2492 0.0225 0.0442
0 0.2144 0.3139 0.0283 0.0568
0 0.1997 0.2689 0.0244 0.0489
0 0.0947 0.2397 0.0391 0.0757
0 0.0493 0.2689 0.0283 0.0489
0 0.0303 0.235 0.0254 0.0536
0 0.6465 0.2879 0.0273 0.0489
0 0.6191 0.239 0.0254 0.0489
0 0.9556 0.261 0.0283 0.0584
0 0.9165 0.0465 0.0146 0.03
0 0.6899 0.0576 0.0186 0.0331
0 0.6284 0.0694 0.0146 0.0315
0 0.5513 0.0694 0.0146 0.0347
0 0.4961 0.0473 0.0176 0.0347
0 0.3745 0.0639 0.0186 0.0363
