0 0.1572 0.5749 0.0332 0.0661
0 0.126 0.4251 0.0312 0.0602
0 0.1011 0.3377 0.0225 0.0441
0 0.2632 0.5778 0.0361 0.0602
0 0.2285 0.4207 0.0312 0.0514
0 0.3442 0.4141 0.0264 0.0529
0 0.3867 0.594 0.0371 0.0543
0 0.1851 0.2863 0.0244 0.0441
0 0.2954 0.2907 0.0244 0.0411
0 0.2686 0.2651 0.0195 0.0367
0 0.1509 0.2482 0.0205 0.0352
0 0.374 0.2592 0.0195 0.0338
0 0.4102 0.293 0.0234 0.0396
0 0.4609 0.2717 0.0215 0.0323
0 0.5049 0.2893 0.0215 0.0441
0 0.4487 0.4244 0.0283 0.0499
0 0.5542 0.409 0.0322 0.0602
0 0.5054 0.591 0.0303 0.0573
0 0.6387 0.5888 0.0332 0.0529
0 0.6055 0.2863 0.0215 0.0382
0 0.6572 0.2841 0.0195 0.0338
0 0.7026 0.304 0.0244 0.0411
0 0.7344 0.2819 0.0195 0.0382
0 0.8042 0.3025 0.0244 0.047
0 0.8589 0.4185 0.0283 0.0529
0 0.7637 0.4295 0.0254 0.0455
0 0.6641 0.4156 0.0273 0.0529
0 0.7432 0.6211 0.0312 0.0529
0 0.8438 0.5991 0.0352 0.0675
