0 0.043 0.5247 0.0312 0.048
0 0.0488 0.4661 0.0137 0.024
0 0.0684 0.4584 0.0098 0.0169
0 0.1021 0.4556 0.0146 0.031
0 0.0933 0.4513 0.0068 0.0141
0 0.186 0.4478 0.0127 0.0268
0 0.1646 0.445 0.0029 0.0071
0 0.2627 0.4386 0.0176 0.0254
0 0.3481 0.5014 0.0361 0.0578
0 0.3945 0.5099 0.0215 0.0353
0 0.5024 0.5945 0.0264 0.055
0 0.6606 0.5113 0.0264 0.0522
0 0.5894 0.5402 0.0283 0.0536
0 0.585 0.4457 0.0234 0.0395
0 0.5322 0.5007 0.0059 0.0113
0 0.6235 0.4901 0.0146 0.0353
0 0.7271 0.4753 0.0088 0.0141
0 0.6143 0.4626 0.0176 0.031
0 0.8711 0.4337 0.0273 0.0494
0 0.9097 0.5621 0.0186 0.0296
0 0.9702 0.4993 0.0088 0.0141
0 0.1313 0.4937 0.0244 0.0395
