0 0.0845 0.446 0.0264 0.0548
0 0.042 0.3605 0.0156 0.0365
0 0.0928 0.3355 0.0117 0.0266
0 0.0674 0.3513 0.0137 0.0249
0 0.1411 0.3239 0.0088 0.0133
0 0.186 0.363 0.0107 0.0249
0 0.2227 0.441 0.0234 0.0482
0 0.2939 0.4294 0.0156 0.0349
0 0.2861 0.3605 0.0098 0.0199
0 0.3076 0.3738 0.0117 0.0199
0 0.3267 0.4194 0.0244 0.0415
0 0.1479 0.3248 0.0088 0.015
0 0.3633 0.4252 0.0234 0.0465
0 0.2319 0.4302 0.0166 0.0365
0 0.4058 0.4203 0.0166 0.0365
0 0.4399 0.4352 0.0186 0.0399
0 0.4761 0.4161 0.0205 0.0449
0 0.4521 0.3895 0.0098 0.0183
0 0.4897 0.4078 0.0186 0.0415
0 0.5215 0.4045 0.0195 0.0382
0 0.4399 0.2957 0.0146 0.0233
0 0.5688 0.3879 0.0244 0.0382
0 0.6108 0.3713 0.0186 0.0282
0 0.6074 0.4111 0.0176 0.0316
0 0.6831 0.4145 0.0264 0.0482
0 0.6997 0.4053 0.0186 0.0432
0 0.7222 0.397 0.0166 0.0365
0 0.668 0.387 0.0137 0.0299
0 0.6284 0.3679 0.0127 0.0216
0 0.6465 0.2782 0.0137 0.0249
0 0.7417 0.4111 0.0127 0.0216
0 0.7368 0.2998 0.0107 0.015
0 0.7866 0.407 0.0225 0.0465
0 0.8589 0.4336 0.0225 0.0365
0 0.9028 0.4186 0.0186 0.0432
0 0.9219 0.4169 0.0117 0.0233
0 0.957 0.4145 0.0156 0.0282
0 0.8867 0.4336 0.0137 0.0199
0 0.9722 0.4601 0.0127 0.0233
0 0.9722 0.407 0.0088 0.0166
0 0.9443 0.4394 0.0098 0.0216
0 0.9707 0.6038 0.0293 0.0449
0 0.9873 0.6512 0.0195 0.0565
0 0.8315 0.4252 0.0107 0.0233
0 0.8149 0.4169 0.0107 0.0233
0 0.2773 0.4485 0.0215 0.0399
0 0.2168 0.3397 0.0117 0.0282
0 0.2427 0.358 0.0107 0.0216
0 0.542 0.3929 0.0156 0.0415
0 0.0479 0.4336 0.0176 0.0399
