0 0.8213 0.5161 0.0215 0.0425
0 0.7983 0.4883 0.0225 0.0512
0 0.0747 0.6823 0.0361 0.0703
0 0.0049 0.3382 0.0117 0.0351
0 0.125 0.3206 0.0234 0.0439
0 0.2393 0.2928 0.0234 0.041
0 0.4775 0.2357 0.0254 0.0586
0 0.7437 0.2299 0.0361 0.0732
0 0.5972 0.5242 0.0244 0.041
0 0.6616 0.5329 0.0225 0.0439
0 0.6606 0.4963 0.0166 0.0293
0 0.5981 0.4949 0.0225 0.0351
0 0.5459 0.5373 0.0156 0.0381
0 0.4019 0.5095 0.0205 0.0381
0 0.3696 0.5454 0.0146 0.0337
0 0.9292 0.5205 0.0244 0.0454
0 0.8984 0.4817 0.0215 0.0351
0 0.9565 0.4971 0.0205 0.0454
