0 0.1958 0.4476 0.0186 0.0271
0 0.1758 0.4488 0.0137 0.0222
0 0.1792 0.4303 0.0107 0.0173
0 0.2197 0.4316 0.0117 0.0197
0 0.6362 0.4457 0.0186 0.0333
0 0.646 0.4205 0.0127 0.0123
0 0.6748 0.4174 0.0156 0.021
0 0.6973 0.4371 0.0176 0.0308
0 0.7017 0.4118 0.0088 0.0099
0 0.7212 0.4359 0.0107 0.0136
0 0.751 0.4772 0.0254 0.0395
0 0.793 0.4525 0.0234 0.0345
0 0.7534 0.4279 0.0166 0.0222
0 0.8057 0.4303 0.0156 0.0296
0 0.897 0.4427 0.0166 0.0247
0 0.9492 0.4476 0.0273 0.0321
0 0.9727 0.4118 0.0137 0.0197
0 0.2446 0.4451 0.0166 0.0247
0 0.23 0.4316 0.0107 0.0173
0 0.2793 0.4359 0.0195 0.0284
0 0.3052 0.4266 0.0146 0.0222
0 0.3223 0.4174 0.0137 0.021
0 0.3511 0.4217 0.0146 0.0271
0 0.3369 0.4877 0.0293 0.053
0 0.3062 0.4969 0.0361 0.0617
0 0.103 0.6147 0.0459 0.09
0 0.0752 0.5302 0.043 0.0764
0 0.0288 0.4926 0.0381 0.0284
0 0.3779 0.4254 0.0156 0.0222
0 0.394 0.439 0.0186 0.0271
0 0.4072 0.4494 0.0254 0.0358
0 0.4268 0.4957 0.0312 0.0296
0 0.4492 0.4112 0.0156 0.0234
0 0.4854 0.434 0.0195 0.0296
0 0.5063 0.4088 0.0127 0.0185
0 0.5176 0.4396 0.0137 0.0234
0 0.5386 0.4236 0.0146 0.016
0 0.5415 0.4149 0.0107 0.0136
0 0.5352 0.4519 0.0195 0.0308
0 0.5762 0.4303 0.0176 0.0296
0 0.6143 0.4242 0.0137 0.0148
0 0.5967 0.5549 0.0371 0.0715
0 0.6157 0.7096 0.0498 0.1171
0 0.6685 0.5086 0.0244 0.0506
0 0.7603 0.4192 0.0107 0.0173
0 0.8521 0.4088 0.0127 0.016
0 0.0195 0.4488 0.0156 0.0222
0 0.1128 0.4587 0.0166 0.0247
0 0.6084 0.5234 0.0312 0.0604
