0 0.3999 0.4868 0.0107 0.022
0 0.3833 0.4619 0.0107 0.0132
0 0.3682 0.4876 0.0098 0.0176
0 0.355 0.4561 0.0088 0.0161
0 0.3706 0.4348 0.0088 0.0176
0 0.3535 0.4458 0.0098 0.0132
0 0.3452 0.4268 0.0088 0.0161
0 0.3354 0.4392 0.0107 0.0146
0 0.3179 0.4649 0.0088 0.0161
0 0.3462 0.5227 0.0127 0.0234
0 0.3086 0.5168 0.0137 0.0205
0 0.3145 0.552 0.0156 0.0264
0 0.3428 0.6032 0.0156 0.0293
0 0.3794 0.5637 0.0166 0.0322
0 0.3638 0.5439 0.0146 0.0278
0 0.4014 0.5329 0.0137 0.0234
0 0.4229 0.5395 0.0137 0.0278
0 0.4102 0.5827 0.0176 0.0293
0 0.4448 0.5593 0.0166 0.0322
0 0.4585 0.5205 0.0127 0.019
0 0.4678 0.5615 0.0176 0.0337
0 0.5112 0.5505 0.0146 0.0293
0 0.4692 0.4934 0.0088 0.0176
0 0.4614 0.4546 0.0088 0.0161
0 0.4438 0.4348 0.0088 0.0176
0 0.4219 0.4561 0.0078 0.0161
0 0.4355 0.4949 0.0117 0.0176
0 0.3872 0.4239 0.0088 0.0132
0 0.4126 0.4341 0.0107 0.0161
0 0.2861 0.4488 0.0098 0.0102
0 0.2852 0.4912 0.0098 0.022
0 0.2583 0.4707 0.0088 0.0161
0 0.2617 0.4444 0.0098 0.0161
0 0.2212 0.437 0.0088 0.0132
0 0.2236 0.5146 0.0137 0.0249
0 0.2378 0.5483 0.0186 0.0278
0 0.2563 0.5469 0.0146 0.0278
0 0.2686 0.5732 0.0176 0.0337
0 0.2891 0.5608 0.0176 0.0293
0 0.2803 0.5271 0.0117 0.0234
0 0.4912 0.5417 0.0137 0.0264
0 0.4937 0.4802 0.0088 0.0176
0 0.5073 0.5029 0.0107 0.0161
0 0.5264 0.5161 0.0137 0.022
0 0.5361 0.4802 0.0098 0.0176
0 0.5317 0.4553 0.0088 0.0146
0 0.6206 0.4568 0.0088 0.0176
0 0.5981 0.4363 0.0107 0.0146
0 0.5684 0.4429 0.0078 0.0132
0 0.5845 0.481 0.0107 0.019
0 0.6016 0.4744 0.0117 0.0176
0 0.5708 0.4985 0.0107 0.019
0 0.6025 0.5351 0.0137 0.022
0 0.6157 0.5139 0.0107 0.0146
0 0.6333 0.489 0.0107 0.0176
0 0.6523 0.4605 0.0098 0.0161
0 0.6748 0.4634 0.0098 0.0161
0 0.6919 0.5051 0.0107 0.0176
0 0.6528 0.5066 0.0107 0.0176
0 0.6602 0.5403 0.0117 0.0234
0 0.6387 0.5857 0.0215 0.0322
0 0.6201 0.571 0.0176 0.0293
0 0.5767 0.5732 0.0186 0.0307
0 0.563 0.5886 0.0166 0.0322
0 0.709 0.5857 0.0215 0.0322
0 0.6812 0.5556 0.0166 0.0278
0 0.7188 0.4971 0.0117 0.019
0 0.749 0.5146 0.0117 0.019
0 0.7407 0.549 0.0146 0.0293
0 0.751 0.5798 0.0176 0.0293
0 0.7729 0.5937 0.0186 0.0307
0 0.772 0.5512 0.0146 0.0249
0 0.7759 0.5088 0.0107 0.0161
0 0.8032 0.552 0.0127 0.0322
0 0.9043 0.5593 0.0156 0.0264
0 0.9326 0.593 0.0176 0.0293
0 0.8735 0.6054 0.0205 0.0278
0 0.8525 0.5747 0.0176 0.0249
0 0.8384 0.5417 0.0146 0.0234
0 0.8237 0.5102 0.0127 0.019
0 0.8228 0.5908 0.0186 0.0366
0 0.5581 0.5373 0.0146 0.0234
0 0.1953 0.522 0.0156 0.0249
0 0.208 0.5673 0.0176 0.0337
0 0.1826 0.5534 0.0137 0.0293
0 0.1528 0.5754 0.0146 0.0264
0 0.1392 0.5337 0.0127 0.022
0 0.1079 0.5615 0.0166 0.0307
0 0.0356 0.5747 0.0205 0.0337
0 0.4897 0.4583 0.0088 0.0146
0 0.3125 0.4348 0.0078 0.0146
0 0.3066 0.4517 0.0078 0.0161
0 0.292 0.4693 0.0078 0.0161
0 0.3291 0.4912 0.0098 0.019
0 0.335 0.5681 0.0156 0.0234
