0 0.2456 0.3809 0.0225 0.0352
0 0.2207 0.418 0.0215 0.0391
0 0.189 0.4258 0.0322 0.0521
0 0.0957 0.388 0.0234 0.0391
0 0.0586 0.3757 0.0215 0.0352
0 0.2305 0.5417 0.0684 0.1224
0 0.1553 0.4844 0.0332 0.0651
0 0.3232 0.4017 0.0195 0.0378
0 0.3755 0.3548 0.0127 0.0221
0 0.3857 0.4316 0.0293 0.0586
0 0.4351 0.4076 0.0205 0.0391
0 0.4438 0.3626 0.0107 0.0169
0 0.46 0.3359 0.0098 0.0182
0 0.5103 0.3483 0.0088 0.0247
0 0.5615 0.3385 0.0176 0.0234
0 0.5806 0.3294 0.0146 0.0208
0 0.5933 0.334 0.0107 0.0195
0 0.6182 0.3288 0.0137 0.0221
0 0.6567 0.3464 0.0166 0.0312
0 0.6592 0.3275 0.0137 0.0221
0 0.688 0.3529 0.0166 0.0312
0 0.7539 0.3268 0.0156 0.026
0 0.6572 0.4583 0.041 0.0703
0 0.6182 0.4049 0.0234 0.0391
0 0.4668 0.5482 0.043 0.0859
0 0.8228 0.3346 0.0205 0.0286
0 0.8667 0.3405 0.0166 0.0221
0 0.8843 0.334 0.0186 0.0273
0 0.9155 0.3626 0.0205 0.0326
0 0.813 0.3724 0.0225 0.0365
0 0.8232 0.4284 0.0312 0.0521
0 0.978 0.3626 0.0146 0.0195
0 0.3477 0.4401 0.0215 0.0365
