0 0.7441 0.4971 0.0312 0.0688
0 0.791 0.4473 0.0156 0.0307
0 0.7627 0.4363 0.0137 0.0264
0 0.7158 0.4641 0.0254 0.0527
0 0.7046 0.4305 0.0146 0.0293
0 0.688 0.4649 0.0127 0.0249
0 0.6553 0.4788 0.0215 0.0381
0 0.627 0.4297 0.0098 0.019
0 0.6094 0.5081 0.0332 0.0644
0 0.5815 0.4876 0.0264 0.0469
0 0.5195 0.4517 0.0117 0.0278
0 0.5264 0.4327 0.0098 0.019
0 0.5405 0.3946 0.0107 0.0161
0 0.5571 0.4539 0.0107 0.0176
0 0.5972 0.4502 0.0146 0.0249
0 0.6084 0.4327 0.0078 0.0161
0 0.8716 0.4575 0.0166 0.0278
0 0.9072 0.437 0.0156 0.022
0 0.9326 0.4641 0.0254 0.041
0 0.8237 0.4334 0.0107 0.0234
0 0.8364 0.4422 0.0146 0.0293
0 0.8506 0.448 0.0156 0.0264
0 0.8096 0.4356 0.0117 0.0161
0 0.7764 0.4327 0.0117 0.0278
0 0.9849 0.4436 0.0146 0.0293
0 0.3555 0.4561 0.0195 0.0395
0 0.374 0.4385 0.0137 0.0307
0 0.4312 0.366 0.0146 0.0264
0 0.4102 0.3821 0.0117 0.0176
0 0.4932 0.451 0.0156 0.0264
0 0.3125 0.5176 0.0332 0.063
0 0.3105 0.4253 0.0098 0.019
0 0.2896 0.4283 0.0107 0.022
0 0.2798 0.448 0.0186 0.0322
0 0.2603 0.4685 0.0205 0.0351
0 0.2432 0.4605 0.0117 0.022
0 0.2183 0.4919 0.0225 0.0381
0 0.2046 0.4619 0.0166 0.0337
0 0.1738 0.4473 0.0176 0.0249
0 0.3394 0.4502 0.0127 0.0278
0 0.1362 0.522 0.0361 0.06
0 0.1406 0.4524 0.0156 0.0322
0 0.1108 0.4531 0.0146 0.0278
0 0.0679 0.4839 0.0244 0.0395
0 0.0225 0.4978 0.0293 0.0381
0 0.021 0.5505 0.0342 0.0586
0 0.043 0.3851 0.0137 0.0234
0 0.6753 0.4356 0.0127 0.022
0 0.7515 0.4502 0.0186 0.0307
