0 0.2339 0.6859 0.0146 0.0307
0 0.1821 0.7094 0.0166 0.0249
0 0.1553 0.6647 0.0156 0.0234
0 0.1055 0.6654 0.0176 0.0307
0 0.1616 0.6054 0.0166 0.0249
0 0.2002 0.6259 0.0156 0.0249
0 0.229 0.6435 0.0146 0.022
0 0.269 0.653 0.0166 0.0293
0 0.3047 0.6223 0.0156 0.0293
0 0.3477 0.6091 0.0137 0.0293
0 0.2578 0.59 0.0156 0.0264
0 0.1157 0.5908 0.0186 0.0278
0 0.3042 0.549 0.0146 0.0264
0 0.3872 0.5637 0.0146 0.0264
0 0.3516 0.5359 0.0156 0.0264
0 0.3955 0.5234 0.0137 0.0249
0 0.4087 0.4817 0.0127 0.0264
0 0.4453 0.5249 0.0137 0.0249
0 0.4429 0.5717 0.0146 0.0307
0 0.5015 0.5739 0.0166 0.0322
0 0.4951 0.5095 0.0137 0.0264
0 0.4629 0.4846 0.0117 0.0234
0 0.3237 0.4963 0.0146 0.0264
0 0.2935 0.47 0.0146 0.0293
0 0.2656 0.5264 0.0176 0.0278
0 0.2397 0.4817 0.0146 0.0234
0 0.2056 0.489 0.0146 0.0264
0 0.2236 0.5703 0.0156 0.0278
0 0.1841 0.5564 0.0146 0.0264
0 0.165 0.5198 0.0156 0.0293
0 0.1743 0.4905 0.0146 0.0234
0 0.604 0.5959 0.0146 0.0293
0 0.5439 0.5922 0.0156 0.0249
0 0.5488 0.5307 0.0137 0.0278
0 0.5913 0.5102 0.0166 0.0307
0 0.626 0.4685 0.0137 0.0293
0 0.6528 0.5286 0.0127 0.0293
0 0.6816 0.4766 0.0156 0.0307
0 0.7266 0.4868 0.0156 0.0278
0 0.7134 0.5388 0.0166 0.0322
0 0.6479 0.5952 0.0146 0.0278
0 0.5703 0.4575 0.0137 0.0249
0 0.5264 0.4751 0.0137 0.0249
0 0.73 0.6288 0.0166 0.0307
0 0.8628 0.552 0.0146 0.0264
0 0.9111 0.5644 0.0176 0.0278
0 0.9448 0.5286 0.0166 0.0264
0 0.8896 0.4985 0.0156 0.0278
0 0.9023 0.4671 0.0156 0.0264
0 0.834 0.4758 0.0156 0.0293
0 0.8154 0.5073 0.0156 0.0307
0 0.8096 0.5622 0.0156 0.0264
0 0.8032 0.6157 0.0186 0.0337
0 0.8521 0.6288 0.0166 0.0307
0 0.9106 0.6332 0.0186 0.0278
0 0.9102 0.6962 0.0176 0.0337
0 0.7529 0.5505 0.0137 0.0293
0 0.7783 0.4802 0.0156 0.0322
0 0.7925 0.4671 0.0127 0.0264
0 0.8931 0.3734 0.0127 0.0293
0 0.8706 0.4136 0.0127 0.0249
0 0.8359 0.4356 0.0137 0.0278
0 0.8267 0.3909 0.0146 0.0264
0 0.8398 0.3609 0.0137 0.022
0 0.8267 0.3309 0.0127 0.0205
0 0.7998 0.3507 0.0117 0.022
0 0.7598 0.3243 0.0117 0.022
0 0.7383 0.2796 0.0137 0.0264
0 0.7241 0.3324 0.0127 0.0234
0 0.7217 0.366 0.0137 0.0264
0 0.751 0.41 0.0137 0.0264
0 0.7729 0.3807 0.0146 0.0234
0 0.7983 0.4129 0.0146 0.0264
0 0.6284 0.3302 0.0127 0.0249
0 0.6641 0.2818 0.0117 0.0249
0 0.7031 0.2936 0.0117 0.0249
0 0.6841 0.3309 0.0107 0.0234
0 0.6636 0.3836 0.0127 0.0264
0 0.6875 0.4187 0.0137 0.0264
0 0.6411 0.4122 0.0146 0.0278
0 0.5957 0.4063 0.0117 0.022
0 0.5537 0.4107 0.0117 0.022
0 0.5386 0.3712 0.0127 0.022
0 0.5762 0.3331 0.0117 0.0249
0 0.5742 0.2753 0.0117 0.0205
0 0.6216 0.2906 0.0107 0.022
0 0.6128 0.2584 0.0127 0.0249
0 0.5518 0.2496 0.0117 0.022
0 0.5361 0.2745 0.0117 0.0249
0 0.5083 0.2562 0.0127 0.0205
0 0.5269 0.3287 0.0127 0.022
0 0.4927 0.2958 0.0107 0.0176
0 0.4775 0.2452 0.0098 0.019
0 0.4829 0.3367 0.0107 0.0234
0 0.4995 0.3704 0.0127 0.0264
0 0.5112 0.4253 0.0127 0.0249
0 0.479 0.4107 0.0127 0.022
0 0.606 0.3631 0.0127 0.0264
0 0.4062 0.3865 0.0117 0.0234
0 0.438 0.407 0.0127 0.0264
0 0.4614 0.369 0.0127 0.0264
0 0.4409 0.451 0.0127 0.0234
0 0.396 0.429 0.0127 0.0234
0 0.3643 0.4546 0.0137 0.0278
0 0.3765 0.3653 0.0127 0.0249
0 0.3691 0.3155 0.0137 0.0249
0 0.4243 0.347 0.0127 0.0264
0 0.4507 0.3126 0.0127 0.0249
0 0.4688 0.2767 0.0137 0.0234
0 0.4404 0.2504 0.0098 0.0234
0 0.4258 0.2716 0.0117 0.022
0 0.4111 0.3038 0.0117 0.0249
0 0.3784 0.2753 0.0107 0.0234
0 0.3413 0.2928 0.0107 0.0205
0 0.3164 0.257 0.0098 0.022
0 0.291 0.2965 0.0137 0.022
0 0.3052 0.3389 0.0127 0.0249
0 0.3291 0.3755 0.0117 0.022
0 0.3452 0.4056 0.0166 0.0293
0 0.3135 0.4165 0.0137 0.0249
0 0.2837 0.3836 0.0146 0.0264
0 0.2686 0.4275 0.0156 0.0234
0 0.2095 0.4517 0.0166 0.0249
0 0.2031 0.4136 0.0137 0.0249
0 0.2197 0.3895 0.0137 0.0264
0 0.2432 0.3968 0.0137 0.0293
0 0.2617 0.3426 0.0117 0.0234
0 0.2144 0.3514 0.0127 0.0264
0 0.1855 0.3353 0.0137 0.0234
0 0.2114 0.3016 0.0127 0.0234
0 0.2358 0.3082 0.0127 0.0249
0 0.1704 0.399 0.0146 0.0249
0 0.1792 0.366 0.0127 0.0234
0 0.145 0.3507 0.0146 0.022
0 0.1362 0.3807 0.0146 0.0234
0 0.1196 0.4327 0.0146 0.0249
0 0.1309 0.4736 0.0156 0.0278
0 0.1729 0.4473 0.0156 0.0278
0 0.0903 0.3997 0.0166 0.0264
0 0.0605 0.4312 0.0156 0.0249
0 0.0654 0.4627 0.0156 0.0264
0 0.0728 0.5102 0.0166 0.0249
0 0.0894 0.478 0.0166 0.022
0 0.1045 0.5022 0.0176 0.0234
0 0.1284 0.5227 0.0146 0.0293
0 0.1152 0.5534 0.0195 0.0264
0 0.2578 0.2767 0.0137 0.0234
