0 0.9512 0.4941 0.0352 0.0571
0 0.8828 0.5022 0.0352 0.0615
0 0.8223 0.5022 0.0371 0.0615
0 0.8027 0.4407 0.0293 0.0498
0 0.7471 0.3865 0.0273 0.0469
0 0.7363 0.5425 0.0352 0.063
0 0.6421 0.4868 0.0381 0.0659
0 0.7021 0.3997 0.0312 0.0527
0 0.541 0.3712 0.0332 0.0542
0 0.5781 0.4158 0.0273 0.0527
0 0.6123 0.4114 0.0293 0.0527
0 0.6284 0.3814 0.0244 0.0454
0 0.5459 0.4978 0.0391 0.0644
0 0.3286 0.4283 0.0283 0.0483
0 0.3726 0.5322 0.0361 0.0659
0 0.4556 0.5168 0.04 0.0615
0 0.4092 0.3968 0.0352 0.0556
0 0.1753 0.593 0.0381 0.0673
0 0.2788 0.5015 0.0381 0.0688
0 0.1196 0.5183 0.0381 0.0644
0 0.2217 0.4553 0.0332 0.0556
0 0.4976 0.4744 0.0283 0.0644
0 0.8784 0.1984 0.0068 0.0132
