0 0.8936 0.2612 0.0391 0.0668
0 0.8848 0.4623 0.043 0.0653
0 0.854 0.574 0.0459 0.0798
0 0.8013 0.5363 0.0381 0.0653
0 0.791 0.2779 0.0332 0.0595
0 0.8286 0.3041 0.0244 0.0508
0 0.8594 0.2852 0.0332 0.0537
0 0.7632 0.3113 0.0264 0.0508
0 0.7158 0.3149 0.0273 0.0464
0 0.7246 0.2765 0.0254 0.045
0 0.7729 0.2714 0.0205 0.0377
0 0.8086 0.2707 0.0176 0.0421
0 0.6831 0.2932 0.0283 0.0493
0 0.6514 0.3149 0.0293 0.0522
0 0.6235 0.3091 0.0225 0.0435
0 0.6411 0.2714 0.0264 0.0377
0 0.6675 0.5406 0.0303 0.0537
0 0.7559 0.6067 0.0352 0.0581
0 0.6104 0.6118 0.0391 0.0711
0 0.5278 0.6168 0.0342 0.061
0 0.5684 0.5058 0.0293 0.0537
0 0.5137 0.5087 0.0273 0.0508
0 0.4824 0.5356 0.0312 0.0552
0 0.4077 0.6234 0.0381 0.0624
0 0.3896 0.5682 0.0293 0.0508
0 0.5938 0.3171 0.0273 0.0508
0 0.5796 0.2816 0.0244 0.0406
0 0.5605 0.3389 0.0254 0.0508
0 0.5483 0.2743 0.0264 0.0435
0 0.5244 0.299 0.0254 0.0464
0 0.5059 0.2685 0.0234 0.0435
0 0.4834 0.291 0.0273 0.045
0 0.4468 0.3041 0.0283 0.0537
0 0.4102 0.2707 0.0273 0.045
0 0.3691 0.3062 0.0293 0.0522
0 0.3853 0.2845 0.0225 0.0464
0 0.3315 0.2954 0.0244 0.0479
0 0.3027 0.3273 0.0273 0.0421
0 0.3057 0.2801 0.0254 0.0435
0 0.2656 0.2917 0.0254 0.0493
0 0.2344 0.2852 0.0293 0.0537
0 0.1807 0.2671 0.0371 0.0639
0 0.21 0.3041 0.0234 0.0392
0 0.0962 0.275 0.0459 0.0653
0 0.1387 0.2823 0.0234 0.045
0 0.1118 0.3004 0.0225 0.0377
0 0.2944 0.6437 0.0361 0.0624
0 0.2866 0.5414 0.0322 0.0552
0 0.167 0.5522 0.043 0.074
