0 0.0356 0.4523 0.0146 0.0294
0 0.1753 0.4956 0.0127 0.025
0 0.2368 0.4941 0.0146 0.025
0 0.2939 0.4883 0.0098 0.022
0 0.3145 0.4941 0.0117 0.0191
0 0.3496 0.489 0.0098 0.0206
0 0.3701 0.4824 0.0078 0.0162
0 0.4043 0.4883 0.0078 0.0162
0 0.4243 0.4853 0.0088 0.0191
0 0.5015 0.4846 0.0107 0.0235
0 0.5098 0.4993 0.0098 0.0206
0 0.6143 0.4831 0.0117 0.0206
0 0.6387 0.5132 0.0215 0.0396
0 0.5708 0.4714 0.0068 0.0147
0 0.5786 0.4743 0.0068 0.0147
0 0.4502 0.4912 0.0137 0.025
0 0.4883 0.4816 0.0078 0.0147
0 0.7637 0.5044 0.0215 0.0367
0 0.7803 0.4728 0.0098 0.0206
0 0.8389 0.4971 0.0156 0.0338
0 0.8281 0.5514 0.0156 0.0396
0 0.8857 0.4838 0.0137 0.0279
0 0.9067 0.5059 0.0127 0.0338
0 0.9639 0.4956 0.0156 0.0308
0 0.9561 0.4721 0.0098 0.0191
0 0.9907 0.4714 0.0088 0.0176
0 0.5605 0.4853 0.0078 0.0191
