0 0.1006 0.3194 0.0254 0.0793
0 0.1182 0.3027 0.0273 0.0752
0 0.2119 0.3257 0.0332 0.0752
0 0.2534 0.285 0.0244 0.0689
0 0.3125 0.2714 0.0332 0.0752
0 0.5249 0.2547 0.0244 0.0668
0 0.4756 0.2411 0.0273 0.0605
0 0.4297 0.2578 0.0293 0.0647
0 0.3716 0.142 0.0244 0.0585
0 0.7407 0.2756 0.0283 0.0585
0 0.6636 0.2756 0.0283 0.0626
0 0.5942 0.2756 0.0283 0.0626
0 0.5649 0.2317 0.0264 0.0585
0 0.5137 0.2098 0.0273 0.0605
0 0.707 0.2109 0.0234 0.0668
0 0.9238 0.1649 0.0234 0.0543
0 0.8926 0.2411 0.0273 0.0647
0 0.8486 0.2265 0.0254 0.0605
0 0.7979 0.1837 0.0254 0.0626
0 0.8022 0.1086 0.0225 0.0626
0 0.7852 0.2641 0.0254 0.0605
