0 0.1406 0.4985 0.0332 0.06
0 0.2354 0.4839 0.0312 0.0688
0 0.0635 0.4231 0.0371 0.0644
0 0.0854 0.369 0.0322 0.0644
0 0.1689 0.4041 0.0371 0.0644
0 0.1904 0.3602 0.0312 0.0644
0 0.2539 0.3836 0.0332 0.0615
0 0.3057 0.429 0.0312 0.0761
0 0.2153 0.2694 0.0303 0.0527
0 0.3008 0.317 0.0312 0.0659
0 0.3491 0.246 0.0283 0.0644
0 0.3794 0.3433 0.0342 0.063
0 0.4292 0.317 0.0303 0.0571
0 0.4727 0.2277 0.0273 0.0571
0 0.4966 0.3163 0.0342 0.0732
0 0.561 0.3141 0.0303 0.0483
0 0.584 0.4319 0.0293 0.0586
0 0.627 0.4004 0.0312 0.0659
0 0.6548 0.3492 0.0303 0.0659
0 0.6416 0.2555 0.0293 0.0512
0 0.4893 0.4297 0.0293 0.0571
0 0.6768 0.4517 0.0352 0.0688
0 0.7705 0.4802 0.0312 0.0586
0 0.8662 0.4934 0.0332 0.0615
0 0.8076 0.3821 0.0273 0.0586
0 0.8442 0.4422 0.0322 0.0673
0 0.7134 0.3799 0.0283 0.0542
0 0.7539 0.3712 0.0293 0.0483
0 0.7329 0.287 0.0303 0.0586
0 0.8174 0.2862 0.0273 0.0659
0 0.9419 0.4722 0.0303 0.0571
0 0.4048 0.4231 0.0303 0.0586
