0 0.2095 0.5273 0.0146 0.026
0 0.1802 0.5228 0.0166 0.0273
0 0.1465 0.5345 0.0156 0.0273
0 0.1206 0.5247 0.0166 0.0234
0 0.3286 0.5352 0.0186 0.0312
0 0.3086 0.5215 0.0156 0.0273
0 0.2876 0.526 0.0166 0.0312
0 0.2529 0.5247 0.0137 0.0234
0 0.3623 0.5078 0.0156 0.0286
0 0.397 0.5078 0.0146 0.0286
0 0.4209 0.5169 0.0176 0.0286
0 0.4795 0.5104 0.0156 0.0312
0 0.5117 0.5189 0.0156 0.0273
0 0.5337 0.541 0.0146 0.0247
0 0.5254 0.5007 0.0156 0.0247
0 0.5605 0.5137 0.0176 0.0299
0 0.5898 0.5241 0.0176 0.0326
0 0.7563 0.5013 0.0166 0.0312
0 0.7217 0.5104 0.0195 0.0286
0 0.6875 0.4974 0.0195 0.0312
0 0.6509 0.5033 0.0186 0.0273
0 0.7847 0.5156 0.0186 0.0339
0 0.8311 0.4961 0.0215 0.0312
0 0.8672 0.4974 0.0195 0.0339
