0 0.0566 0.577 0.0234 0.0492
0 0.1528 0.5639 0.0225 0.0492
0 0.0962 0.4943 0.0225 0.0508
0 0.1929 0.4926 0.0225 0.041
0 0.1348 0.459 0.0195 0.0393
0 0.1084 0.4221 0.0176 0.0344
0 0.2207 0.4213 0.0195 0.0492
0 0.2246 0.5205 0.0195 0.0541
0 0.2598 0.5369 0.0234 0.0607
0 0.1792 0.3648 0.0186 0.0443
0 0.1245 0.3574 0.0166 0.0361
0 0.2529 0.4 0.0195 0.0426
0 0.2969 0.4189 0.0215 0.0475
0 0.3145 0.3598 0.0176 0.041
0 0.2397 0.3377 0.0166 0.0393
0 0.2036 0.3311 0.0186 0.0295
0 0.1733 0.2254 0.0146 0.0279
0 0.2324 0.2574 0.0156 0.0328
0 0.2827 0.277 0.0186 0.0361
0 0.314 0.2967 0.0205 0.0459
0 0.2173 0.1713 0.0166 0.0344
0 0.251 0.2082 0.0156 0.0328
0 0.313 0.2156 0.0166 0.0377
0 0.3428 0.2533 0.0156 0.0279
0 0.2954 0.1844 0.0146 0.0311
0 0.3662 0.1893 0.0156 0.0311
0 0.333 0.1426 0.0137 0.0295
0 0.2744 0.1434 0.0137 0.0344
0 0.2451 0.1172 0.0137 0.0279
0 0.2642 0.0918 0.0107 0.0262
0 0.2935 0.1156 0.0146 0.0279
0 0.3594 0.1197 0.0117 0.0262
0 0.3926 0.1393 0.0137 0.0328
0 0.3477 0.091 0.0137 0.0279
0 0.2974 0.05 0.0127 0.0246
0 0.3774 0.0508 0.0107 0.023
0 0.4111 0.0811 0.0117 0.0213
0 0.4385 0.1377 0.0137 0.0328
0 0.4521 0.0869 0.0117 0.0295
0 0.4839 0.0369 0.0107 0.0279
0 0.4268 0.1902 0.0137 0.0328
0 0.4072 0.2246 0.0176 0.0361
0 0.4458 0.2279 0.0146 0.0328
0 0.4702 0.25 0.0166 0.0377
0 0.4834 0.1943 0.0156 0.0311
0 0.4165 0.2975 0.0186 0.041
0 0.4971 0.2844 0.0176 0.0344
0 0.5444 0.2451 0.0166 0.0377
0 0.4551 0.3467 0.0195 0.041
0 0.5142 0.3541 0.0186 0.0459
0 0.5361 0.3852 0.0195 0.0459
0 0.5098 0.4189 0.0215 0.0443
0 0.4717 0.4107 0.0215 0.0344
0 0.4087 0.4016 0.0205 0.0426
0 0.3809 0.3713 0.0195 0.0443
0 0.3564 0.3467 0.0176 0.0377
0 0.3628 0.4361 0.0186 0.0393
0 0.3882 0.4689 0.0225 0.0557
0 0.4229 0.4426 0.0215 0.0459
0 0.4517 0.4705 0.0225 0.0492
0 0.437 0.441 0.0088 0.0262
0 0.2876 0.477 0.0205 0.0426
0 0.3276 0.4984 0.0205 0.0426
0 0.3496 0.5623 0.0215 0.0492
0 0.4282 0.5402 0.0244 0.0541
0 0.5107 0.5361 0.0215 0.0492
0 0.5244 0.4705 0.0195 0.0328
0 0.5869 0.5352 0.0215 0.041
0 0.5776 0.4787 0.0186 0.0393
0 0.6289 0.509 0.0215 0.0443
0 0.6431 0.4434 0.0205 0.0443
0 0.6929 0.4148 0.0244 0.0393
0 0.7393 0.4664 0.0195 0.0443
0 0.731 0.568 0.0225 0.0443
0 0.6655 0.5607 0.0205 0.0459
0 0.7959 0.609 0.0215 0.041
0 0.8101 0.4926 0.0205 0.0443
0 0.7246 0.3762 0.0195 0.041
0 0.7856 0.4385 0.0205 0.0475
0 0.6743 0.3607 0.0166 0.0361
0 0.646 0.3738 0.0186 0.0426
0 0.5854 0.3877 0.0225 0.0443
0 0.6133 0.3508 0.0215 0.0459
0 0.7607 0.3426 0.0195 0.0426
0 0.8135 0.3861 0.0195 0.041
0 0.5728 0.3098 0.0186 0.0361
0 0.6387 0.3057 0.0176 0.0344
0 0.6992 0.3205 0.0195 0.041
0 0.6743 0.2656 0.0166 0.0361
0 0.6313 0.2459 0.0166 0.0328
0 0.5957 0.2582 0.0176 0.0377
0 0.5869 0.2033 0.0156 0.0328
0 0.6421 0.1959 0.0166 0.0377
0 0.7065 0.2123 0.0166 0.0377
0 0.686 0.1779 0.0146 0.0344
0 0.6543 0.1541 0.0137 0.0262
0 0.6177 0.1713 0.0166 0.0311
0 0.5718 0.1336 0.0166 0.0344
0 0.5391 0.1598 0.0156 0.0377
0 0.5142 0.1951 0.0166 0.0328
0 0.5161 0.1352 0.0127 0.0311
0 0.5029 0.1811 0.0059 0.018
0 0.6489 0.1221 0.0107 0.0148
0 0.6836 0.1303 0.0117 0.018
0 0.5205 0.05 0.0117 0.0279
0 0.5254 0.0869 0.0137 0.0295
0 0.5576 0.05 0.0117 0.0279
0 0.5742 0.0951 0.0137 0.0295
0 0.5874 0.0303 0.0107 0.018
0 0.6187 0.0885 0.0127 0.0262
0 0.6265 0.0402 0.0127 0.0279
0 0.6602 0.0787 0.0137 0.0262
0 0.6953 0.0738 0.0137 0.0262
0 0.7368 0.0738 0.0127 0.0295
0 0.7715 0.1172 0.0117 0.0279
0 0.8057 0.15 0.0156 0.0377
0 0.7485 0.1369 0.0166 0.0344
0 0.7622 0.2008 0.0166 0.0377
0 0.8379 0.1295 0.0117 0.0328
0 0.8481 0.1893 0.0166 0.0377
0 0.8965 0.2598 0.0176 0.0377
0 0.8125 0.2508 0.0176 0.0361
0 0.7695 0.2697 0.0176 0.0377
0 0.7446 0.2844 0.0166 0.041
0 0.8203 0.309 0.0176 0.0344
0 0.877 0.3598 0.0195 0.0377
0 0.8872 0.409 0.0205 0.0377
0 0.8838 0.4844 0.0215 0.0377
0 0.8896 0.6254 0.0273 0.0541
0 0.8403 0.5852 0.0225 0.0426
