0 0.9033 0.2868 0.0293 0.063
0 0.8311 0.1914 0.0273 0.0533
0 0.772 0.3166 0.0283 0.0614
0 0.8354 0.4984 0.0283 0.0598
0 0.7192 0.4992 0.0283 0.0582
0 0.6763 0.2989 0.0283 0.0582
0 0.7217 0.1955 0.0254 0.0517
0 0.6118 0.1939 0.0264 0.0517
0 0.6045 0.5024 0.0293 0.0582
0 0.5464 0.3102 0.0283 0.0517
0 0.4678 0.1858 0.0273 0.0517
0 0.3765 0.3013 0.0283 0.0598
0 0.4683 0.4693 0.0342 0.0662
0 0.3213 0.4847 0.0293 0.0614
0 0.3032 0.2019 0.0264 0.0517
0 0.2427 0.2981 0.0303 0.0598
0 0.1758 0.1858 0.0273 0.0549
0 0.0601 0.1858 0.0283 0.0517
0 0.1196 0.2811 0.0303 0.0582
0 0.1997 0.5008 0.0322 0.0614
0 0.085 0.4943 0.0332 0.0549
