0 0.2778 0.2574 0.0322 0.0527
0 0.3159 0.2488 0.0264 0.0481
0 0.3457 0.324 0.0273 0.0527
0 0.3789 0.3023 0.0234 0.0496
0 0.3965 0.262 0.0254 0.0465
0 0.4233 0.355 0.0244 0.0434
0 0.4634 0.338 0.0225 0.0434
0 0.4819 0.3132 0.0225 0.0403
0 0.499 0.3543 0.0234 0.045
0 0.5122 0.2581 0.0225 0.0419
0 0.5391 0.3093 0.0215 0.0388
0 0.5439 0.3628 0.0234 0.0403
0 0.6191 0.3767 0.0195 0.0372
0 0.6631 0.338 0.0195 0.0403
0 0.6807 0.2589 0.0215 0.0403
0 0.7383 0.269 0.0215 0.045
0 0.8765 0.4465 0.0283 0.0558
0 0.9004 0.3775 0.0273 0.045
