0 0.98 0.5758 0.0283 0.0415
0 0.8433 0.5093 0.0186 0.0315
0 0.9429 0.4714 0.0166 0.0243
0 0.9937 0.4578 0.0107 0.0143
0 0.9673 0.4242 0.0068 0.01
0 0.9927 0.4177 0.0049 0.0086
0 0.4468 0.4793 0.0127 0.0229
0 0.4614 0.4549 0.0107 0.0172
0 0.478 0.4428 0.0088 0.0129
0 0.292 0.4771 0.0137 0.0215
0 0.3345 0.4557 0.0088 0.0186
0 0.3662 0.4421 0.0078 0.0172
0 0.3906 0.4342 0.0059 0.01
0 0.4106 0.422 0.0068 0.0114
0 0.4263 0.4213 0.0049 0.0072
0 0.3433 0.4292 0.0068 0.0114
0 0.3159 0.4385 0.0088 0.0129
0 0.2988 0.4249 0.0059 0.0086
0 0.3667 0.4206 0.0049 0.0086
0 0.3853 0.4163 0.0049 0.0086
0 0.3979 0.4113 0.0049 0.0072
0 0.4385 0.4142 0.0059 0.0072
0 0.4863 0.4342 0.0078 0.01
0 0.5693 0.4328 0.0059 0.01
0 0.6382 0.4199 0.0049 0.01
0 0.6235 0.4185 0.0049 0.0072
0 0.0645 0.578 0.0293 0.0372
0 0.2041 0.5114 0.0195 0.03
0 0.1689 0.4742 0.0137 0.0243
0 0.1968 0.4456 0.0088 0.0129
0 0.2407 0.4578 0.0088 0.0172
0 0.2876 0.4514 0.0088 0.0129
0 0.269 0.4263 0.0068 0.0086
0 0.1221 0.4628 0.0098 0.0157
0 0.1621 0.4413 0.0078 0.01
0 0.1401 0.4328 0.0068 0.0129
0 0.0396 0.5215 0.0225 0.0243
0 0.0303 0.485 0.0156 0.02
0 0.0068 0.4621 0.0117 0.0143
0 0.0244 0.4485 0.0078 0.0129
0 0.1055 0.4499 0.0098 0.0129
0 0.0923 0.4421 0.0068 0.0114
0 0.2036 0.4313 0.0068 0.01
0 0.1831 0.4227 0.0068 0.01
0 0.0737 0.4292 0.0049 0.0086
0 0.064 0.4292 0.0049 0.0086
0 0.0537 0.4242 0.0059 0.0072
0 0.1201 0.4227 0.0039 0.0072
0 0.1084 0.4235 0.0039 0.0057
0 0.1636 0.4199 0.0049 0.0072
0 0.1978 0.4163 0.0049 0.0086
0 0.2192 0.4199 0.0049 0.0072
0 0.1479 0.4163 0.0049 0.0057
0 0.7881 0.4106 0.0039 0.0086
0 0.7954 0.4041 0.0029 0.0072
0 0.8164 0.4127 0.0039 0.0072
0 0.7666 0.4027 0.0039 0.0072
0 0.7769 0.402 0.0029 0.0057
0 0.7324 0.4106 0.0039 0.0057
0 0.7339 0.3977 0.0029 0.0057
0 0.7188 0.4056 0.0039 0.0072
0 0.8823 0.4134 0.0049 0.0086
0 0.8745 0.4084 0.0049 0.0072
0 0.8525 0.4077 0.0039 0.0086
0 0.9346 0.4084 0.0039 0.0072
0 0.9077 0.4449 0.0088 0.0143
0 0.9365 0.4335 0.0078 0.0143
0 0.9199 0.4185 0.0059 0.01
0 0.9482 0.4106 0.0059 0.0086
0 0.9082 0.4092 0.0059 0.0086
0 0.8921 0.4242 0.0088 0.0129
0 0.8574 0.4578 0.0137 0.02
0 0.7734 0.48 0.0137 0.0186
0 0.7944 0.4428 0.0088 0.0157
0 0.7251 0.4614 0.0107 0.0157
0 0.6831 0.4378 0.0068 0.0143
0 0.7622 0.4349 0.0068 0.0143
0 0.7798 0.4199 0.0049 0.0072
0 0.8501 0.4371 0.0049 0.0129
0 0.8457 0.4156 0.0059 0.0072
0 0.8115 0.4242 0.0078 0.01
0 0.7349 0.4227 0.0068 0.01
0 0.7085 0.4177 0.0068 0.0086
0 0.6929 0.4092 0.0049 0.0086
0 0.6665 0.4328 0.0068 0.0129
0 0.6484 0.4242 0.0059 0.01
0 0.7588 0.4113 0.0059 0.01
0 0.7476 0.7361 0.04 0.0644
0 0.6938 0.5823 0.0283 0.0458
0 0.623 0.5265 0.0156 0.0286
0 0.5928 0.4843 0.0156 0.0272
0 0.5859 0.4557 0.0098 0.0186
0 0.5806 0.4421 0.0088 0.0143
0 0.3564 0.7332 0.0391 0.0558
0 0.4072 0.5758 0.0273 0.0415
0 0.4399 0.5107 0.0166 0.0258
