0 0.1133 0.4215 0.0312 0.0644
0 0.3101 0.4503 0.0303 0.0577
0 0.4282 0.4443 0.0322 0.0537
0 0.5732 0.4329 0.0312 0.0577
0 0.6914 0.4208 0.0312 0.0604
0 0.8511 0.3846 0.0303 0.055
0 0.2202 0.2745 0.0303 0.047
0 0.2905 0.2658 0.0264 0.043
0 0.3555 0.2564 0.0254 0.0403
0 0.4185 0.2624 0.0283 0.0443
0 0.4839 0.2638 0.0283 0.0443
0 0.5566 0.2477 0.0254 0.047
0 0.6313 0.257 0.0283 0.047
0 0.6948 0.2537 0.0264 0.043
0 0.769 0.2631 0.0264 0.0456
0 0.8135 0.2711 0.0254 0.0456
0 0.8975 0.2617 0.0312 0.0456
