0 0.938 0.5266 0.0947 0.0726
0 0.9629 0.4634 0.0566 0.0447
0 0.9023 0.4666 0.0508 0.0409
0 0.8398 0.4647 0.0527 0.0357
0 0.8325 0.5071 0.0732 0.0584
0 0.7852 0.476 0.043 0.0363
0 0.7485 0.5003 0.0693 0.0564
0 0.6562 0.4494 0.0488 0.0376
0 0.6113 0.4909 0.0605 0.048
0 0.4595 0.4841 0.0635 0.0538
0 0.291 0.4588 0.0469 0.037
0 0.2871 0.5049 0.0605 0.0473
0 0.2173 0.4971 0.0518 0.0447
0 0.1704 0.476 0.0498 0.0415
0 0.105 0.4896 0.0537 0.0493
0 0.1055 0.4556 0.043 0.0318
0 0.48 0.7539 0.0732 0.0694
0 0.252 0.703 0.0781 0.0623
0 0.7158 0.4857 0.0566 0.0402
0 0.0215 0.4647 0.0371 0.0435
