0 0.5718 0.3398 0.0361 0.0651
0 0.6768 0.4766 0.041 0.0599
0 0.5464 0.4753 0.0439 0.0625
0 0.5415 0.2109 0.0342 0.0495
0 0.4185 0.1452 0.0342 0.0664
0 0.3623 0.2285 0.0352 0.0586
0 0.4448 0.2767 0.0361 0.056
0 0.2827 0.2799 0.0342 0.0547
0 0.3164 0.1562 0.0352 0.0521
0 0.23 0.1927 0.0361 0.0573
0 0.2173 0.3164 0.0439 0.0625
0 0.1768 0.2695 0.0371 0.0599
0 0.1084 0.3171 0.0352 0.0586
0 0.1396 0.5664 0.0391 0.0625
0 0.2988 0.4792 0.0352 0.0625
0 0.3931 0.4766 0.042 0.0703
0 0.4487 0.5189 0.0381 0.0586
0 0.8789 0.3359 0.0371 0.0573
0 0.9165 0.4922 0.042 0.0573
0 0.7954 0.4727 0.04 0.0547
0 0.7764 0.3255 0.041 0.0625
0 0.7705 0.1393 0.0391 0.0547
0 0.6704 0.2513 0.0361 0.0573
0 0.6309 0.1777 0.0332 0.0482
