0 0.2388 0.2509 0.0322 0.0818
0 0.3047 0.2639 0.0293 0.0781
0 0.1572 0.4963 0.0371 0.1004
0 0.2231 0.5381 0.0342 0.0948
0 0.3203 0.4954 0.0332 0.0874
0 0.3657 0.3522 0.0322 0.0762
0 0.4082 0.5056 0.0352 0.0892
0 0.4053 0.2537 0.0312 0.0836
0 0.4629 0.3439 0.0312 0.0818
0 0.4766 0.4851 0.0332 0.0855
0 0.5122 0.1394 0.0322 0.0855
0 0.6079 0.118 0.0283 0.0762
0 0.6182 0.3048 0.0293 0.0818
0 0.5527 0.3262 0.0273 0.0836
0 0.5605 0.5046 0.0371 0.0948
0 0.6235 0.5288 0.0342 0.1022
0 0.6821 0.5074 0.0303 0.0892
0 0.7036 0.1338 0.0283 0.0781
0 0.7783 0.1459 0.0293 0.0762
0 0.8096 0.3048 0.0312 0.0781
0 0.7163 0.3401 0.0303 0.0743
0 0.8657 0.5009 0.0361 0.0836
0 0.7778 0.5232 0.0322 0.0874
