0 0.1953 0.1485 0.0156 0.0281
0 0.2324 0.1314 0.0195 0.0281
0 0.2764 0.0978 0.0176 0.0293
0 0.2588 0.2103 0.0156 0.0318
0 0.3022 0.2139 0.0166 0.0293
0 0.3022 0.2677 0.0146 0.0171
0 0.1992 0.2103 0.0195 0.0244
0 0.165 0.1699 0.0156 0.0269
0 0.1157 0.1791 0.0146 0.0232
0 0.1421 0.2054 0.0166 0.0269
0 0.0898 0.2262 0.0156 0.0244
0 0.5483 0.1424 0.0166 0.0257
0 0.5059 0.11 0.0156 0.0318
0 0.4561 0.1161 0.0137 0.0244
0 0.4248 0.1247 0.0156 0.0269
0 0.5083 0.1675 0.0127 0.0196
0 0.5527 0.1944 0.0156 0.0318
0 0.4941 0.2127 0.0156 0.0269
0 0.4658 0.1932 0.0117 0.022
0 0.4312 0.1889 0.0166 0.0306
0 0.6738 0.1076 0.0117 0.022
0 0.6973 0.1009 0.0098 0.0183
0 0.7148 0.1198 0.0117 0.0196
0 0.7368 0.0966 0.0107 0.0196
0 0.7617 0.1082 0.0117 0.0183
0 0.7852 0.0856 0.0098 0.0196
0 0.8066 0.1222 0.0117 0.022
0 0.8354 0.1033 0.0107 0.0208
0 0.8525 0.1241 0.0117 0.0208
0 0.894 0.1296 0.0127 0.0171
0 0.8672 0.1828 0.0117 0.0208
0 0.9062 0.1999 0.0117 0.0183
0 0.8071 0.1828 0.0107 0.0183
0 0.7637 0.1754 0.0117 0.0183
0 0.7236 0.1779 0.0117 0.0208
0 0.7202 0.2298 0.0127 0.0171
0 0.7705 0.2225 0.0117 0.022
0 0.8247 0.2323 0.0127 0.0196
0 0.8784 0.2414 0.0127 0.0208
0 0.6802 0.173 0.0127 0.0208
0 0.667 0.2268 0.0137 0.0232
0 0.6597 0.2653 0.0107 0.0171
0 0.7192 0.2579 0.0107 0.0171
0 0.1211 0.72 0.0117 0.0196
0 0.1743 0.673 0.0107 0.0183
0 0.2231 0.6852 0.0127 0.0183
0 0.1772 0.7182 0.0107 0.0183
0 0.2227 0.7182 0.0117 0.0208
0 0.1973 0.7744 0.0117 0.0208
0 0.2397 0.7726 0.0107 0.0196
0 0.1426 0.7763 0.0137 0.022
0 0.1055 0.7751 0.0137 0.0196
0 0.0806 0.8215 0.0146 0.0244
0 0.0938 0.8649 0.0117 0.0183
0 0.1421 0.8521 0.0127 0.022
0 0.186 0.8545 0.0127 0.022
0 0.2188 0.8606 0.0117 0.0196
0 0.269 0.8557 0.0127 0.0196
0 0.3257 0.8625 0.0127 0.0232
0 0.3643 0.8276 0.0137 0.0244
0 0.416 0.8356 0.0137 0.0232
0 0.4272 0.8826 0.0127 0.022
0 0.2681 0.6852 0.0127 0.0183
0 0.2773 0.7207 0.0117 0.0208
0 0.3164 0.6864 0.0137 0.0183
0 0.3618 0.6822 0.0146 0.0196
0 0.3745 0.7286 0.0127 0.022
0 0.4092 0.7243 0.0137 0.0208
0 0.3262 0.7256 0.0137 0.0232
0 0.3438 0.7714 0.0137 0.0196
0 0.2891 0.7751 0.0117 0.0171
0 0.3887 0.7775 0.0117 0.022
0 0.4429 0.7781 0.0146 0.0183
0 0.0933 0.4658 0.0205 0.0293
0 0.1162 0.4603 0.0156 0.0232
0 0.1514 0.4798 0.0156 0.0257
0 0.1685 0.4725 0.0107 0.0232
0 0.2046 0.4798 0.0146 0.0208
0 0.146 0.5324 0.0166 0.0257
0 0.1938 0.3655 0.0146 0.0244
0 0.2324 0.3888 0.0137 0.022
0 0.2056 0.4242 0.0127 0.022
0 0.2837 0.3594 0.0146 0.0269
0 0.2861 0.3973 0.0156 0.0244
0 0.2349 0.4511 0.0127 0.022
0 0.2798 0.4358 0.0127 0.0232
0 0.2632 0.4768 0.0146 0.022
0 0.1445 0.5721 0.0156 0.0244
0 0.2183 0.5721 0.0107 0.0171
0 0.2217 0.5355 0.0156 0.0269
0 0.2856 0.5238 0.0166 0.0281
0 0.3262 0.3869 0.0137 0.0208
0 0.3682 0.3851 0.0137 0.0171
0 0.4092 0.3888 0.0117 0.0244
0 0.3594 0.415 0.0137 0.0232
0 0.3203 0.4193 0.0137 0.022
0 0.3179 0.4737 0.0146 0.0257
0 0.3555 0.4542 0.0117 0.0232
0 0.3838 0.4743 0.0137 0.0244
0 0.4009 0.4407 0.0127 0.0232
0 0.437 0.3998 0.0146 0.022
0 0.4585 0.3722 0.0146 0.0232
0 0.481 0.4034 0.0166 0.0293
0 0.4331 0.4731 0.0166 0.0269
0 0.4766 0.4737 0.0156 0.0257
0 0.416 0.4994 0.0117 0.0183
0 0.3955 0.5727 0.0117 0.0134
0 0.397 0.5306 0.0146 0.0244
0 0.3452 0.533 0.0166 0.0269
0 0.4536 0.5324 0.0146 0.0257
0 0.5239 0.533 0.0146 0.0244
0 0.5234 0.5733 0.0137 0.0196
0 0.5244 0.3863 0.0137 0.022
0 0.5444 0.4187 0.0146 0.0208
0 0.5244 0.4254 0.0117 0.0196
0 0.5381 0.4682 0.0156 0.0293
0 0.5728 0.4309 0.0107 0.0208
0 0.5898 0.4126 0.0117 0.0208
0 0.6021 0.39 0.0127 0.022
0 0.6104 0.4444 0.0117 0.0183
0 0.585 0.4786 0.0156 0.0232
0 0.5825 0.5293 0.0146 0.0244
0 0.6089 0.5636 0.0107 0.0171
0 0.6719 0.5397 0.0156 0.0257
0 0.6704 0.5801 0.0127 0.0183
0 0.6323 0.4725 0.0146 0.0281
0 0.6782 0.4756 0.0146 0.0244
0 0.6294 0.4046 0.0127 0.022
0 0.6582 0.3667 0.0137 0.0244
0 0.6729 0.4169 0.0137 0.0269
0 0.707 0.3716 0.0137 0.0269
0 0.7051 0.4132 0.0117 0.0244
0 0.7261 0.4823 0.0127 0.0232
0 0.7397 0.4267 0.0127 0.0244
0 0.7524 0.4028 0.0146 0.0257
0 0.7808 0.4175 0.0146 0.0232
0 0.8276 0.4138 0.0146 0.0232
0 0.7715 0.4804 0.0137 0.022
0 0.8076 0.4694 0.0156 0.0269
0 0.7314 0.5397 0.0156 0.0257
0 0.7979 0.5416 0.0156 0.0244
0 0.8633 0.3991 0.0137 0.0183
0 0.8779 0.3979 0.0156 0.0281
0 0.918 0.4719 0.0156 0.0269
0 0.8657 0.4682 0.0146 0.0269
0 0.8687 0.4957 0.0146 0.0208
0 0.8657 0.5355 0.0166 0.0244
0 0.5386 0.7775 0.0166 0.022
0 0.5762 0.6938 0.0137 0.0183
0 0.5732 0.7641 0.0117 0.0171
0 0.5879 0.8142 0.0137 0.022
0 0.6084 0.7048 0.0117 0.0208
0 0.6387 0.717 0.0117 0.0208
0 0.6265 0.7659 0.0127 0.0183
0 0.6299 0.8154 0.0156 0.0269
0 0.6812 0.7653 0.0107 0.0171
0 0.6914 0.8203 0.0137 0.0244
0 0.6074 0.6718 0.0117 0.0208
0 0.6479 0.6779 0.0127 0.0232
0 0.6914 0.676 0.0117 0.0244
0 0.7383 0.6858 0.0117 0.0171
0 0.6689 0.7048 0.0117 0.0183
0 0.7178 0.7145 0.0117 0.0183
0 0.6914 0.706 0.0078 0.0159
0 0.7407 0.7628 0.0127 0.0244
0 0.752 0.8154 0.0137 0.0244
0 0.7866 0.7647 0.0127 0.0232
0 0.8267 0.7732 0.0127 0.0232
0 0.7705 0.6748 0.0117 0.0196
0 0.8169 0.6748 0.0127 0.0196
0 0.8691 0.6785 0.0137 0.022
0 0.7734 0.7188 0.0098 0.0171
0 0.8242 0.7207 0.0117 0.0208
0 0.8711 0.7164 0.0117 0.0196
0 0.875 0.7744 0.0117 0.0183
0 0.9126 0.7738 0.0127 0.0244
0 0.9014 0.7989 0.0117 0.0159
0 0.8408 0.8227 0.0117 0.0196
0 0.8979 0.827 0.0146 0.0208
0 0.9009 0.857 0.0107 0.0196
0 0.8032 0.8594 0.0127 0.0196
0 0.8184 0.8667 0.0137 0.0196
0 0.7339 0.5715 0.0146 0.0159
0 0.8115 0.5685 0.0137 0.0196
0 0.7524 0.86 0.0107 0.0159
