0 0.0132 0.3873 0.0283 0.0512
0 0.0684 0.4034 0.0293 0.0454
0 0.1396 0.4568 0.0234 0.0439
0 0.1797 0.4385 0.0215 0.0425
0 0.1035 0.6252 0.0293 0.0469
0 0.2402 0.5278 0.0195 0.0366
0 0.2681 0.4414 0.0225 0.0425
0 0.2451 0.4583 0.0176 0.0293
0 0.3438 0.4502 0.0234 0.0395
0 0.3643 0.4165 0.0176 0.0366
0 0.3999 0.4473 0.0225 0.0425
0 0.2373 0.6728 0.0332 0.0425
0 0.5054 0.3565 0.0303 0.06
0 0.5811 0.4729 0.0254 0.041
0 0.6353 0.4319 0.0186 0.0322
0 0.6709 0.4927 0.0215 0.0366
0 0.7295 0.6215 0.0312 0.0542
0 0.7183 0.4678 0.0186 0.0337
0 0.749 0.44 0.0234 0.0366
0 0.8013 0.5088 0.0205 0.0366
0 0.8345 0.4714 0.0264 0.041
0 0.8848 0.4414 0.0254 0.0337
0 0.9634 0.4034 0.0264 0.0454
0 0.9688 0.642 0.0332 0.0542
0 0.2808 0.2262 0.0166 0.019
0 0.6909 0.2379 0.0166 0.019
0 0.4702 0.3141 0.0107 0.0161
0 0.4922 0.2899 0.0137 0.0234
0 0.5874 0.4048 0.0049 0.0161
0 0.9204 0.4553 0.0166 0.0293
