0 0.1465 0.6808 0.0156 0.0234
0 0.1729 0.817 0.0156 0.0234
0 0.1973 0.6903 0.0156 0.0278
0 0.2256 0.6903 0.0156 0.0249
0 0.248 0.8111 0.0156 0.0264
0 0.2695 0.702 0.0117 0.022
0 0.3062 0.8119 0.0127 0.0161
0 0.3047 0.6881 0.0117 0.0205
0 0.3418 0.6903 0.0137 0.022
0 0.374 0.7357 0.0117 0.022
0 0.3794 0.6779 0.0146 0.0234
0 0.4131 0.702 0.0117 0.022
0 0.3896 0.8097 0.0137 0.0234
0 0.4497 0.7116 0.0107 0.0176
0 0.4897 0.7116 0.0127 0.0234
0 0.5352 0.7167 0.0117 0.022
0 0.5547 0.7116 0.0117 0.0205
0 0.5898 0.6047 0.0195 0.0322
0 0.646 0.7343 0.0107 0.0161
0 0.6606 0.7211 0.0127 0.022
0 0.7173 0.6955 0.0127 0.0205
0 0.7061 0.6962 0.0078 0.0132
0 0.7402 0.6933 0.0117 0.019
0 0.731 0.8111 0.0166 0.0234
0 0.7681 0.6706 0.0186 0.0234
0 0.8184 0.6654 0.0137 0.0278
0 0.8745 0.6567 0.0166 0.0278
0 0.8042 0.817 0.0166 0.0264
0 0.4888 0.6025 0.0088 0.0132
0 0.4771 0.6157 0.0049 0.0073
0 0.792 0.407 0.0059 0.0146
0 0.8208 0.4019 0.0049 0.0132
0 0.502 0.3902 0.0078 0.0161
0 0.5132 0.4107 0.0068 0.0132
0 0.5264 0.3895 0.0059 0.0146
0 0.4731 0.4048 0.0068 0.0132
0 0.4653 0.4231 0.0049 0.0088
