0 0.5024 0.4905 0.0264 0.0499
0 0.5952 0.486 0.0264 0.0499
0 0.6606 0.4978 0.0264 0.0499
0 0.7583 0.4897 0.0264 0.0543
0 0.7358 0.4515 0.0244 0.0514
0 0.7202 0.4075 0.0186 0.0396
0 0.7622 0.4009 0.0205 0.0441
0 0.7632 0.3561 0.0205 0.0396
0 0.7476 0.3186 0.0186 0.0294
0 0.7739 0.3062 0.0146 0.0338
0 0.7183 0.3289 0.0186 0.0382
0 0.7173 0.301 0.0166 0.0264
0 0.6875 0.3047 0.0156 0.0338
0 0.6875 0.3722 0.0156 0.0338
0 0.6914 0.348 0.0156 0.0294
0 0.6631 0.3928 0.0195 0.0426
0 0.6523 0.3649 0.0156 0.0308
0 0.6372 0.3194 0.0166 0.0338
0 0.6279 0.3583 0.0215 0.0382
0 0.6172 0.4031 0.0156 0.0396
0 0.6729 0.453 0.0215 0.0396
0 0.6064 0.4332 0.0195 0.0352
0 0.5835 0.3825 0.0166 0.0338
0 0.6045 0.3517 0.0176 0.0367
0 0.5801 0.3319 0.0156 0.0294
0 0.5864 0.3003 0.0146 0.025
0 0.5547 0.2966 0.0156 0.0294
0 0.5503 0.3363 0.0166 0.0352
0 0.5513 0.3884 0.0225 0.0426
0 0.5308 0.4295 0.0205 0.0455
0 0.5195 0.384 0.0176 0.0396
0 0.5151 0.3253 0.0166 0.0367
0 0.4961 0.3429 0.0195 0.0367
0 0.4883 0.3913 0.0195 0.0396
0 0.4507 0.4295 0.0244 0.0426
0 0.4341 0.5117 0.0244 0.0514
0 0.4165 0.3891 0.0225 0.0411
0 0.3413 0.5213 0.0225 0.0441
0 0.3789 0.486 0.0254 0.0499
0 0.3706 0.4222 0.0225 0.0367
0 0.3677 0.3803 0.0205 0.0382
0 0.3926 0.3759 0.0195 0.0382
0 0.4028 0.3135 0.0146 0.0338
0 0.4316 0.3304 0.0195 0.0382
0 0.4502 0.3076 0.0156 0.0308
0 0.4595 0.3524 0.0166 0.0352
0 0.3687 0.3267 0.0166 0.0338
0 0.3496 0.2885 0.0176 0.0338
0 0.3286 0.3568 0.0186 0.0323
0 0.3154 0.3847 0.0215 0.0382
0 0.3311 0.42 0.0195 0.0411
0 0.3179 0.4684 0.0244 0.047
0 0.3037 0.4273 0.0195 0.0382
0 0.2817 0.4156 0.0225 0.047
0 0.2627 0.4266 0.0156 0.0426
0 0.2466 0.4354 0.0225 0.0396
0 0.2222 0.4244 0.0244 0.0499
0 0.2168 0.384 0.0195 0.0367
0 0.2427 0.337 0.0166 0.0396
0 0.2671 0.3671 0.0205 0.0441
0 0.2817 0.3297 0.0186 0.0338
0 0.3032 0.3201 0.0186 0.0352
0 0.2681 0.2952 0.0186 0.0382
0 0.2788 0.5066 0.0264 0.0499
0 0.2559 0.4868 0.0234 0.0367
0 0.2183 0.5073 0.0225 0.0543
0 0.1851 0.4743 0.0264 0.047
0 0.168 0.4185 0.0195 0.0411
0 0.1875 0.3965 0.0215 0.0411
0 0.1382 0.4604 0.0264 0.0455
0 0.1304 0.5389 0.0264 0.0558
0 0.0806 0.5037 0.0264 0.0558
0 0.0532 0.5073 0.0244 0.0514
0 0.4004 0.2753 0.0156 0.0279
0 0.4521 0.2621 0.0195 0.0308
0 0.4751 0.2526 0.0127 0.0294
0 0.5059 0.2702 0.0156 0.0323
0 0.5269 0.254 0.0127 0.0294
0 0.5728 0.257 0.0127 0.0264
0 0.6094 0.2614 0.0156 0.0323
0 0.6455 0.2819 0.0156 0.0323
0 0.6675 0.243 0.0127 0.0308
0 0.6919 0.254 0.0166 0.0323
0 0.7158 0.2401 0.0156 0.0279
0 0.7515 0.2408 0.0146 0.0323
0 0.6997 0.2173 0.0127 0.0235
0 0.3042 0.2203 0.0166 0.0294
0 0.334 0.2416 0.0137 0.0279
0 0.3506 0.2621 0.0176 0.0279
0 0.3809 0.2232 0.0156 0.0294
0 0.3726 0.2203 0.0107 0.0206
0 0.3589 0.1975 0.0127 0.022
0 0.3452 0.2056 0.0127 0.0235
0 0.3325 0.2107 0.0127 0.025
0 0.3306 0.1828 0.0107 0.0191
0 0.3457 0.1733 0.0117 0.0206
0 0.3696 0.1843 0.0107 0.0191
0 0.3726 0.163 0.0107 0.0206
0 0.3647 0.1498 0.0088 0.0176
0 0.3892 0.1285 0.0088 0.0162
0 0.3862 0.1718 0.0127 0.0235
0 0.4033 0.1674 0.0098 0.0206
0 0.4092 0.149 0.0098 0.0162
0 0.4209 0.1681 0.0117 0.025
0 0.4395 0.1938 0.0137 0.0264
0 0.4492 0.2247 0.0137 0.0264
0 0.4272 0.2291 0.0127 0.0235
0 0.4106 0.196 0.0146 0.025
0 0.4282 0.1072 0.0088 0.0176
0 0.4409 0.1336 0.0088 0.0176
0 0.4487 0.163 0.0107 0.0206
0 0.4375 0.1652 0.0078 0.0162
0 0.4292 0.1593 0.0068 0.0132
0 0.4556 0.1094 0.0088 0.0162
0 0.4751 0.1557 0.0088 0.0176
0 0.4585 0.149 0.0088 0.0162
0 0.478 0.1226 0.0088 0.0191
0 0.4897 0.141 0.0088 0.0176
0 0.4956 0.1021 0.0088 0.0162
0 0.5132 0.1197 0.0088 0.0162
0 0.5093 0.1446 0.0088 0.0191
0 0.521 0.1344 0.0088 0.0162
0 0.5278 0.1131 0.0088 0.0147
0 0.5435 0.1233 0.0088 0.0176
0 0.5493 0.2181 0.0127 0.0279
0 0.5293 0.2063 0.0117 0.0279
0 0.5317 0.1777 0.0107 0.0206
0 0.5425 0.163 0.0107 0.0206
0 0.4683 0.2166 0.0107 0.022
0 0.5864 0.2305 0.0127 0.0264
0 0.6255 0.2394 0.0127 0.0264
0 0.6509 0.2291 0.0127 0.0235
0 0.6138 0.1975 0.0107 0.022
0 0.5972 0.1902 0.0107 0.022
0 0.5737 0.2107 0.0127 0.025
0 0.563 0.188 0.0127 0.0235
0 0.5757 0.1667 0.0088 0.022
0 0.5718 0.1446 0.0088 0.0162
0 0.562 0.1336 0.0088 0.0176
0 0.5415 0.1432 0.0088 0.0162
0 0.5557 0.1608 0.0098 0.0191
0 0.5098 0.1931 0.0098 0.0191
0 0.5063 0.1725 0.0088 0.0132
0 0.4946 0.1623 0.0088 0.0132
0 0.4897 0.2012 0.0107 0.0235
0 0.5044 0.2261 0.0146 0.0323
0 0.4946 0.185 0.0088 0.0206
0 0.479 0.1887 0.0088 0.0191
0 0.4619 0.185 0.0137 0.0264
0 0.3086 0.2893 0.0137 0.0235
0 0.5854 0.1278 0.0068 0.0147
0 0.5981 0.1145 0.0068 0.0147
0 0.6211 0.1021 0.0078 0.0132
0 0.6206 0.1402 0.0068 0.0162
0 0.6113 0.1718 0.0098 0.0206
0 0.5996 0.1593 0.0098 0.0191
0 0.6104 0.1564 0.0059 0.0132
0 0.6255 0.1711 0.0107 0.022
0 0.645 0.1806 0.0127 0.0264
0 0.6655 0.2056 0.0107 0.0264
0 0.668 0.1747 0.0117 0.0264
0 0.6572 0.1681 0.0098 0.022
0 0.6567 0.1468 0.0107 0.0176
0 0.6387 0.1593 0.0098 0.0191
0 0.6826 0.1659 0.0098 0.0206
0 0.6973 0.1542 0.0098 0.0206
0 0.7046 0.1902 0.0107 0.022
0 0.7354 0.188 0.0117 0.0235
0 0.7671 0.2129 0.0146 0.0235
0 0.771 0.2518 0.0107 0.025
0 0.8311 0.2709 0.0176 0.0338
0 0.8394 0.3084 0.0166 0.0323
0 0.8501 0.3642 0.0186 0.0382
0 0.8955 0.3957 0.0215 0.0455
0 0.7949 0.3722 0.0195 0.0338
0 0.8232 0.4391 0.0234 0.047
0 0.8853 0.464 0.0225 0.0411
0 0.9287 0.5176 0.0254 0.0455
0 0.8394 0.4956 0.0264 0.0455
0 0.7866 0.2636 0.0166 0.0279
