0 0.3774 0.2455 0.0225 0.0418
0 0.4331 0.2643 0.0283 0.06
0 0.4746 0.2322 0.0312 0.0488
0 0.5693 0.1583 0.0234 0.046
0 0.2515 0.3773 0.0322 0.0544
0 0.3354 0.3647 0.0322 0.06
0 0.4199 0.3619 0.0273 0.0488
0 0.4746 0.3989 0.0273 0.0391
0 0.5513 0.3821 0.0303 0.053
0 0.6089 0.4073 0.0303 0.0474
0 0.3843 0.4951 0.0283 0.0502
0 0.5269 0.5676 0.0322 0.0669
0 0.606 0.5502 0.0303 0.06
0 0.7168 0.3612 0.0312 0.0586
0 0.75 0.5279 0.0273 0.0544
0 0.7959 0.5886 0.0293 0.0446
0 0.75 0.6102 0.0254 0.0432
0 0.6655 0.5516 0.0244 0.0488
0 0.2939 0.6088 0.0371 0.0656
0 0.3745 0.6569 0.0322 0.0642
0 0.2705 0.6618 0.0254 0.0377
0 0.4805 0.6255 0.0254 0.0432
0 0.5884 0.6883 0.0283 0.0516
