0 0.8271 0.487 0.0215 0.0339
0 0.7773 0.5124 0.0195 0.0352
0 0.7378 0.5215 0.0205 0.0326
0 0.7026 0.4948 0.0225 0.0339
0 0.6582 0.528 0.0254 0.0378
0 0.6362 0.5137 0.0186 0.0326
0 0.6021 0.5156 0.0244 0.0339
0 0.5879 0.4512 0.0215 0.0273
0 0.5693 0.5221 0.0215 0.0312
0 0.5352 0.4694 0.0215 0.0299
0 0.5088 0.457 0.0195 0.0312
0 0.5195 0.5254 0.0215 0.0378
0 0.4712 0.5339 0.0225 0.0339
0 0.4756 0.4857 0.0215 0.0391
0 0.4863 0.446 0.0195 0.0299
0 0.4448 0.4414 0.0205 0.0312
0 0.436 0.5241 0.0205 0.0326
0 0.3726 0.5443 0.0244 0.0339
0 0.3643 0.5091 0.0234 0.0312
0 0.3911 0.4603 0.0205 0.0326
0 0.3384 0.4603 0.0186 0.0299
0 0.3271 0.5052 0.0215 0.0286
0 0.3135 0.5352 0.0234 0.0339
0 0.2793 0.5163 0.0234 0.0352
0 0.2632 0.5475 0.0244 0.0352
0 0.1768 0.5299 0.0234 0.0312
0 0.2144 0.5072 0.0205 0.0326
0 0.2251 0.5566 0.0225 0.0326
0 0.5039 0.6484 0.0254 0.0365
