0 0.0283 0.332 0.0352 0.0669
0 0.0386 0.4357 0.0303 0.0522
0 0.0586 0.2584 0.0391 0.0669
0 0.0459 0.174 0.0254 0.0509
0 0.1089 0.2363 0.0303 0.0522
0 0.1289 0.2905 0.0352 0.0562
0 0.0977 0.4605 0.0352 0.0535
0 0.1694 0.419 0.0303 0.0509
0 0.1582 0.3052 0.0215 0.0428
0 0.1895 0.3333 0.0273 0.0562
0 0.1709 0.1821 0.0273 0.0482
0 0.1982 0.2269 0.0254 0.0469
0 0.2271 0.3394 0.0342 0.0629
0 0.2305 0.4398 0.0312 0.0522
0 0.2622 0.3106 0.0283 0.0562
0 0.3066 0.3474 0.0332 0.0576
0 0.3262 0.2885 0.0312 0.0576
0 0.354 0.3327 0.0303 0.0576
0 0.3823 0.2871 0.0303 0.0576
0 0.4253 0.2758 0.0283 0.0616
0 0.4194 0.3373 0.0283 0.0509
0 0.4331 0.4003 0.0283 0.0482
0 0.458 0.2932 0.0273 0.0535
0 0.4829 0.2771 0.0303 0.0589
0 0.5127 0.2905 0.0234 0.0428
0 0.5356 0.2999 0.0322 0.0535
0 0.5674 0.2724 0.0273 0.0495
0 0.5869 0.2784 0.0332 0.0562
0 0.6055 0.2738 0.0215 0.0442
0 0.5938 0.3608 0.0273 0.0576
0 0.6494 0.3474 0.0273 0.0522
0 0.6567 0.3072 0.0244 0.0415
0 0.688 0.3032 0.0205 0.0361
0 0.6797 0.3574 0.0234 0.0402
0 0.7139 0.3641 0.0254 0.0455
0 0.458 0.4471 0.0293 0.0509
0 0.2266 0.591 0.0254 0.0415
0 0.7095 0.4993 0.0264 0.0455
0 0.7583 0.5515 0.0244 0.0428
0 0.751 0.3655 0.0273 0.0455
0 0.7837 0.3507 0.0283 0.0535
0 0.8311 0.3581 0.0312 0.0549
0 0.873 0.3621 0.0332 0.0522
0 0.9048 0.3695 0.0303 0.0616
0 0.9531 0.3882 0.0352 0.0535
0 0.9678 0.5375 0.0371 0.0576
0 0.9453 0.6158 0.0391 0.0616
