0 0.271 0.5114 0.0166 0.0274
0 0.0889 0.5122 0.0195 0.032
0 0.146 0.5008 0.0186 0.0304
0 0.1328 0.6476 0.0195 0.032
0 0.1704 0.6248 0.0166 0.0289
0 0.2241 0.6149 0.0166 0.0304
0 0.2095 0.5205 0.0166 0.0274
0 0.2427 0.742 0.0186 0.0289
0 0.1943 0.6872 0.0176 0.032
0 0.1772 0.7481 0.0205 0.032
0 0.1084 0.7481 0.0215 0.032
0 0.2837 0.6134 0.0186 0.0304
0 0.2578 0.656 0.0195 0.0304
0 0.3105 0.656 0.0195 0.0304
0 0.3398 0.5145 0.0156 0.0274
0 0.3716 0.5114 0.0146 0.0274
0 0.3345 0.6134 0.0166 0.0274
0 0.3628 0.6636 0.0186 0.0335
0 0.3862 0.6104 0.0166 0.0274
0 0.4028 0.5107 0.0166 0.0289
0 0.4395 0.4886 0.0156 0.0244
0 0.4727 0.5099 0.0156 0.0274
0 0.4375 0.6225 0.0176 0.0274
0 0.4155 0.6865 0.0186 0.0274
0 0.2998 0.7489 0.0195 0.0335
0 0.3579 0.7412 0.0205 0.0335
0 0.4199 0.7588 0.0195 0.035
0 0.6113 0.6629 0.0176 0.0289
0 0.6099 0.6172 0.0166 0.0259
0 0.5703 0.6309 0.0176 0.0259
0 0.5537 0.6705 0.0176 0.0289
0 0.5278 0.6027 0.0166 0.0304
0 0.4907 0.6149 0.0166 0.0304
0 0.4902 0.6591 0.0176 0.0274
0 0.6255 0.4977 0.0166 0.0244
0 0.5908 0.5175 0.0176 0.0274
0 0.5615 0.4977 0.0156 0.0274
0 0.5303 0.5167 0.0156 0.0259
0 0.501 0.4863 0.0156 0.0259
0 0.8184 0.5023 0.0176 0.0304
0 0.7607 0.5061 0.0156 0.0289
0 0.8525 0.4734 0.0176 0.0274
0 0.7383 0.4703 0.0156 0.0304
0 0.7139 0.5205 0.0156 0.0244
0 0.6899 0.5038 0.0146 0.0244
0 0.6655 0.5152 0.0166 0.0289
0 0.731 0.6104 0.0146 0.0274
0 0.7876 0.6172 0.0186 0.032
0 0.6768 0.6271 0.0156 0.0274
0 0.7949 0.6689 0.0176 0.0289
0 0.7886 0.726 0.0186 0.0335
0 0.7197 0.7306 0.0215 0.0365
0 0.6543 0.7161 0.0176 0.032
0 0.7056 0.6697 0.0186 0.0304
0 0.6567 0.6712 0.0166 0.0304
0 0.5938 0.726 0.0176 0.0304
0 0.5352 0.7367 0.0195 0.0304
0 0.4722 0.7397 0.0186 0.0335
0 0.9214 0.5114 0.0166 0.0274
0 0.873 0.5183 0.0176 0.0289
0 0.9189 0.6172 0.0195 0.035
0 0.8823 0.6065 0.0186 0.032
0 0.9111 0.7283 0.0215 0.035
0 0.8486 0.6705 0.0195 0.032
0 0.8438 0.7336 0.0195 0.0304
0 0.7363 0.672 0.0176 0.0289
