0 0.1045 0.2031 0.0117 0.0208
0 0.1768 0.1758 0.0156 0.026
0 0.085 0.1882 0.0117 0.0143
0 0.0737 0.2096 0.0107 0.0234
0 0.2578 0.2357 0.0195 0.0312
0 0.1479 0.2051 0.0107 0.0195
0 0.1611 0.1764 0.0078 0.0143
0 0.5068 0.2871 0.0293 0.043
0 0.4536 0.2474 0.0244 0.0391
0 0.4097 0.2357 0.0146 0.0234
0 0.4487 0.1908 0.0166 0.0221
0 0.543 0.1908 0.0156 0.0221
0 0.4155 0.3138 0.0264 0.0391
0 0.1675 0.1543 0.0068 0.0143
0 0.188 0.1582 0.0068 0.0143
0 0.8262 0.1634 0.0293 0.0482
0 0.855 0.1549 0.0186 0.0286
0 0.6846 0.196 0.0273 0.043
0 0.5996 0.1829 0.0234 0.0352
0 0.6816 0.2669 0.0254 0.0417
0 0.7705 0.5039 0.0449 0.0677
0 0.8999 0.4303 0.0322 0.0534
0 0.9551 0.4577 0.0352 0.056
0 0.1289 0.25 0.0176 0.0312
0 0.4185 0.1706 0.0127 0.0182
0 0.3906 0.0592 0.0039 0.0065
0 0.4224 0.0645 0.0088 0.0117
0 0.4541 0.1178 0.0059 0.0091
0 0.7188 0.2064 0.0195 0.0326
0 0.668 0.1979 0.0176 0.0286
0 0.5552 0.25 0.0264 0.0339
0 0.7593 0.1335 0.0146 0.0247
0 0.0801 0.2663 0.0156 0.0247
0 0.9492 0.1341 0.0312 0.0312
0 0.8633 0.0456 0.0078 0.0104
0 0.8911 0.1029 0.0127 0.0208
0 0.8149 0.0924 0.0068 0.0104
0 0.8018 0.0866 0.0059 0.0091
0 0.3013 0.125 0.0088 0.0156
0 0.3613 0.0892 0.0039 0.0065
0 0.3188 0.0827 0.0049 0.0065
0 0.2085 0.127 0.0088 0.0143
0 0.1948 0.1263 0.0107 0.0156
0 0.3711 0.1243 0.0098 0.0117
0 0.356 0.1087 0.0049 0.0065
0 0.3975 0.0749 0.0059 0.0117
0 0.3516 0.2526 0.0234 0.0391
0 0.0063 0.3223 0.0146 0.0273
0 0.4448 0.1589 0.0068 0.013
0 0.4468 0.1439 0.0068 0.0143
0 0.4883 0.1289 0.0059 0.0104
0 0.5039 0.1354 0.0117 0.0208
0 0.519 0.1432 0.0068 0.013
0 0.5332 0.1322 0.0117 0.0195
0 0.498 0.1803 0.0137 0.0195
0 0.98 0.3288 0.0381 0.0664
0 0.5635 0.7259 0.0625 0.0768
0 0.5269 0.0866 0.0049 0.0091
0 0.5293 0.1055 0.0059 0.0104
0 0.4697 0.1406 0.0078 0.013
0 0.4023 0.1458 0.0059 0.0104
0 0.5708 0.0833 0.0049 0.0104
0 0.3794 0.6628 0.0479 0.0703
0 0.2583 0.6296 0.0479 0.0716
0 0.3477 0.4238 0.0332 0.0534
0 0.4976 0.4193 0.0381 0.0521
0 0.2095 0.4134 0.0342 0.0508
0 0.0894 0.4388 0.0283 0.0469
0 0.1172 0.3724 0.0273 0.0312
0 0.2036 0.3516 0.0264 0.0417
0 0.1572 0.3118 0.0195 0.0299
0 0.3306 0.3346 0.0244 0.0417
0 0.0581 0.3783 0.0244 0.0352
0 0.082 0.3288 0.0195 0.0299
0 0.1899 0.2585 0.0166 0.0273
0 0.2607 0.2943 0.0176 0.0339
0 0.3701 0.2741 0.0215 0.0404
0 0.0298 0.6816 0.0459 0.0664
0 0.8154 0.2435 0.0273 0.0443
0 0.4214 0.1341 0.0088 0.013
0 0.8179 0.0176 0.0088 0.0117
0 0.585 0.084 0.0078 0.0117
0 0.5879 0.1224 0.0098 0.0156
0 0.8442 0.1003 0.0107 0.0156
0 0.8633 0.1139 0.0137 0.0195
0 0.8887 0.1165 0.0156 0.0221
0 0.896 0.1432 0.0186 0.0312
0 0.8755 0.0475 0.0088 0.0143
0 0.917 0.0612 0.0098 0.0156
0 0.792 0.0879 0.0078 0.0117
0 0.8022 0.1074 0.0107 0.0169
0 0.7686 0.097 0.0078 0.0091
0 0.6338 0.0898 0.0078 0.013
0 0.6187 0.0944 0.0068 0.0065
0 0.7144 0.1126 0.0127 0.0221
0 0.7471 0.0794 0.0098 0.013
0 0.9634 0.0586 0.0107 0.0182
0 0.9883 0.0742 0.0059 0.0104
0 0.3936 0.1875 0.0137 0.0208
