0 0.9897 0.5573 0.0186 0.0573
0 0.9604 0.4733 0.0303 0.0456
0 0.9531 0.6042 0.0391 0.0599
0 0.9351 0.5501 0.0303 0.0508
0 0.9004 0.5202 0.0312 0.0456
0 0.9087 0.4798 0.0264 0.0404
0 0.8667 0.4889 0.0303 0.0404
0 0.8569 0.6009 0.0342 0.056
0 0.897 0.5736 0.0342 0.0586
0 0.8442 0.5456 0.0342 0.0547
0 0.8008 0.5488 0.0352 0.056
0 0.7852 0.5078 0.0293 0.0469
0 0.7881 0.4616 0.0273 0.0404
0 0.7363 0.4785 0.0273 0.0456
0 0.7607 0.5475 0.0332 0.0534
0 0.7119 0.5983 0.0352 0.0534
0 0.6958 0.5443 0.0322 0.0495
0 0.6714 0.5931 0.0342 0.0638
0 0.6523 0.5293 0.0332 0.056
0 0.6104 0.4785 0.0293 0.0508
0 0.6099 0.5352 0.0322 0.0547
0 0.5791 0.5684 0.0352 0.0612
0 0.5376 0.6081 0.0361 0.0547
0 0.4902 0.5605 0.0312 0.0508
0 0.5371 0.5137 0.0312 0.0482
0 0.5674 0.5163 0.0254 0.043
0 0.501 0.5215 0.0273 0.0482
0 0.4453 0.5781 0.0332 0.0573
0 0.4531 0.5228 0.0254 0.0456
0 0.4648 0.4896 0.0273 0.0495
0 0.4238 0.4961 0.0273 0.0495
0 0.3984 0.5625 0.0332 0.0521
0 0.3569 0.5807 0.0381 0.0547
0 0.3657 0.5273 0.0303 0.0521
0 0.332 0.4954 0.0293 0.043
0 0.311 0.5586 0.0322 0.0547
0 0.2964 0.5072 0.0342 0.0508
0 0.25 0.4688 0.0273 0.0391
0 0.2549 0.515 0.0215 0.0482
0 0.2363 0.5234 0.0312 0.0417
0 0.2197 0.5723 0.0332 0.0534
0 0.1758 0.5885 0.0371 0.0573
0 0.2119 0.4727 0.0293 0.0391
0 0.1738 0.5176 0.0293 0.0482
0 0.1357 0.554 0.0312 0.0534
0 0.1309 0.4772 0.0312 0.043
0 0.0933 0.5553 0.0322 0.0482
0 0.0889 0.6296 0.0352 0.0482
0 0.04 0.5391 0.0371 0.0547
0 0.0645 0.4798 0.0312 0.0508
0 0.0083 0.6003 0.0186 0.0625
0 0.0112 0.5247 0.0244 0.0417
0 0.2764 0.5931 0.0371 0.0534
