0 0.8955 0.2785 0.0312 0.0711
0 0.8804 0.2295 0.0381 0.0644
0 0.7554 0.2329 0.04 0.0604
0 0.7212 0.1544 0.04 0.0644
0 0.6504 0.2107 0.0371 0.0591
0 0.5952 0.1128 0.04 0.0671
0 0.5254 0.2087 0.0352 0.0658
0 0.4629 0.106 0.0391 0.0644
0 0.2939 0.1221 0.0449 0.0698
0 0.3008 0.2302 0.0391 0.0738
0 0.4258 0.2128 0.0293 0.0658
0 0.2251 0.245 0.0459 0.0819
0 0.5894 0.4087 0.0498 0.0819
0 0.7925 0.5188 0.0479 0.0792
0 0.4424 0.4886 0.0469 0.0671
0 0.2749 0.5745 0.0498 0.0752
0 0.1558 0.1718 0.04 0.0671
0 0.0854 0.2262 0.0459 0.0738
