0 0.1406 0.1284 0.0176 0.0383
0 0.1694 0.2195 0.0205 0.0528
0 0.1997 0.2577 0.0205 0.0455
0 0.1348 0.245 0.0215 0.0455
0 0.1504 0.2231 0.0176 0.0455
0 0.1094 0.2404 0.0195 0.051
0 0.1997 0.1985 0.0166 0.0401
0 0.2202 0.2131 0.0205 0.051
0 0.2246 0.1393 0.0176 0.0419
0 0.2627 0.1357 0.0195 0.0492
0 0.27 0.2195 0.0205 0.0455
0 0.2549 0.2559 0.0195 0.0528
0 0.291 0.2095 0.0195 0.051
0 0.3105 0.2168 0.0254 0.0546
0 0.3335 0.1102 0.0205 0.0492
0 0.3579 0.1903 0.0225 0.0565
0 0.3984 0.2186 0.0254 0.0619
0 0.4351 0.2186 0.0225 0.0619
0 0.4712 0.2104 0.0225 0.0565
0 0.479 0.0947 0.0186 0.051
0 0.4556 0.0647 0.0166 0.0492
0 0.4102 0.0565 0.0176 0.0437
0 0.4062 0.1157 0.0195 0.0492
0 0.521 0.2158 0.0225 0.0601
0 0.5459 0.2404 0.0234 0.0583
0 0.5908 0.2568 0.0195 0.0546
0 0.6006 0.2022 0.0215 0.0437
0 0.5747 0.1184 0.0225 0.051
0 0.5127 0.0537 0.0195 0.0455
0 0.5762 0.0628 0.0176 0.0455
0 0.6299 0.0665 0.0176 0.0492
0 0.6543 0.1257 0.0195 0.0474
0 0.6978 0.061 0.0186 0.0492
0 0.7666 0.0783 0.0215 0.0437
0 0.7837 0.1594 0.0186 0.0419
0 0.7915 0.2587 0.0244 0.0619
0 0.7524 0.2532 0.0225 0.0583
0 0.7153 0.225 0.0225 0.0455
0 0.6875 0.255 0.0234 0.0619
0 0.7183 0.2778 0.0225 0.0565
0 0.6465 0.2596 0.0234 0.0565
0 0.8389 0.0774 0.0195 0.0492
0 0.8638 0.1257 0.0186 0.0546
0 0.8252 0.224 0.0215 0.0546
0 0.8428 0.2614 0.0254 0.0565
0 0.8853 0.265 0.0205 0.0565
0 0.9087 0.2596 0.0225 0.0601
0 0.9316 0.1539 0.0215 0.0419
0 0.873 0.4062 0.0234 0.0619
0 0.8916 0.6211 0.0332 0.0801
0 0.7842 0.4062 0.0254 0.0656
0 0.7476 0.5938 0.0322 0.0874
0 0.6899 0.4845 0.0264 0.0729
0 0.6953 0.3752 0.0273 0.0765
0 0.6328 0.6111 0.0332 0.0783
0 0.5864 0.4827 0.0283 0.0765
0 0.6069 0.4026 0.0244 0.0546
0 0.5337 0.623 0.0322 0.0801
0 0.4941 0.4836 0.0293 0.071
0 0.5327 0.4062 0.0283 0.0692
0 0.4531 0.3907 0.0254 0.0674
0 0.4062 0.6056 0.0312 0.0747
0 0.3843 0.4636 0.0303 0.0747
0 0.376 0.4117 0.0195 0.0437
0 0.3179 0.3953 0.0244 0.0583
0 0.2939 0.5 0.0273 0.0747
0 0.2798 0.5883 0.0322 0.0838
0 0.1855 0.5765 0.0273 0.0674
0 0.2354 0.3871 0.0234 0.0638
0 0.1758 0.4872 0.0293 0.0747
0 0.1675 0.3707 0.0264 0.0638
0 0.0825 0.4645 0.0283 0.0692
0 0.0923 0.5856 0.0283 0.0674
