0 0.5405 0.5 0.0146 0.0292
0 0.5122 0.4971 0.0127 0.0233
0 0.5269 0.5321 0.0146 0.0292
0 0.5317 0.5765 0.0166 0.0277
0 0.5005 0.5226 0.0146 0.0277
0 0.4644 0.4869 0.0146 0.0292
0 0.4751 0.4541 0.0146 0.0248
0 0.5132 0.4468 0.0146 0.0248
0 0.5371 0.4344 0.0176 0.0321
0 0.5522 0.395 0.0166 0.0262
0 0.5186 0.3885 0.0098 0.019
0 0.5063 0.3739 0.0107 0.019
0 0.5024 0.3477 0.0107 0.0219
0 0.519 0.3491 0.0127 0.0248
0 0.5366 0.3557 0.0107 0.0262
0 0.5337 0.3309 0.0107 0.0233
0 0.5122 0.3287 0.0088 0.016
0 0.4849 0.3083 0.0107 0.0219
0 0.4951 0.285 0.0098 0.0219
0 0.5933 0.3477 0.0146 0.0277
0 0.5728 0.3331 0.0127 0.0277
0 0.5811 0.3076 0.0117 0.0233
0 0.5518 0.3003 0.0117 0.0262
0 0.5518 0.2733 0.0117 0.0219
0 0.5244 0.3054 0.0098 0.016
0 0.4839 0.3506 0.0146 0.0248
0 0.4927 0.3848 0.0166 0.0292
0 0.4595 0.3878 0.0127 0.0262
0 0.4604 0.3506 0.0127 0.0219
0 0.438 0.3542 0.0146 0.0292
0 0.4102 0.3564 0.0137 0.0248
0 0.4219 0.3462 0.0137 0.0219
0 0.396 0.3411 0.0146 0.0233
0 0.4067 0.3039 0.0107 0.0248
0 0.4302 0.2748 0.0107 0.0248
0 0.4448 0.3054 0.0107 0.019
0 0.4473 0.277 0.0098 0.0204
0 0.4492 0.2529 0.0098 0.019
0 0.4722 0.2966 0.0107 0.0219
0 0.6514 0.344 0.0117 0.0292
0 0.6792 0.3746 0.0146 0.0233
0 0.7056 0.3827 0.0127 0.0248
0 0.4619 0.4351 0.0156 0.0219
0 0.4272 0.4577 0.0166 0.0262
0 0.4258 0.4862 0.0137 0.0277
0 0.4097 0.4956 0.0146 0.0321
0 0.395 0.4497 0.0146 0.0248
0 0.4233 0.4176 0.0127 0.0248
0 0.376 0.3345 0.0117 0.0248
0 0.3599 0.3404 0.0146 0.0248
0 0.3027 0.3287 0.0156 0.0219
0 0.2793 0.3345 0.0117 0.0219
0 0.2534 0.3433 0.0127 0.0248
0 0.2095 0.3652 0.0127 0.0277
0 0.5918 0.6144 0.0195 0.0335
0 0.5654 0.6297 0.0195 0.0292
0 0.5376 0.6429 0.0166 0.0262
0 0.4844 0.602 0.0195 0.0321
0 0.4609 0.5714 0.0195 0.0321
0 0.4492 0.5241 0.0176 0.0306
0 0.4009 0.5831 0.0186 0.0321
0 0.3623 0.5794 0.0176 0.0277
0 0.3799 0.6501 0.0156 0.0262
0 0.4263 0.6487 0.0166 0.0262
0 0.4253 0.7106 0.0186 0.0277
0 0.3174 0.6501 0.0176 0.0379
0 0.2876 0.6356 0.0186 0.0321
0 0.2603 0.6217 0.0166 0.0335
0 0.6445 0.6181 0.0176 0.0379
0 0.6646 0.6312 0.0127 0.0292
0 0.6792 0.6152 0.0166 0.0292
0 0.7017 0.6458 0.0166 0.0321
0 0.7305 0.6574 0.0176 0.0292
0 0.7388 0.6188 0.0166 0.0306
0 0.7388 0.5722 0.0166 0.019
0 0.6875 0.6691 0.0195 0.0321
0 0.6499 0.6844 0.0166 0.0306
0 0.6372 0.6516 0.0166 0.0233
0 0.6118 0.6647 0.0166 0.0292
0 0.689 0.7252 0.0205 0.0394
0 0.6274 0.7216 0.0146 0.0204
0 0.6255 0.7536 0.0186 0.0321
0 0.5723 0.7668 0.0195 0.0262
0 0.502 0.7719 0.0176 0.0306
0 0.8179 0.6327 0.0244 0.035
0 0.7803 0.6276 0.0195 0.0277
0 0.7793 0.6749 0.0195 0.0262
0 0.4082 0.7792 0.0156 0.0335
0 0.3896 0.7427 0.0176 0.0306
0 0.3306 0.809 0.0166 0.0262
0 0.2544 0.8083 0.0205 0.0364
0 0.2524 0.7631 0.0186 0.0306
0 0.3008 0.731 0.0176 0.0335
0 0.2231 0.7864 0.0244 0.0364
0 0.2007 0.7515 0.0186 0.0394
0 0.2314 0.648 0.0176 0.0306
0 0.1904 0.6341 0.0195 0.0321
0 0.1465 0.6334 0.0215 0.0335
0 0.0913 0.68 0.0166 0.0277
0 0.1333 0.7464 0.0225 0.0408
0 0.0889 0.6181 0.0176 0.0321
0 0.4639 0.7945 0.0176 0.0292
