0 0.8857 0.2329 0.0137 0.0156
0 0.8096 0.1463 0.0117 0.0104
0 0.792 0.1381 0.0117 0.013
0 0.7461 0.1286 0.0137 0.013
0 0.7251 0.1848 0.0107 0.0095
0 0.7007 0.1835 0.0127 0.0104
0 0.6553 0.1887 0.0117 0.0104
0 0.5981 0.2108 0.0146 0.0113
0 0.9766 0.3554 0.0117 0.013
0 0.9849 0.3329 0.0107 0.013
0 0.9224 0.3623 0.0107 0.0095
0 0.9146 0.3519 0.0127 0.0113
0 0.8955 0.3991 0.0156 0.0139
0 0.9312 0.4121 0.0107 0.0104
0 0.8257 0.3381 0.0127 0.0113
0 0.8042 0.3325 0.0107 0.0139
0 0.9941 0.1632 0.0098 0.0147
0 0.7676 0.355 0.0137 0.0139
0 0.7808 0.3398 0.0146 0.013
0 0.6401 0.2835 0.0127 0.0113
0 0.7051 0.3147 0.0117 0.0113
0 0.7007 0.3355 0.0107 0.0113
0 0.6289 0.3264 0.0117 0.0104
0 0.5957 0.3117 0.0117 0.0104
0 0.5786 0.3182 0.0107 0.013
0 0.5786 0.297 0.0088 0.0087
0 0.5552 0.3004 0.0107 0.0121
0 0.5054 0.2528 0.0107 0.0121
0 0.4849 0.2273 0.0107 0.0095
0 0.4502 0.2623 0.0117 0.0121
0 0.4233 0.2797 0.0107 0.0087
0 0.4204 0.2952 0.0088 0.0104
0 0.4443 0.2883 0.0078 0.0087
0 0.4565 0.3035 0.0107 0.0095
0 0.397 0.2883 0.0107 0.0104
0 0.3931 0.2312 0.0107 0.0104
0 0.3408 0.2208 0.0117 0.0104
0 0.3657 0.232 0.0088 0.0104
0 0.3101 0.2216 0.0107 0.0104
0 0.2759 0.2286 0.0127 0.0121
0 0.2466 0.2242 0.0127 0.0121
0 0.2231 0.2662 0.0127 0.0095
0 0.3228 0.2706 0.0107 0.0113
0 0.3062 0.2688 0.0107 0.0113
0 0.3442 0.2766 0.0088 0.0078
0 0.355 0.271 0.0068 0.0087
0 0.1045 0.419 0.0156 0.0156
0 0.1455 0.2632 0.0098 0.0087
0 0.1616 0.2762 0.0088 0.0087
0 0.146 0.2823 0.0107 0.0104
0 0.1152 0.284 0.0098 0.0104
0 0.1133 0.2723 0.0098 0.0095
0 0.0762 0.2675 0.0078 0.0087
0 0.0698 0.2567 0.0088 0.0078
0 0.0859 0.258 0.0098 0.0069
0 0.0181 0.2511 0.0088 0.0087
0 0.042 0.2545 0.0098 0.0087
0 0.1001 0.2593 0.0088 0.0095
0 0.8608 0.2814 0.0127 0.0104
0 0.9229 0.2818 0.0059 0.0061
0 0.0078 0.3667 0.0117 0.0113
0 0.0322 0.3974 0.0176 0.0173
0 0.0112 0.419 0.0127 0.0139
0 0.0718 0.4004 0.0127 0.0147
0 0.1475 0.3918 0.0098 0.013
0 0.1631 0.3931 0.0117 0.0139
0 0.1538 0.4571 0.0146 0.0208
0 0.165 0.4468 0.0117 0.0156
0 0.2012 0.4325 0.0117 0.0165
0 0.1387 0.5056 0.0156 0.026
0 0.1855 0.5169 0.0137 0.0208
0 0.3657 0.5216 0.0146 0.0182
0 0.333 0.4286 0.0117 0.0139
0 0.0557 0.5589 0.0234 0.032
