0 0.0874 0.3455 0.0439 0.0849
0 0.0938 0.2496 0.043 0.0747
0 0.1924 0.2782 0.041 0.0703
0 0.2319 0.2577 0.0322 0.0761
0 0.2725 0.3126 0.0391 0.0776
0 0.2158 0.3785 0.043 0.0747
0 0.3442 0.2438 0.04 0.0717
0 0.3242 0.3206 0.0391 0.0615
0 0.3657 0.3419 0.04 0.0776
0 0.3994 0.2994 0.0352 0.0717
0 0.4668 0.2277 0.0332 0.063
0 0.4937 0.2555 0.042 0.0805
0 0.5571 0.2504 0.0361 0.0644
0 0.5337 0.2599 0.0146 0.0307
0 0.5552 0.3499 0.04 0.0761
0 0.5073 0.4224 0.04 0.0776
0 0.4263 0.4085 0.04 0.0732
0 0.3315 0.5447 0.0459 0.0908
0 0.458 0.6428 0.0391 0.0673
0 0.6138 0.3221 0.0361 0.0732
0 0.6548 0.3594 0.0342 0.0717
0 0.708 0.4356 0.0371 0.0776
0 0.8022 0.47 0.0439 0.0791
0 0.8643 0.4597 0.0449 0.0791
0 0.8438 0.3104 0.0352 0.0761
0 0.7715 0.336 0.041 0.0776
0 0.7085 0.3075 0.042 0.0673
0 0.687 0.2269 0.0342 0.0615
0 0.6406 0.2577 0.0352 0.0703
0 0.7524 0.2408 0.0361 0.0659
0 0.7251 0.243 0.0342 0.0586
0 0.8438 0.2277 0.0312 0.0483
0 0.8218 0.2365 0.0166 0.0307
0 0.916 0.2958 0.043 0.0673
0 0.9302 0.235 0.0186 0.0366
0 0.6025 0.2665 0.0156 0.0293
