0 0.1328 0.41 0.0352 0.0586
0 0.1997 0.4231 0.0322 0.0498
0 0.2588 0.3829 0.0332 0.0571
0 0.311 0.4195 0.0342 0.0717
0 0.3555 0.3638 0.0312 0.06
0 0.3823 0.4407 0.0303 0.0556
0 0.4419 0.4187 0.0283 0.0498
0 0.5098 0.3821 0.0352 0.0644
0 0.6001 0.4231 0.0283 0.0527
0 0.6543 0.3865 0.0332 0.0556
0 0.6685 0.4744 0.0303 0.0439
0 0.7451 0.4488 0.0273 0.06
0 0.7939 0.3807 0.0293 0.0527
0 0.8569 0.4136 0.0303 0.0571
0 0.8159 0.4751 0.0303 0.0571
0 0.5986 0.59 0.0332 0.0498
0 0.5708 0.6354 0.0283 0.0439
0 0.4668 0.5681 0.0352 0.0644
0 0.4438 0.6391 0.0283 0.0454
