0 0.0337 0.0618 0.0068 0.0147
0 0.0503 0.0632 0.0088 0.0147
0 0.1055 0.0699 0.0117 0.0221
0 0.145 0.0647 0.0107 0.0176
0 0.2046 0.0824 0.0068 0.0118
0 0.1748 0.1007 0.0059 0.0103
0 0.2373 0.0831 0.0078 0.0162
0 0.2598 0.0816 0.0078 0.0191
0 0.2676 0.0853 0.0059 0.0147
0 0.2988 0.0853 0.0078 0.0147
0 0.334 0.1029 0.0098 0.0176
0 0.3691 0.0904 0.0078 0.0162
0 0.2812 0.1809 0.0078 0.0176
0 0.3281 0.186 0.0117 0.0221
0 0.3623 0.1853 0.0117 0.0206
0 0.3911 0.1125 0.0088 0.0162
0 0.4072 0.0978 0.0059 0.0103
0 0.4448 0.1074 0.0068 0.0118
0 0.4785 0.114 0.0098 0.0162
0 0.5107 0.1213 0.0078 0.0162
0 0.5483 0.1213 0.0088 0.0191
0 0.6011 0.2147 0.0088 0.0206
0 0.5566 0.2162 0.0098 0.0206
0 0.498 0.2037 0.0117 0.0221
0 0.7051 0.1824 0.0078 0.0176
0 0.7432 0.1632 0.0098 0.0176
0 0.7969 0.2441 0.0293 0.0676
0 0.9365 0.6044 0.0293 0.0588
0 0.9531 0.536 0.0137 0.0191
0 0.9941 0.5522 0.0098 0.0368
0 0.7393 0.5985 0.0293 0.0647
0 0.7622 0.5743 0.0186 0.0338
0 0.7764 0.5537 0.0176 0.0368
0 0.7695 0.5213 0.0137 0.0279
0 0.7051 0.5699 0.0156 0.0515
0 0.7222 0.5449 0.0127 0.0279
0 0.6719 0.4566 0.0098 0.0221
0 0.6465 0.5838 0.0312 0.0706
0 0.6099 0.5368 0.0166 0.0382
0 0.6558 0.5346 0.0205 0.0426
0 0.6313 0.4441 0.0107 0.0206
0 0.5674 0.4787 0.0117 0.0221
0 0.605 0.4456 0.0088 0.0147
0 0.5264 0.4434 0.0098 0.0221
0 0.5605 0.4434 0.0098 0.0191
0 0.5874 0.6515 0.0322 0.0676
0 0.5654 0.6 0.0254 0.0441
0 0.5386 0.6221 0.0283 0.0588
0 0.5229 0.5669 0.0264 0.0485
0 0.5073 0.5949 0.0244 0.0544
0 0.5352 0.5493 0.0215 0.0426
0 0.5571 0.5662 0.0186 0.0382
0 0.3965 0.4434 0.0098 0.0191
0 0.4678 0.5294 0.0156 0.0353
0 0.4717 0.4699 0.0078 0.0221
0 0.481 0.6463 0.0381 0.0721
0 0.4429 0.5699 0.0225 0.0485
0 0.4727 0.5544 0.0215 0.0529
0 0.397 0.4147 0.0068 0.0147
0 0.4155 0.4118 0.0049 0.0118
0 0.4644 0.4243 0.0049 0.0162
0 0.4346 0.4243 0.0059 0.0103
0 0.4302 0.45 0.0088 0.0176
0 0.3691 0.4346 0.0098 0.0221
0 0.3755 0.525 0.0205 0.0324
0 0.395 0.5809 0.0205 0.0412
0 0.4209 0.6544 0.0293 0.0676
0 0.3833 0.6272 0.0264 0.0574
0 0.3496 0.6096 0.0293 0.0632
0 0.3311 0.6662 0.0312 0.0706
0 0.3135 0.614 0.0293 0.0662
0 0.2666 0.6272 0.0273 0.0574
0 0.2856 0.5132 0.0186 0.0382
0 0.3374 0.5897 0.0264 0.0618
0 0.3057 0.4581 0.0117 0.0221
0 0.332 0.4588 0.0098 0.0176
0 0.2588 0.4434 0.0078 0.0162
0 0.3574 0.4515 0.0078 0.0176
0 0.1729 0.4441 0.0098 0.0235
0 0.1851 0.5324 0.0186 0.0382
0 0.208 0.5522 0.0254 0.0456
0 0.2578 0.5801 0.0273 0.0574
0 0.2104 0.411 0.0068 0.0162
0 0.2178 0.5162 0.0137 0.0353
0 0.1611 0.5287 0.0156 0.0397
0 0.1362 0.5537 0.0283 0.0603
0 0.1768 0.6162 0.0234 0.0676
0 0.2168 0.6147 0.0312 0.0647
0 0.2344 0.6794 0.0352 0.0882
0 0.1187 0.6713 0.0381 0.0603
0 0.0332 0.6397 0.041 0.0882
0 0.0767 0.6022 0.0342 0.0603
0 0.0083 0.5456 0.0146 0.0382
0 0.0928 0.5456 0.0234 0.0588
0 0.1099 0.5868 0.0225 0.0588
0 0.0386 0.4537 0.0107 0.0221
0 0.0493 0.4015 0.0068 0.0176
0 0.1406 0.4103 0.0098 0.0206
0 0.1387 0.4603 0.0137 0.0235
0 0.1167 0.4051 0.0068 0.0191
0 0.2363 0.4596 0.0078 0.0162
0 0.4375 0.0949 0.0098 0.0162
