0 0.3677 0.1016 0.0264 0.0443
0 0.373 0.1628 0.0254 0.0495
0 0.3281 0.1771 0.0273 0.0469
0 0.2915 0.2454 0.0361 0.0638
0 0.3276 0.2637 0.0283 0.0456
0 0.3945 0.2337 0.0312 0.056
0 0.4502 0.1777 0.0215 0.0404
0 0.4951 0.168 0.0273 0.0469
0 0.4814 0.224 0.0293 0.0495
0 0.4326 0.2448 0.0391 0.0651
0 0.5649 0.2096 0.0264 0.0443
0 0.5601 0.1797 0.0225 0.0391
0 0.6055 0.1615 0.0234 0.0469
0 0.6382 0.1634 0.0264 0.0508
0 0.6396 0.2337 0.0293 0.0508
0 0.6006 0.2852 0.0254 0.0495
0 0.6743 0.2982 0.0342 0.0625
0 0.5352 0.3255 0.0391 0.0677
0 0.5596 0.4082 0.0391 0.069
0 0.665 0.39 0.0371 0.0612
0 0.73 0.3802 0.0361 0.0651
0 0.3882 0.418 0.0361 0.0625
0 0.2095 0.4199 0.0439 0.082
0 0.2397 0.291 0.042 0.082
0 0.6353 0.4622 0.042 0.0703
0 0.7529 0.4479 0.0391 0.0703
0 0.8296 0.4421 0.042 0.0742
