0 0.2778 0.4066 0.1201 0.175
0 0.4956 0.5985 0.0283 0.0559
0 0.5464 0.5897 0.04 0.1029
0 0.6309 0.4485 0.0234 0.0441
0 0.6177 0.5603 0.0322 0.0618
0 0.7153 0.486 0.0264 0.0574
0 0.7847 0.7993 0.0752 0.1162
0 0.7441 0.6787 0.043 0.0662
0 0.9756 0.6309 0.0449 0.1265
0 0.8438 0.5243 0.0449 0.0809
0 0.9258 0.514 0.0391 0.0868
0 0.751 0.5265 0.043 0.0735
0 0.7358 0.4515 0.0225 0.0471
0 0.8716 0.4074 0.0225 0.0382
0 0.9009 0.4588 0.0244 0.0412
0 0.9263 0.3647 0.0205 0.0412
0 0.8481 0.4713 0.0244 0.0485
0 0.6621 0.4316 0.0195 0.0338
0 0.9858 0.525 0.0264 0.0676
