0 0.2344 0.2804 0.0391 0.1157
0 0.5078 0.4136 0.0508 0.0952
0 0.6279 0.3785 0.0449 0.0864
0 0.7021 0.4575 0.0391 0.0747
0 0.3003 0.6735 0.0732 0.1376
0 0.1138 0.7211 0.0127 0.0161
0 0.0884 0.8119 0.0146 0.022
0 0.1411 0.7657 0.0127 0.0205
0 0.1987 0.7782 0.0146 0.0278
0 0.2114 0.836 0.0146 0.0264
0 0.1743 0.8543 0.0186 0.0278
0 0.1406 0.8177 0.0137 0.022
0 0.1055 0.8712 0.0215 0.0322
0 0.106 0.9634 0.0088 0.0146
0 0.1211 0.9517 0.0098 0.0146
0 0.1401 0.9429 0.0088 0.0146
0 0.1548 0.9283 0.0088 0.0146
0 0.1729 0.9231 0.0098 0.0161
0 0.1895 0.9063 0.0098 0.0146
0 0.2061 0.9048 0.0098 0.0146
0 0.6313 0.7687 0.0264 0.0586
0 0.8911 0.4912 0.085 0.224
0 0.8442 0.1654 0.0205 0.0439
0 0.7695 0.8514 0.0273 0.0542
