0 0.8047 0.5501 0.0059 0.0091
0 0.7793 0.4831 0.0098 0.0156
0 0.7637 0.4609 0.0059 0.013
0 0.7534 0.4089 0.0068 0.0104
0 0.6553 0.3678 0.0078 0.0117
0 0.8096 0.3503 0.0078 0.013
0 0.8491 0.3757 0.0068 0.0117
0 0.8857 0.6543 0.0117 0.0169
0 0.1162 0.9121 0.0156 0.0221
0 0.314 0.2897 0.0049 0.0091
0 0.188 0.2435 0.0049 0.0078
0 0.1611 0.2428 0.0039 0.0065
0 0.1694 0.2402 0.0049 0.0065
0 0.1777 0.2422 0.0059 0.0078
0 0.0337 0.1738 0.0049 0.0065
0 0.0249 0.1615 0.0029 0.0052
0 0.0859 0.1895 0.0039 0.0065
0 0.0674 0.1901 0.0039 0.0052
0 0.5942 0.3216 0.0029 0.0078
0 0.5898 0.2936 0.0039 0.0065
0 0.5635 0.2109 0.0039 0.0078
0 0.5884 0.2155 0.0049 0.0091
0 0.5439 0.2135 0.0039 0.0052
0 0.5967 0.278 0.0039 0.0091
0 0.6035 0.2708 0.0059 0.0078
0 0.6597 0.2357 0.0049 0.0078
0 0.9683 0.3125 0.0068 0.0104
0 0.8164 0.2975 0.0039 0.0091
0 0.8423 0.2741 0.0049 0.0091
0 0.8203 0.2728 0.0059 0.0091
0 0.7017 0.2025 0.0029 0.0065
0 0.7183 0.1999 0.0029 0.0065
0 0.7686 0.1823 0.0039 0.0052
0 0.4497 0.1842 0.0029 0.0065
0 0.4351 0.181 0.0029 0.0052
0 0.375 0.1693 0.002 0.0052
0 0.418 0.1634 0.002 0.0039
0 0.3789 0.1634 0.002 0.0039
