0 0.0264 0.9523 0.0098 0.0172
0 0.0938 0.9328 0.0098 0.0188
0 0.1714 0.9008 0.0107 0.0203
0 0.1753 0.857 0.0107 0.0172
0 0.2197 0.843 0.0117 0.0203
0 0.2368 0.768 0.0088 0.0172
0 0.248 0.7633 0.0078 0.0109
0 0.1963 0.7867 0.0078 0.0109
0 0.1729 0.7672 0.0078 0.0156
0 0.1665 0.7633 0.0088 0.0172
0 0.29 0.7125 0.0078 0.0188
0 0.0308 0.7336 0.0107 0.0141
0 0.0132 0.7367 0.0068 0.0109
0 0.2798 0.6242 0.0107 0.0172
0 0.2822 0.5617 0.0078 0.0172
0 0.2407 0.4961 0.0068 0.0141
0 0.2227 0.6914 0.0078 0.0141
0 0.1748 0.6984 0.0078 0.0125
0 0.1733 0.5914 0.0088 0.0172
0 0.2251 0.5953 0.0068 0.0156
0 0.1006 0.532 0.0078 0.0141
0 0.0566 0.5312 0.0078 0.0156
0 0.1514 0.5633 0.0078 0.0141
0 0.1284 0.507 0.0068 0.0109
0 0.1362 0.507 0.0049 0.0109
0 0.1685 0.5047 0.0068 0.0125
0 0.1802 0.4555 0.0068 0.0141
0 0.1865 0.4523 0.0059 0.0109
0 0.1353 0.4586 0.0068 0.0109
0 0.2085 0.4125 0.0068 0.0125
0 0.0059 0.4031 0.0059 0.0125
0 0.0137 0.3633 0.0059 0.0109
0 0.0898 0.3945 0.0059 0.0109
0 0.1465 0.3984 0.0059 0.0125
0 0.1104 0.4102 0.0059 0.0109
0 0.1816 0.3297 0.0059 0.0125
0 0.1416 0.3602 0.0059 0.0141
0 0.1411 0.3047 0.0068 0.0125
0 0.1069 0.2789 0.0049 0.0078
0 0.0913 0.25 0.0049 0.0094
0 0.085 0.3055 0.0059 0.0109
0 0.0557 0.3102 0.0039 0.0078
0 0.0815 0.3359 0.0049 0.0094
0 0.0547 0.2141 0.0039 0.0094
0 0.0586 0.1906 0.0039 0.0094
0 0.0596 0.1828 0.0039 0.0094
0 0.0474 0.2516 0.0049 0.0094
0 0.0161 0.2602 0.0049 0.0109
0 0.0054 0.2547 0.0049 0.0063
0 0.0308 0.2297 0.0049 0.0094
0 0.3887 0.9031 0.0098 0.0125
0 0.2773 0.9789 0.0117 0.0172
0 0.3257 0.9469 0.0088 0.0188
0 0.2793 0.8719 0.0078 0.0156
0 0.5513 0.9617 0.0068 0.0141
0 0.4614 0.818 0.0107 0.0172
0 0.4385 0.8094 0.0098 0.0125
0 0.4897 0.7898 0.0088 0.0172
0 0.3745 0.7195 0.0088 0.0141
0 0.4165 0.7148 0.0068 0.0141
0 0.4248 0.6383 0.0059 0.0109
0 0.4614 0.6281 0.0068 0.0125
0 0.3643 0.5383 0.0059 0.0109
0 0.3218 0.5484 0.0088 0.0125
0 0.3237 0.4609 0.0068 0.0125
0 0.3408 0.4273 0.0078 0.0141
0 0.3711 0.4281 0.0059 0.0094
0 0.3594 0.3977 0.0059 0.0109
0 0.3159 0.4047 0.0068 0.0125
0 0.2563 0.4148 0.0049 0.0109
0 0.3164 0.3523 0.0059 0.0141
0 0.2544 0.3313 0.0049 0.0094
0 0.2646 0.3328 0.0039 0.0094
0 0.2334 0.3336 0.0039 0.0078
0 0.2246 0.2359 0.0039 0.0094
0 0.2612 0.225 0.0049 0.0094
0 0.1978 0.2094 0.0049 0.0094
0 0.2036 0.2859 0.0049 0.0063
0 0.1763 0.2867 0.0049 0.0109
0 0.1377 0.2586 0.0039 0.0109
0 0.2744 0.1906 0.0059 0.0063
0 0.1167 0.2398 0.0049 0.0078
0 0.2324 0.1609 0.0039 0.0063
0 0.2261 0.1469 0.0029 0.0063
0 0.2109 0.1516 0.0039 0.0063
0 0.2075 0.1602 0.0029 0.0047
0 0.2124 0.1898 0.0029 0.0078
0 0.2324 0.2219 0.0039 0.0094
0 0.1255 0.175 0.0049 0.0063
0 0.106 0.1164 0.0029 0.0047
0 0.0845 0.1688 0.0029 0.0063
0 0.7744 0.8789 0.0117 0.0203
0 0.709 0.8906 0.0098 0.0188
0 0.7065 0.775 0.0107 0.0156
0 0.6431 0.7781 0.0107 0.0188
0 0.7476 0.7281 0.0107 0.0188
0 0.8076 0.693 0.0078 0.0172
0 0.8438 0.7211 0.0098 0.0203
0 0.8594 0.6922 0.0078 0.0125
0 0.8496 0.6664 0.0098 0.0172
0 0.7476 0.6344 0.0107 0.0188
0 0.7065 0.5398 0.0088 0.0172
0 0.5938 0.6961 0.0078 0.0172
0 0.645 0.6773 0.0068 0.0109
0 0.6216 0.6852 0.0068 0.0141
0 0.5337 0.5922 0.0088 0.0156
0 0.5957 0.5813 0.0059 0.0125
0 0.4966 0.5133 0.0068 0.0141
0 0.5449 0.5141 0.0078 0.0156
0 0.5508 0.5133 0.0039 0.0109
0 0.4873 0.4422 0.0059 0.0125
0 0.4468 0.4453 0.0068 0.0125
0 0.5098 0.3828 0.0059 0.0125
0 0.4746 0.3602 0.0059 0.0109
0 0.4282 0.4367 0.0049 0.0109
0 0.4185 0.2906 0.0068 0.0125
0 0.4072 0.2797 0.0039 0.0063
0 0.3584 0.3664 0.0039 0.0109
0 0.3911 0.3609 0.0049 0.0094
0 0.3994 0.3141 0.0059 0.0125
0 0.2837 0.2828 0.0049 0.0094
0 0.269 0.2789 0.0068 0.0109
0 0.9741 0.9633 0.0107 0.0203
0 0.9565 0.6719 0.0107 0.0219
0 0.9707 0.6469 0.0078 0.0125
0 0.9014 0.675 0.0098 0.0188
0 0.918 0.5539 0.0078 0.0172
0 0.8354 0.5461 0.0068 0.0141
0 0.8911 0.4125 0.0068 0.0125
0 0.8701 0.5109 0.0078 0.0125
0 0.9097 0.5055 0.0068 0.0141
0 0.8877 0.6266 0.0078 0.0156
0 0.7832 0.5641 0.0098 0.0156
0 0.6641 0.4461 0.0078 0.0141
0 0.7134 0.5125 0.0088 0.0156
0 0.5898 0.3109 0.0059 0.0094
0 0.6011 0.4039 0.0049 0.0109
0 0.5742 0.4125 0.0059 0.0125
0 0.5459 0.3617 0.0059 0.0109
0 0.4819 0.3344 0.0049 0.0094
0 0.8887 0.3969 0.0059 0.0125
0 0.8555 0.4016 0.0059 0.0125
0 0.7432 0.4211 0.0059 0.0109
0 0.7588 0.4164 0.0059 0.0109
0 0.834 0.4305 0.0059 0.0109
0 0.7129 0.3781 0.0078 0.0125
0 0.6978 0.3023 0.0049 0.0109
0 0.833 0.3094 0.0039 0.0125
0 0.895 0.332 0.0049 0.0078
0 0.9868 0.3586 0.0068 0.0109
0 0.9722 0.3047 0.0049 0.0063
0 0.9609 0.2898 0.0059 0.0109
0 0.9487 0.2922 0.0049 0.0094
0 0.9395 0.2852 0.0059 0.0109
0 0.9814 0.2664 0.0059 0.0109
0 0.8428 0.2602 0.0039 0.0078
0 0.7651 0.2695 0.0068 0.0109
0 0.7715 0.268 0.0059 0.0109
0 0.7451 0.275 0.0059 0.0094
0 0.752 0.2891 0.0039 0.0063
0 0.8271 0.35 0.0059 0.0094
0 0.9146 0.2859 0.0068 0.0094
0 0.9253 0.2766 0.0049 0.0094
0 0.936 0.2703 0.0049 0.0094
0 0.6802 0.3422 0.0049 0.0094
0 0.6465 0.35 0.0059 0.0094
0 0.915 0.2391 0.0059 0.0094
0 0.8774 0.2508 0.0049 0.0109
0 0.8979 0.1617 0.0029 0.0047
0 0.9482 0.1617 0.0039 0.0078
0 0.9541 0.1773 0.0039 0.0078
0 0.8472 0.1875 0.0049 0.0094
0 0.8496 0.1805 0.0039 0.0078
0 0.8247 0.2102 0.0049 0.0078
0 0.8169 0.2195 0.0049 0.0078
0 0.8823 0.1555 0.0029 0.0047
0 0.8276 0.1352 0.0029 0.0078
0 0.9165 0.1117 0.0029 0.0078
0 0.9448 0.1227 0.0029 0.0047
0 0.9424 0.1023 0.0039 0.0078
0 0.9829 0.0922 0.0049 0.0094
0 0.9438 0.0883 0.0049 0.0078
0 0.9561 0.0875 0.0039 0.0063
0 0.5806 0.2883 0.0049 0.0078
0 0.5591 0.2992 0.0049 0.0109
0 0.521 0.2711 0.0049 0.0078
0 0.5269 0.2242 0.0049 0.0109
0 0.4668 0.2156 0.0039 0.0063
0 0.481 0.218 0.0029 0.0078
0 0.4517 0.2203 0.0049 0.0094
0 0.4746 0.2875 0.0039 0.0094
0 0.3672 0.2203 0.0039 0.0063
0 0.3442 0.1648 0.0049 0.0109
0 0.3682 0.2445 0.0039 0.0078
0 0.4019 0.2422 0.0049 0.0094
0 0.3193 0.2148 0.0059 0.0078
0 0.3467 0.207 0.0039 0.0109
0 0.2754 0.1195 0.0039 0.0078
0 0.2969 0.193 0.0039 0.0078
0 0.3247 0.2094 0.0029 0.0063
0 0.3188 0.1172 0.0029 0.0063
0 0.3008 0.1234 0.0039 0.0063
0 0.2295 0.1086 0.0039 0.0109
0 0.2368 0.1008 0.0029 0.0047
0 0.2842 0.1727 0.0039 0.0047
0 0.2593 0.1727 0.0049 0.0078
0 0.1279 0.1031 0.0039 0.0063
0 0.0532 0.1031 0.0049 0.0063
0 0.0664 0.093 0.002 0.0047
0 0.499 0.1859 0.0039 0.0094
0 0.4478 0.1625 0.0049 0.0063
0 0.478 0.1758 0.0049 0.0078
0 0.5933 0.2414 0.0049 0.0078
0 0.584 0.1938 0.0039 0.0063
0 0.6201 0.1961 0.0039 0.0078
0 0.5854 0.1719 0.0029 0.0063
0 0.7251 0.2922 0.0049 0.0094
0 0.6353 0.2672 0.0049 0.0094
0 0.6626 0.2164 0.0049 0.0078
0 0.6855 0.2391 0.0039 0.0094
0 0.7456 0.2141 0.0049 0.0094
0 0.7051 0.2313 0.0039 0.0094
0 0.7412 0.2031 0.0039 0.0063
0 0.7544 0.2117 0.0049 0.0109
0 0.647 0.1703 0.0029 0.0063
0 0.7256 0.1313 0.0039 0.0063
0 0.7158 0.1313 0.0039 0.0063
0 0.7471 0.1648 0.0039 0.0078
0 0.7124 0.0773 0.0029 0.0047
0 0.6592 0.0828 0.002 0.0063
0 0.6392 0.0703 0.0029 0.0063
0 0.6548 0.0406 0.0029 0.0063
0 0.6919 0.0445 0.0029 0.0047
0 0.6758 0.0391 0.002 0.0063
0 0.6675 0.0312 0.0029 0.0031
0 0.0947 0.0711 0.0039 0.0047
0 0.1089 0.0648 0.0029 0.0047
0 0.0664 0.0813 0.0039 0.0063
0 0.0659 0.0422 0.0029 0.0063
0 0.0698 0.0344 0.0029 0.0031
0 0.0728 0.0422 0.0029 0.0063
0 0.0762 0.0383 0.002 0.0047
0 0.126 0.0352 0.002 0.0047
0 0.1572 0.0281 0.0039 0.0063
0 0.1118 0.043 0.0029 0.0047
0 0.0503 0.0539 0.0029 0.0047
0 0.2798 0.0898 0.0029 0.0078
0 0.2397 0.0711 0.0049 0.0078
0 0.2119 0.0609 0.0039 0.0063
0 0.2881 0.0469 0.0039 0.0063
0 0.2979 0.0336 0.0039 0.0078
0 0.6016 0.0344 0.0039 0.0063
0 0.5854 0.0367 0.0029 0.0047
0 0.6133 0.0359 0.0039 0.0063
0 0.6094 0.032 0.0039 0.0078
0 0.6274 0.0453 0.0029 0.0063
0 0.7119 0.2117 0.0059 0.0141
0 0.5376 0.1414 0.0049 0.0109
0 0.4883 0.1359 0.0059 0.0094
0 0.5586 0.5789 0.0078 0.0172
