0 0.2275 0.8981 0.0625 0.1354
0 0.2324 0.7842 0.0449 0.1012
0 0.2842 0.9122 0.0449 0.1012
0 0.2896 0.7589 0.0381 0.0863
0 0.4346 0.8698 0.0391 0.0938
0 0.3896 0.7411 0.0391 0.0804
0 0.3794 0.6667 0.042 0.0774
0 0.23 0.6644 0.0342 0.0729
0 0.3364 0.6012 0.0342 0.0744
0 0.2407 0.5379 0.0283 0.0551
0 0.1753 0.535 0.0322 0.061
0 0.1025 0.5781 0.0391 0.0729
0 0.1265 0.6793 0.0361 0.0818
0 0.1279 0.7649 0.0449 0.0863
0 0.0269 0.9137 0.0537 0.119
0 0.0195 0.7031 0.0391 0.0997
0 0.3779 0.5714 0.0273 0.0625
0 0.397 0.5737 0.0225 0.0551
0 0.4712 0.6674 0.0342 0.0699
0 0.4971 0.7626 0.043 0.0878
0 0.4819 0.9338 0.0518 0.1086
0 0.5894 0.8899 0.0459 0.0833
0 0.7339 0.904 0.0498 0.0878
0 0.521 0.7411 0.0264 0.0625
0 0.5532 0.6324 0.0322 0.0655
0 0.6646 0.7976 0.0342 0.0804
0 0.8228 0.6756 0.0361 0.0714
0 0.7778 0.5826 0.0264 0.0551
0 0.8481 0.6049 0.0342 0.067
0 0.916 0.5856 0.0293 0.0521
0 0.9727 0.6064 0.0352 0.061
0 0.9355 0.6942 0.041 0.0699
0 0.9087 0.7679 0.042 0.0893
0 0.9912 0.8333 0.0137 0.0982
0 0.5962 0.7857 0.042 0.0685
