0 0.0234 0.1713 0.0137 0.0338
0 0.0522 0.1522 0.0166 0.0426
0 0.0371 0.2257 0.0254 0.0485
0 0.0718 0.2441 0.0225 0.0353
0 0.062 0.3588 0.0225 0.0353
0 0.0996 0.3338 0.0195 0.0324
0 0.1152 0.2096 0.0234 0.0426
0 0.0923 0.2412 0.0107 0.0206
0 0.0845 0.2309 0.0088 0.0176
0 0.1719 0.2426 0.0195 0.0412
0 0.2129 0.1956 0.0312 0.1029
0 0.2314 0.2015 0.0195 0.0353
0 0.2666 0.2059 0.0234 0.0382
0 0.2998 0.1456 0.0254 0.0471
0 0.3008 0.2324 0.0352 0.0882
0 0.6553 0.1382 0.0234 0.0647
0 0.8691 0.1588 0.0195 0.0471
0 0.9546 0.1265 0.0225 0.0559
0 0.7305 0.1206 0.0137 0.0353
0 0.5605 0.1559 0.0234 0.0441
0 0.7354 0.2007 0.0215 0.0397
0 0.7568 0.1522 0.0195 0.0397
0 0.792 0.1882 0.0215 0.0382
0 0.3403 0.1463 0.0381 0.0632
0 0.3687 0.1522 0.0166 0.0338
0 0.3364 0.2044 0.0225 0.0382
0 0.6089 0.1779 0.0205 0.0412
0 0.6694 0.189 0.0186 0.0309
0 0.6826 0.1728 0.0176 0.0456
0 0.7666 0.2169 0.0117 0.0279
0 0.3618 0.2301 0.0186 0.0368
0 0.4004 0.189 0.0215 0.0397
0 0.4497 0.1353 0.0225 0.0559
0 0.4595 0.1691 0.0186 0.0353
0 0.5059 0.2287 0.0195 0.0397
0 0.5078 0.1794 0.0195 0.0324
0 0.5732 0.2022 0.0176 0.0368
0 0.7114 0.2993 0.0244 0.0426
0 0.7065 0.1419 0.0127 0.0279
0 0.5923 0.161 0.0166 0.0368
