0 0.9268 0.5 0.0293 0.0713
0 0.9458 0.3311 0.0107 0.0451
0 0.1377 0.4141 0.0332 0.0946
0 0.1396 0.2911 0.0254 0.067
0 0.2139 0.4032 0.0586 0.1223
0 0.3984 0.1747 0.0352 0.0699
0 0.5127 0.1739 0.0312 0.0655
0 0.5889 0.2213 0.0234 0.064
0 0.4575 0.409 0.0635 0.1834
0 0.5098 0.4112 0.0684 0.1383
0 0.5483 0.4571 0.0361 0.0757
0 0.686 0.4665 0.0771 0.1616
0 0.769 0.4934 0.0518 0.1048
0 0.688 0.2831 0.0225 0.0539
0 0.7593 0.2496 0.0283 0.0655
0 0.8765 0.2904 0.0264 0.0539
0 0.6982 0.4884 0.0645 0.1325
