0 0.0181 0.5844 0.0381 0.0877
0 0.0552 0.5609 0.0342 0.0666
0 0.0293 0.5187 0.0391 0.0698
0 0.0645 0.4294 0.0371 0.0731
0 0.1436 0.1786 0.0254 0.0584
0 0.1177 0.2289 0.0225 0.0487
0 0.2041 0.1047 0.0273 0.0568
0 0.2871 0.1258 0.0293 0.0536
0 0.2803 0.3636 0.1094 0.2078
0 0.4028 0.2719 0.1064 0.1964
0 0.4683 0.3742 0.0928 0.2127
0 0.6626 0.3685 0.0244 0.0519
0 0.7319 0.5438 0.0361 0.0844
0 0.6753 0.4951 0.0322 0.0714
0 0.7734 0.4692 0.0273 0.0584
0 0.7539 0.4245 0.0273 0.0601
0 0.6851 0.4107 0.0225 0.0487
0 0.7134 0.336 0.0264 0.0552
0 0.7866 0.4067 0.0283 0.0536
0 0.7847 0.3669 0.0205 0.0455
0 0.8208 0.3352 0.0244 0.0471
0 0.8579 0.3636 0.0244 0.0487
0 0.8223 0.4773 0.0371 0.0779
0 0.8545 0.4521 0.0273 0.0698
0 0.8311 0.4448 0.0254 0.0649
0 0.9014 0.4123 0.0293 0.0617
0 0.9365 0.4521 0.0254 0.0536
0 0.9575 0.5219 0.0322 0.0633
0 0.9829 0.3937 0.0205 0.0503
0 0.979 0.3385 0.0205 0.0438
0 0.918 0.3539 0.0234 0.0487
0 0.958 0.401 0.0234 0.0552
0 0.9316 0.763 0.0918 0.2143
0 0.8721 0.6339 0.043 0.0925
0 0.8091 0.5998 0.0342 0.0731
0 0.8696 0.539 0.0322 0.0649
0 0.9106 0.4911 0.0303 0.0666
0 0.6216 0.4732 0.0244 0.0601
0 0.6177 0.3758 0.0264 0.0568
