0 0.0967 0.3989 0.0352 0.0518
0 0.1367 0.3824 0.0254 0.0392
0 0.1934 0.4077 0.0254 0.0392
0 0.2109 0.385 0.0195 0.0341
0 0.2505 0.4058 0.0244 0.0329
0 0.2729 0.4001 0.0205 0.0341
0 0.3086 0.3748 0.0195 0.0341
0 0.3159 0.421 0.0225 0.0405
0 0.354 0.3862 0.0225 0.0367
0 0.4048 0.3982 0.0225 0.0405
0 0.4146 0.3767 0.0186 0.0303
0 0.4429 0.402 0.0186 0.0303
0 0.4844 0.4008 0.0176 0.0303
0 0.522 0.3881 0.0186 0.0278
0 0.5249 0.4248 0.0186 0.0329
0 0.5508 0.4121 0.0176 0.0329
0 0.5542 0.4949 0.0205 0.0341
0 0.478 0.4924 0.0225 0.0367
0 0.3999 0.5038 0.0225 0.0367
0 0.3013 0.4893 0.0225 0.0379
0 0.314 0.5424 0.0186 0.0278
0 0.2148 0.4861 0.0254 0.0442
0 0.103 0.5221 0.0264 0.043
0 0.9263 0.5183 0.0225 0.0405
0 0.8721 0.4115 0.0234 0.0367
0 0.8506 0.3894 0.0195 0.0329
0 0.7852 0.4083 0.0195 0.0303
0 0.8081 0.4235 0.0225 0.0354
0 0.8237 0.507 0.0225 0.0405
0 0.7109 0.3831 0.0195 0.0329
0 0.7524 0.4381 0.0186 0.0265
0 0.7129 0.4235 0.0195 0.0329
0 0.7515 0.5082 0.0225 0.0303
0 0.6709 0.5133 0.0195 0.0303
0 0.666 0.4324 0.0195 0.0379
0 0.6699 0.402 0.0176 0.0278
0 0.6445 0.4083 0.0156 0.0329
0 0.627 0.3951 0.0176 0.0316
0 0.6094 0.4178 0.0156 0.0291
0 0.5752 0.4001 0.0195 0.0265
0 0.6025 0.5006 0.0195 0.0329
