0 0.2148 0.1374 0.0098 0.0143
0 0.3193 0.196 0.0078 0.0143
0 0.2729 0.2057 0.0088 0.013
0 0.397 0.2305 0.0205 0.0365
0 0.3931 0.1478 0.0107 0.0221
0 0.1504 0.2012 0.0098 0.0143
0 0.4702 0.235 0.0244 0.043
0 0.519 0.2389 0.0186 0.043
0 0.4141 0.168 0.0098 0.0182
0 0.4546 0.1882 0.0088 0.0169
0 0.4141 0.1908 0.0117 0.0169
0 0.4497 0.2018 0.0146 0.026
0 0.645 0.1992 0.0068 0.013
0 0.7305 0.1921 0.0176 0.0273
0 0.7627 0.2253 0.0215 0.0365
0 0.7002 0.1947 0.0078 0.0143
0 0.9937 0.196 0.0068 0.0117
0 0.9766 0.125 0.0117 0.0182
0 0.9922 0.1628 0.0137 0.0234
0 0.311 0.138 0.0146 0.0182
0 0.2725 0.8079 0.0098 0.0143
0 0.269 0.9004 0.0127 0.0195
0 0.1885 0.5977 0.0078 0.0156
0 0.5811 0.1335 0.0078 0.0143
0 0.5957 0.181 0.0078 0.0104
0 0.2109 0.1842 0.0156 0.0195
0 0.021 0.2305 0.0205 0.0312
0 0.0347 0.1706 0.0107 0.0182
0 0.0898 0.1523 0.0098 0.0156
0 0.1729 0.2005 0.0176 0.0234
0 0.1069 0.1693 0.0146 0.0208
0 0.1567 0.7585 0.0088 0.0117
0 0.1777 0.8079 0.0098 0.0143
0 0.0327 0.7884 0.0107 0.0221
0 0.0415 0.8418 0.0107 0.0143
0 0.043 0.8991 0.0098 0.0169
0 0.1104 0.957 0.0137 0.0182
0 0.2388 0.8542 0.0107 0.013
0 0.3643 0.8184 0.0117 0.0169
0 0.3398 0.8555 0.0117 0.013
0 0.3267 0.9323 0.0088 0.0156
0 0.3516 0.9824 0.0156 0.0169
0 0.4355 0.9427 0.0156 0.0182
0 0.4478 0.8594 0.0107 0.013
0 0.5347 0.8001 0.0107 0.0143
0 0.5103 0.8724 0.0088 0.0182
0 0.5601 0.9251 0.0127 0.0169
0 0.6528 0.8385 0.0107 0.0156
0 0.6143 0.7995 0.0078 0.0156
0 0.7231 0.8138 0.0088 0.0156
0 0.7627 0.8529 0.0117 0.0182
0 0.7637 0.9115 0.0137 0.0182
0 0.8076 0.8275 0.0117 0.0221
0 0.7275 0.9635 0.0156 0.0234
0 0.8179 0.7428 0.0107 0.0143
0 0.895 0.7878 0.0127 0.0182
0 0.9473 0.7448 0.0117 0.0182
0 0.8462 0.2285 0.0205 0.0404
0 0.8979 0.237 0.0186 0.0417
0 0.9316 0.1927 0.0215 0.0339
0 0.8555 0.1621 0.0156 0.0221
0 0.7988 0.1927 0.0137 0.026
0 0.7129 0.14 0.0117 0.0221
0 0.748 0.1387 0.0078 0.0143
0 0.7622 0.1439 0.0088 0.0195
0 0.7822 0.1621 0.0098 0.0195
0 0.4658 0.1497 0.0098 0.0208
0 0.4805 0.168 0.0117 0.0156
0 0.5215 0.1465 0.0078 0.0169
0 0.3564 0.2038 0.0098 0.0143
0 0.3535 0.1471 0.0098 0.0182
0 0.373 0.1947 0.0215 0.0299
0 0.0493 0.1986 0.0146 0.0299
0 0.2329 0.1764 0.0166 0.0273
0 0.0151 0.1497 0.0127 0.0234
0 0.3564 0.1712 0.0156 0.0247
