0 0.0913 0.202 0.0049 0.0095
0 0.1562 0.1905 0.0039 0.0081
0 0.2446 0.25 0.0049 0.0108
0 0.1182 0.6176 0.0137 0.0351
0 0.1284 0.5845 0.0146 0.0311
0 0.1689 0.6034 0.0137 0.023
0 0.1792 0.6014 0.0107 0.0216
0 0.2026 0.6041 0.0088 0.0189
0 0.1978 0.6236 0.0088 0.0149
0 0.2134 0.6331 0.0068 0.0122
0 0.2261 0.6318 0.0088 0.0149
0 0.23 0.6041 0.0088 0.0162
0 0.2363 0.6142 0.0078 0.0149
0 0.2358 0.6007 0.0049 0.0122
0 0.2412 0.6027 0.0059 0.0135
0 0.25 0.6081 0.0078 0.0135
0 0.2583 0.6068 0.0068 0.0135
0 0.2651 0.6223 0.0068 0.0122
0 0.1948 0.5811 0.0068 0.0108
0 0.7695 0.4446 0.0059 0.0108
0 0.8403 0.4486 0.0068 0.0108
0 0.8657 0.4426 0.0049 0.0068
0 0.7891 0.6514 0.0078 0.0135
0 0.7769 0.6155 0.0088 0.0149
0 0.7646 0.6095 0.0078 0.0108
0 0.7817 0.6405 0.0068 0.0108
0 0.7949 0.6142 0.0078 0.0122
0 0.8018 0.6264 0.0078 0.0122
0 0.8159 0.6203 0.0088 0.0162
0 0.8311 0.6236 0.0098 0.0176
0 0.8452 0.6135 0.0088 0.0162
0 0.8516 0.6155 0.0098 0.0176
0 0.8623 0.6101 0.0098 0.0176
0 0.8125 0.6068 0.0078 0.0135
0 0.8237 0.5919 0.0068 0.0135
0 0.832 0.5912 0.0078 0.0122
0 0.8413 0.5838 0.0088 0.0135
0 0.8511 0.5804 0.0068 0.0149
0 0.8589 0.5797 0.0088 0.0162
0 0.8809 0.5953 0.0078 0.0149
0 0.9165 0.6135 0.0186 0.0351
0 0.9043 0.5818 0.0156 0.0284
0 0.8047 0.6 0.0078 0.0135
0 0.9941 0.6811 0.0098 0.0216
0 0.8735 0.5797 0.0107 0.0162
0 0.3003 0.5986 0.0146 0.0297
0 0.2612 0.0649 0.0068 0.0135
0 0.7002 0.0939 0.0039 0.0068
0 0.1821 0.5716 0.0068 0.0108
0 0.1646 0.5682 0.0068 0.0122
0 0.1704 0.5669 0.0088 0.0149
0 0.2212 0.5615 0.0068 0.0122
0 0.2129 0.5932 0.0059 0.0135
0 0.1665 0.5486 0.0068 0.0108
0 0.2002 0.5716 0.0059 0.0108
0 0.1953 0.5682 0.0039 0.0095
0 0.1978 0.5547 0.0068 0.0149
0 0.2046 0.6372 0.0068 0.0149
0 0.3286 0.5986 0.0107 0.0297
0 0.3315 0.5966 0.0127 0.0284
0 0.3369 0.627 0.0059 0.0108
0 0.4771 0.6297 0.0068 0.0135
0 0.5474 0.6264 0.0068 0.0122
0 0.5825 0.6297 0.0049 0.0081
0 0.646 0.5831 0.0146 0.0257
0 0.667 0.5851 0.0156 0.027
0 0.6846 0.6061 0.0156 0.0311
0 0.7466 0.5973 0.0166 0.027
0 0.5073 0.1128 0.0166 0.0311
0 0.4761 0.2311 0.0068 0.0108
0 0.5181 0.225 0.0068 0.0122
0 0.8374 0.2135 0.0049 0.0081
0 0.9185 0.2135 0.0049 0.0081
0 0.9614 0.2101 0.0049 0.0095
0 0.7412 0.4459 0.0078 0.0108
0 0.7529 0.4399 0.0078 0.0122
0 0.7588 0.4601 0.0059 0.0095
0 0.2144 0.577 0.0068 0.0108
