0 0.313 0.6445 0.0186 0.0359
0 0.23 0.6055 0.0186 0.0359
0 0.0684 0.5188 0.0176 0.0344
0 0.1777 0.5633 0.0156 0.0359
0 0.0938 0.525 0.0078 0.0188
0 0.5713 0.6023 0.0195 0.0359
0 0.6294 0.5813 0.0146 0.0344
0 0.5288 0.5875 0.0186 0.0312
0 0.5039 0.5687 0.0137 0.0344
0 0.4575 0.5703 0.0146 0.0281
0 0.7593 0.582 0.0205 0.0359
0 0.8687 0.5797 0.0166 0.0344
0 0.8564 0.5367 0.0137 0.0297
0 0.6787 0.5547 0.0156 0.0312
0 0.731 0.5383 0.0127 0.0266
0 0.9165 0.5156 0.0146 0.025
0 0.8579 0.3945 0.0088 0.0172
0 0.8667 0.4969 0.0107 0.025
0 0.8247 0.5016 0.0107 0.0219
0 0.7617 0.4898 0.0117 0.0266
0 0.6792 0.4758 0.0088 0.0234
0 0.6074 0.4766 0.0117 0.0219
0 0.6367 0.4641 0.0078 0.0188
0 0.7139 0.468 0.0098 0.0172
0 0.4917 0.5453 0.0127 0.0281
0 0.501 0.4367 0.0078 0.0172
0 0.4644 0.4875 0.0107 0.025
0 0.4805 0.4625 0.0098 0.0188
0 0.5327 0.4313 0.0088 0.0156
0 0.3838 0.5906 0.0137 0.0281
0 0.2744 0.5758 0.0137 0.0359
0 0.2671 0.5164 0.0166 0.0328
0 0.1421 0.5703 0.0107 0.025
0 0.0474 0.4805 0.0107 0.0234
0 0.1138 0.5156 0.0088 0.0188
0 0.9888 0.5328 0.0107 0.025
0 0.604 0.5258 0.0186 0.0359
