0 0.3521 0.7308 0.0264 0.0136
0 0.165 0.7619 0.0293 0.011
0 0.1655 0.7764 0.0264 0.012
0 0.1162 0.7648 0.0312 0.013
0 0.5459 0.7358 0.0254 0.012
0 0.5405 0.7481 0.0264 0.0133
0 0.5513 0.7644 0.0283 0.0139
0 0.585 0.7609 0.0273 0.0149
0 0.6128 0.7676 0.0322 0.0152
0 0.6104 0.752 0.0215 0.0107
0 0.6348 0.7517 0.0332 0.0146
0 0.666 0.7564 0.0332 0.0156
0 0.6919 0.7506 0.0283 0.0104
0 0.7207 0.7321 0.0234 0.013
0 0.7461 0.7499 0.0352 0.0149
0 0.7856 0.746 0.0244 0.0123
0 0.7554 0.7673 0.0459 0.0217
0 0.6963 0.7679 0.0391 0.0172
0 0.8843 0.7316 0.0303 0.0133
0 0.8364 0.7499 0.0283 0.0143
0 0.8521 0.7464 0.0283 0.0156
0 0.8657 0.7596 0.0322 0.0149
0 0.8213 0.7788 0.041 0.0227
0 0.8945 0.7789 0.0391 0.0185
0 0.9458 0.7679 0.0439 0.0191
0 0.9194 0.7957 0.0361 0.0253
0 0.9902 0.7515 0.0176 0.0149
0 0.0288 0.7717 0.042 0.0162
