0 0.6577 0.583 0.0205 0.0411
0 0.8564 0.6476 0.0195 0.0411
0 0.3696 0.5646 0.0127 0.0279
0 0.5391 0.4941 0.0117 0.022
0 0.5649 0.5007 0.0127 0.0206
0 0.5713 0.5705 0.0117 0.0279
0 0.2788 0.6167 0.0146 0.0264
0 0.1089 0.6101 0.0146 0.0338
0 0.4131 0.5742 0.0137 0.0294
0 0.834 0.5698 0.0137 0.0294
0 0.5405 0.5565 0.0127 0.0294
0 0.4023 0.6109 0.0137 0.0264
0 0.1055 0.5587 0.0137 0.0308
0 0.0518 0.6101 0.0117 0.025
0 0.9375 0.6101 0.0117 0.0279
0 0.4883 0.5903 0.0117 0.0264
0 0.5967 0.5551 0.0098 0.0235
0 0.0034 0.5947 0.0068 0.0264
0 0.0322 0.5852 0.0117 0.022
0 0.1245 0.5999 0.0127 0.0308
0 0.3857 0.5705 0.0098 0.025
0 0.3965 0.5734 0.0098 0.022
0 0.4834 0.558 0.0137 0.0235
0 0.7896 0.6035 0.0107 0.0264
0 0.0537 0.5837 0.0117 0.0162
0 0.0693 0.5984 0.0137 0.0162
0 0.9868 0.5551 0.0088 0.0206
0 0.8184 0.5764 0.0059 0.022
0 0.2412 0.6087 0.0098 0.022
0 0.9766 0.6351 0.0059 0.0279
0 0.2324 0.5411 0.0078 0.0191
0 0.7524 0.5727 0.0088 0.0206
0 0.4272 0.5624 0.0068 0.0294
0 0.5151 0.5771 0.0107 0.0235
0 0.9268 0.6013 0.0117 0.025
0 0.9673 0.5587 0.0088 0.0191
0 0.7603 0.6087 0.0107 0.025
0 0.731 0.5888 0.0127 0.0264
0 0.7173 0.5888 0.0127 0.0294
0 0.8755 0.5631 0.0088 0.0191
0 0.9189 0.558 0.0098 0.0176
0 0.6792 0.5734 0.0107 0.025
0 0.4614 0.5499 0.0127 0.022
0 0.4478 0.5712 0.0146 0.0323
0 0.4673 0.5866 0.0127 0.025
0 0.5098 0.6087 0.0117 0.022
0 0.4639 0.6674 0.0195 0.0338
0 0.3267 0.5602 0.0146 0.0308
0 0.3384 0.5573 0.0107 0.0191
0 0.2651 0.5808 0.0127 0.025
0 0.2803 0.5536 0.0117 0.0206
0 0.2915 0.5705 0.0127 0.022
0 0.2207 0.5866 0.0137 0.025
0 0.1997 0.6101 0.0127 0.022
0 0.1836 0.5712 0.0117 0.0264
0 0.1929 0.5668 0.0107 0.0235
0 0.207 0.5521 0.0117 0.0235
0 0.1616 0.5492 0.0107 0.0235
