0 0.3569 0.6397 0.0146 0.0293
0 0.2402 0.6335 0.0117 0.0262
0 0.2334 0.6188 0.0117 0.0278
0 0.6353 0.635 0.0166 0.0324
0 0.5015 0.6335 0.0146 0.0293
0 0.4976 0.591 0.0146 0.0278
0 0.4692 0.5941 0.0107 0.0309
0 0.1797 0.2855 0.0059 0.0154
0 0.189 0.311 0.0068 0.017
0 0.4077 0.5077 0.0127 0.0247
0 0.3921 0.5162 0.0088 0.0231
0 0.2427 0.5995 0.0068 0.0231
0 0.605 0.5895 0.0107 0.0216
0 0.9165 0.7353 0.0107 0.0262
0 0.8984 0.7145 0.0098 0.0247
0 0.8677 0.6991 0.0088 0.0247
0 0.9668 0.6597 0.0117 0.0293
0 0.8208 0.6651 0.0107 0.0247
0 0.8042 0.6343 0.0107 0.0278
0 0.7783 0.6358 0.0098 0.0278
0 0.7603 0.598 0.0127 0.0201
0 0.8643 0.6242 0.0098 0.0324
0 0.7368 0.5779 0.0088 0.017
0 0.8574 0.4846 0.0078 0.0216
0 0.8911 0.4645 0.0127 0.0278
0 0.8755 0.5664 0.0107 0.0247
0 0.834 0.5548 0.0098 0.0201
0 0.8433 0.4398 0.0088 0.0247
0 0.8726 0.4437 0.0107 0.0139
0 0.9639 0.4676 0.0117 0.0247
0 0.9087 0.4738 0.0107 0.0154
0 0.9155 0.5039 0.0107 0.0231
0 0.9478 0.4915 0.0068 0.0201
0 0.9922 0.4992 0.0078 0.0262
0 0.9595 0.5 0.0068 0.0216
0 0.8872 0.5 0.0088 0.0216
0 0.7402 0.5247 0.0098 0.0185
0 0.9429 0.6952 0.0107 0.0262
0 0.8579 0.6867 0.0107 0.0216
0 0.9624 0.767 0.0127 0.0278
0 0.7988 0.537 0.0078 0.0185
0 0.2524 0.5702 0.0127 0.0262
