0 0.0776 0.199 0.0732 0.1052
0 0.1523 0.1171 0.0273 0.0456
0 0.2046 0.135 0.0264 0.038
0 0.2617 0.1112 0.0254 0.0358
0 0.292 0.0781 0.0234 0.039
0 0.3174 0.0916 0.0273 0.0423
0 0.252 0.2842 0.084 0.1432
0 0.3452 0.1866 0.0342 0.0499
0 0.377 0.1367 0.0312 0.0456
0 0.4062 0.1025 0.0234 0.0358
0 0.4209 0.1133 0.0273 0.038
0 0.8481 0.1421 0.1006 0.1497
0 0.5205 0.1405 0.0586 0.0857
0 0.4478 0.1009 0.0283 0.039
0 0.4697 0.1052 0.0234 0.0347
0 0.5493 0.1079 0.0225 0.0358
0 0.5869 0.083 0.0273 0.038
0 0.585 0.1258 0.0293 0.0412
0 0.6724 0.1405 0.0361 0.0553
0 0.6826 0.0944 0.0293 0.0477
0 0.7549 0.1258 0.0312 0.039
0 0.7456 0.167 0.0322 0.0434
0 0.9395 0.1302 0.043 0.0456
0 0.8999 0.199 0.0439 0.0618
0 0.9844 0.1876 0.0293 0.0542
0 0.9937 0.1383 0.0107 0.0315
