0 0.0112 0.4069 0.0186 0.0273
0 0.0146 0.4336 0.0215 0.0339
0 0.0332 0.4102 0.0254 0.0417
0 0.0771 0.4212 0.0293 0.0404
0 0.125 0.4362 0.0215 0.0365
0 0.1528 0.4362 0.0225 0.0365
0 0.189 0.4193 0.0244 0.0365
0 0.1582 0.3867 0.0195 0.0312
0 0.2246 0.403 0.0176 0.0326
0 0.248 0.3971 0.0254 0.0365
0 0.2515 0.4316 0.0205 0.0404
0 0.2905 0.3997 0.0322 0.0469
0 0.3179 0.4076 0.0244 0.0443
0 0.3789 0.3184 0.0176 0.0273
0 0.3647 0.4225 0.0205 0.0378
0 0.3843 0.4186 0.0225 0.0378
0 0.4053 0.4173 0.0215 0.0326
0 0.3823 0.3724 0.0166 0.0417
0 0.4663 0.4069 0.0303 0.056
0 0.4995 0.3757 0.0127 0.0273
0 0.5161 0.4004 0.0225 0.0404
0 0.5518 0.3997 0.0332 0.0495
0 0.5928 0.39 0.0254 0.0378
0 0.3804 0.4798 0.0225 0.043
0 0.4307 0.4805 0.0234 0.0391
0 0.4492 0.4056 0.0234 0.0456
0 0.6221 0.4082 0.0215 0.0326
0 0.6465 0.4095 0.0332 0.056
0 0.6865 0.3763 0.0195 0.0339
0 0.7041 0.3971 0.0215 0.0365
0 0.7178 0.4583 0.0215 0.0365
0 0.769 0.388 0.0225 0.0365
0 0.77 0.4141 0.0225 0.0391
0 0.7852 0.4186 0.0254 0.043
0 0.8208 0.4408 0.0107 0.0299
0 0.8604 0.3353 0.0234 0.0352
0 0.8486 0.3874 0.0254 0.0404
0 0.8721 0.3698 0.0234 0.0417
0 0.9097 0.3594 0.0244 0.0443
0 0.9175 0.3841 0.0244 0.0339
0 0.9438 0.3639 0.0264 0.0534
0 0.9463 0.4844 0.0273 0.0495
0 0.9907 0.3939 0.0166 0.0456
0 0.9956 0.3965 0.0068 0.0404
0 0.9844 0.3594 0.0195 0.0339
0 0.2583 0.6016 0.0205 0.0286
0 0.3428 0.6185 0.0156 0.0339
0 0.8662 0.6953 0.0254 0.0521
0 0.8838 0.752 0.0254 0.0508
0 0.8838 0.7917 0.0156 0.0495
0 0.9922 0.7298 0.0137 0.0508
0 0.9297 0.8939 0.0449 0.0768
0 0.8242 0.8581 0.0215 0.0547
