0 0.1396 0.679 0.0117 0.0221
0 0.1499 0.6999 0.0146 0.0247
0 0.1445 0.7324 0.0156 0.0247
0 0.2061 0.7246 0.0156 0.0247
0 0.1978 0.6777 0.0146 0.0221
0 0.2046 0.7005 0.0166 0.0234
0 0.2349 0.6602 0.0127 0.0234
0 0.2446 0.681 0.0107 0.0208
0 0.2515 0.7018 0.0127 0.0208
0 0.2578 0.7305 0.0117 0.0234
0 0.3071 0.7233 0.0146 0.0247
0 0.3008 0.7038 0.0137 0.0221
0 0.2944 0.6823 0.0107 0.0234
0 0.2832 0.6576 0.0098 0.0208
0 0.3311 0.6732 0.0117 0.0234
0 0.3755 0.6602 0.0127 0.0208
0 0.3452 0.6758 0.0127 0.0208
0 0.3545 0.7057 0.0098 0.0182
0 0.3657 0.7233 0.0127 0.0247
0 0.3979 0.6751 0.0107 0.0221
0 0.4116 0.696 0.0127 0.0221
0 0.4165 0.7253 0.0146 0.026
0 0.4585 0.6901 0.0146 0.0234
0 0.4409 0.6634 0.0127 0.0195
0 0.4683 0.6654 0.0107 0.0182
0 0.4214 0.6654 0.0107 0.0182
0 0.4678 0.7201 0.0156 0.0182
0 0.5068 0.6953 0.0137 0.0234
0 0.4883 0.6842 0.0117 0.0195
0 0.5317 0.6764 0.0127 0.0195
0 0.5229 0.7207 0.0146 0.0221
0 0.5581 0.6914 0.0146 0.0182
0 0.5791 0.6719 0.0137 0.0208
0 0.605 0.6875 0.0146 0.0234
0 0.5796 0.7324 0.0127 0.0195
0 0.6401 0.7253 0.0146 0.026
0 0.7222 0.7012 0.0166 0.0299
0 0.7598 0.6751 0.0117 0.0195
0 0.8052 0.6719 0.0127 0.0182
0 0.7979 0.6927 0.0137 0.0208
0 0.8389 0.6927 0.0137 0.026
0 0.8218 0.724 0.0146 0.0234
0 0.8652 0.7318 0.0117 0.0182
0 0.8735 0.694 0.0127 0.0208
0 0.9072 0.7181 0.0137 0.0221
0 0.9258 0.765 0.0176 0.0273
0 0.9917 0.7617 0.0146 0.0234
