0 0.7598 0.7909 0.0801 0.0771
0 0.5889 0.8228 0.0879 0.0726
0 0.646 0.7448 0.0264 0.0215
0 0.7007 0.6756 0.0146 0.0133
0 0.6777 0.6908 0.0137 0.0107
0 0.6382 0.7031 0.0146 0.0101
0 0.6016 0.6927 0.0156 0.0145
0 0.6938 0.561 0.0459 0.0354
0 0.605 0.5079 0.0322 0.0278
0 0.5181 0.5587 0.042 0.0385
0 0.4438 0.5395 0.0303 0.0278
0 0.5029 0.4223 0.0879 0.0752
0 0.4209 0.3838 0.0918 0.0853
0 0.3164 0.4084 0.1348 0.1409
0 0.1074 0.4665 0.1348 0.1409
0 0.6133 0.2208 0.0977 0.0714
0 0.1748 0.2081 0.1055 0.1017
