0 0.5669 0.2812 0.0986 0.0955
0 0.9141 0.6593 0.0195 0.0209
0 0.8354 0.6521 0.0244 0.0196
0 0.9238 0.6197 0.0195 0.0137
0 0.8447 0.6236 0.0156 0.0164
0 0.8496 0.6004 0.0195 0.017
0 0.8652 0.5631 0.0215 0.017
0 0.9214 0.5791 0.0166 0.0164
0 0.8633 0.5307 0.0176 0.015
0 0.8203 0.5448 0.0156 0.0131
0 0.7314 0.5392 0.0176 0.0137
0 0.9717 0.5605 0.0195 0.0157
0 0.3911 0.6331 0.0244 0.0262
0 0.3394 0.5824 0.0205 0.0164
0 0.2515 0.5494 0.0166 0.0131
0 0.1909 0.5425 0.0166 0.0164
0 0.1753 0.6589 0.0244 0.0216
0 0.2388 0.6357 0.0225 0.0144
0 0.106 0.6383 0.0225 0.0183
0 0.0654 0.5804 0.0195 0.0164
0 0.0444 0.5889 0.0205 0.019
0 0.0806 0.5497 0.0205 0.0177
0 0.3149 0.5471 0.0127 0.0177
0 0.1108 0.5468 0.0127 0.0118
0 0.1035 0.5389 0.0137 0.0131
0 0.1699 0.5294 0.0156 0.0137
0 0.2495 0.5069 0.0127 0.0131
0 0.2256 0.5314 0.0156 0.0111
0 0.1787 0.4931 0.0156 0.0105
0 0.165 0.4774 0.0137 0.0105
0 0.2329 0.4774 0.0127 0.0105
0 0.2778 0.4889 0.0127 0.0098
0 0.2695 0.5258 0.0176 0.0131
0 0.2842 0.5078 0.0137 0.0098
0 0.0464 0.5105 0.0186 0.0124
0 0.3735 0.5039 0.0127 0.0111
0 0.3672 0.4572 0.0137 0.0092
0 0.3066 0.4693 0.0137 0.0111
0 0.8691 0.4794 0.0137 0.0092
0 0.7456 0.498 0.0146 0.0124
0 0.7979 0.5141 0.0195 0.0144
0 0.1426 0.4598 0.0117 0.0118
0 0.1431 0.45 0.0107 0.0105
0 0.0342 0.4532 0.0156 0.0131
0 0.1372 0.5768 0.0186 0.017
0 0.9316 0.7011 0.0234 0.0222
0 0.2646 0.6939 0.0234 0.0235
