0 0.9756 0.8711 0.0195 0.0286
0 0.9419 0.7721 0.0186 0.026
0 0.917 0.9538 0.0195 0.0299
0 0.8599 0.9466 0.0186 0.026
0 0.855 0.8555 0.0186 0.026
0 0.7969 0.8249 0.0137 0.0221
0 0.8481 0.7565 0.0146 0.0208
0 0.7329 0.752 0.0127 0.0247
0 0.7354 0.8783 0.0195 0.0299
0 0.8042 0.9727 0.0186 0.0286
0 0.7026 0.9622 0.0166 0.026
0 0.6958 0.9902 0.0146 0.0169
0 0.6411 0.9896 0.0186 0.0182
0 0.6313 0.9434 0.0186 0.0326
0 0.6475 0.8887 0.0195 0.0299
0 0.667 0.8092 0.0156 0.0221
0 0.6216 0.8392 0.0166 0.0273
0 0.5537 0.9629 0.0156 0.0273
0 0.5864 0.8926 0.0127 0.0273
0 0.5474 0.8398 0.0186 0.0312
0 0.5322 0.7962 0.0156 0.0273
0 0.5107 0.9062 0.0156 0.0234
0 0.4268 0.9557 0.0156 0.0286
0 0.4463 0.8926 0.0176 0.0326
0 0.4448 0.8548 0.0186 0.0273
0 0.4727 0.8027 0.0176 0.0299
0 0.4111 0.7962 0.0176 0.0299
0 0.3877 0.9141 0.0176 0.0312
0 0.3716 0.9486 0.0166 0.0273
0 0.3296 0.89 0.0186 0.0247
0 0.3159 0.9603 0.0166 0.0273
0 0.3442 0.8281 0.0225 0.0286
0 0.3647 0.8757 0.0166 0.0221
0 0.1216 0.8132 0.0166 0.0273
0 0.0942 0.8574 0.0166 0.0273
0 0.0615 0.8704 0.0176 0.0299
0 0.0366 0.8405 0.0146 0.0273
0 0.0259 0.6719 0.0146 0.0312
0 0.2085 0.5195 0.0166 0.0234
0 0.2202 0.4551 0.0146 0.0247
0 0.228 0.4154 0.0146 0.0208
0 0.1577 0.4714 0.0166 0.026
0 0.1104 0.4837 0.0137 0.0221
0 0.1724 0.4264 0.0146 0.0221
0 0.1221 0.431 0.0137 0.0208
0 0.127 0.3691 0.0137 0.0195
0 0.3345 0.4004 0.0146 0.0247
0 0.0913 0.5215 0.0146 0.0247
0 0.144 0.5124 0.0186 0.0326
0 0.0718 0.5599 0.0146 0.0234
0 0.0381 0.5267 0.0156 0.0247
0 0.0312 0.5801 0.0156 0.0221
0 0.0557 0.4759 0.0176 0.0221
0 0.0059 0.4746 0.0137 0.0299
0 0.2725 0.4583 0.0156 0.0286
0 0.2871 0.3561 0.0156 0.0221
0 0.1836 0.3197 0.0156 0.0273
0 0.229 0.3555 0.0166 0.0339
0 0.1367 0.3164 0.0137 0.0208
0 0.0229 0.3809 0.0146 0.0247
0 0.9834 0.4271 0.0176 0.0312
0 0.939 0.4368 0.0166 0.0247
0 0.9365 0.3776 0.0156 0.0339
0 0.877 0.4206 0.0176 0.0234
0 0.8867 0.5326 0.0176 0.0365
0 0.3433 0.2617 0.0166 0.026
0 0.2988 0.4004 0.0137 0.0247
0 0.2935 0.3099 0.0225 0.0339
0 0.1997 0.2253 0.0127 0.0234
0 0.0488 0.237 0.0137 0.0234
0 0.0771 0.4219 0.0195 0.0365
0 0.0762 0.3763 0.0156 0.0234
0 0.0186 0.4336 0.0156 0.0312
0 0.042 0.2871 0.0137 0.0221
0 0.1069 0.2292 0.0127 0.0234
0 0.2588 0.1908 0.0137 0.0247
0 0.1753 0.3678 0.0146 0.0247
0 0.1587 0.9297 0.0166 0.0286
0 0.0977 0.9056 0.0176 0.0247
