0 0.2441 0.6369 0.0117 0.0248
0 0.2656 0.6513 0.0137 0.0206
0 0.2808 0.6204 0.0127 0.022
0 0.2935 0.6389 0.0127 0.0206
0 0.3135 0.6107 0.0254 0.0413
0 0.3037 0.8129 0.0254 0.0578
0 0.1196 0.621 0.0107 0.0234
0 0.0542 0.6513 0.0127 0.0234
0 0.0674 0.6554 0.0117 0.0206
0 0.0991 0.6547 0.0107 0.0193
0 0.0942 0.6265 0.0107 0.0206
0 0.0713 0.6259 0.0098 0.0165
0 0.0571 0.6293 0.0127 0.0179
0 0.0439 0.6149 0.0117 0.0193
0 0.0332 0.6609 0.0137 0.0261
0 0.0137 0.6547 0.0156 0.0248
0 0.0063 0.6142 0.0088 0.0179
0 0.1055 0.5454 0.0098 0.0179
0 0.0928 0.5674 0.0098 0.0151
0 0.0801 0.5715 0.0098 0.0179
0 0.1592 0.599 0.0098 0.0206
0 0.1372 0.6183 0.0107 0.0151
0 0.1333 0.599 0.0107 0.0151
0 0.1416 0.5681 0.0078 0.0138
0 0.0757 0.599 0.0107 0.0179
0 0.104 0.5784 0.0088 0.0151
0 0.103 0.6066 0.0107 0.0138
0 0.0332 0.5495 0.0098 0.0151
0 0.0259 0.5681 0.0107 0.0165
0 0.0068 0.5488 0.0098 0.0165
0 0.0127 0.6039 0.0098 0.0193
0 0.5918 0.5805 0.0176 0.033
0 0.5332 0.6066 0.0254 0.0385
0 0.3838 0.5963 0.0137 0.0316
0 0.5571 0.5495 0.0186 0.0344
0 0.4775 0.5646 0.0176 0.0289
0 0.814 0.3425 0.04 0.055
0 0.603 0.5887 0.0205 0.0358
0 0.6729 0.6032 0.0137 0.0316
0 0.709 0.5523 0.0098 0.0179
0 0.6982 0.5089 0.0078 0.0138
0 0.7144 0.5069 0.0088 0.0124
0 0.7095 0.4814 0.0088 0.0138
0 0.665 0.5069 0.0078 0.0151
0 0.6528 0.5138 0.0088 0.0151
0 0.6523 0.4952 0.0059 0.0138
0 0.6606 0.4801 0.0068 0.0138
0 0.6343 0.4945 0.0068 0.0124
0 0.5859 0.5172 0.0078 0.0138
0 0.5674 0.4959 0.0078 0.0124
0 0.5708 0.5151 0.0088 0.0179
0 0.5576 0.4917 0.0078 0.0151
0 0.6011 0.5303 0.0088 0.0124
0 0.5835 0.4993 0.0088 0.0138
0 0.5879 0.4732 0.0078 0.011
0 0.6826 0.478 0.0078 0.0124
0 0.6519 0.4718 0.0068 0.011
0 0.6641 0.467 0.0078 0.0124
0 0.7271 0.4876 0.0068 0.0151
0 0.6094 0.4835 0.0078 0.0151
0 0.6255 0.5172 0.0088 0.0165
0 0.5161 0.5007 0.0068 0.0165
0 0.5229 0.489 0.0068 0.0124
0 0.5327 0.5007 0.0068 0.0138
0 0.4663 0.5199 0.0088 0.0138
0 0.48 0.5007 0.0068 0.0138
0 0.5029 0.4835 0.0078 0.0124
0 0.4507 0.4917 0.0088 0.0124
0 0.4194 0.4931 0.0068 0.0124
0 0.3784 0.4718 0.0068 0.011
0 0.3843 0.4924 0.0068 0.0138
0 0.3975 0.4952 0.0059 0.011
0 0.3887 0.4842 0.0059 0.011
0 0.4629 0.4587 0.0078 0.0124
0 0.4746 0.4856 0.0078 0.0138
0 0.438 0.5007 0.0068 0.0138
0 0.4429 0.4856 0.0068 0.011
0 0.4995 0.5103 0.0068 0.0165
0 0.3149 0.4835 0.0068 0.0124
0 0.3262 0.4725 0.0059 0.0096
0 0.3462 0.4512 0.0068 0.011
0 0.2656 0.4697 0.0059 0.0096
0 0.2598 0.4505 0.0059 0.0096
0 0.2427 0.4739 0.0068 0.0124
0 0.3677 0.4787 0.0068 0.011
0 0.3682 0.4601 0.0059 0.0124
0 0.3008 0.4656 0.0078 0.0151
0 0.314 0.4684 0.0068 0.0124
0 0.8989 0.5179 0.0088 0.0151
0 0.8716 0.5248 0.0088 0.0124
0 0.873 0.5 0.0078 0.0151
0 0.9136 0.511 0.0068 0.0124
0 0.9023 0.4911 0.0078 0.0138
0 0.9219 0.5083 0.0078 0.0151
0 0.9702 0.5 0.0088 0.0151
0 0.9556 0.4835 0.0068 0.0124
0 0.9639 0.4725 0.0059 0.0124
0 0.936 0.4972 0.0088 0.0179
0 0.9258 0.4952 0.0059 0.011
0 0.7559 0.4677 0.0059 0.011
0 0.2197 0.7063 0.0137 0.0206
0 0.2461 0.6768 0.0117 0.022
0 0.6177 0.5619 0.0127 0.0261
0 0.5479 0.5138 0.0078 0.0124
0 0.5376 0.4931 0.0088 0.0124
0 0.0034 0.6052 0.0088 0.0193
