0 0.8423 0.3141 0.0283 0.06
0 0.8105 0.4217 0.0273 0.0673
0 0.7583 0.3463 0.0283 0.06
0 0.7368 0.2592 0.0303 0.0556
0 0.7236 0.1999 0.0254 0.0571
0 0.7456 0.4751 0.0303 0.0688
0 0.6875 0.4056 0.0273 0.0615
0 0.6938 0.3177 0.0303 0.0644
0 0.6396 0.2818 0.0273 0.06
0 0.6582 0.2233 0.0254 0.0512
0 0.6221 0.3375 0.0273 0.0571
0 0.6064 0.4268 0.0312 0.06
0 0.6084 0.2152 0.0332 0.0527
0 0.835 0.5278 0.0332 0.0659
0 0.5581 0.3104 0.0283 0.0556
0 0.4927 0.437 0.0342 0.06
0 0.4761 0.3228 0.0264 0.0512
0 0.4795 0.1881 0.0293 0.063
0 0.5479 0.2182 0.0254 0.0644
0 0.4365 0.2643 0.0254 0.06
0 0.3887 0.2247 0.0273 0.0542
0 0.3848 0.317 0.0273 0.0542
0 0.3438 0.4165 0.0293 0.0717
0 0.3267 0.3404 0.0322 0.0512
0 0.3394 0.2694 0.0264 0.0527
0 0.2812 0.3668 0.0312 0.06
0 0.2236 0.4305 0.0312 0.0703
0 0.2378 0.2972 0.0303 0.0644
0 0.2959 0.2943 0.0293 0.0615
0 0.1611 0.5534 0.0312 0.0586
0 0.0737 0.4524 0.0322 0.0586
