0 0.9355 0.651 0.0137 0.029
0 0.8921 0.6203 0.0127 0.029
0 0.8687 0.6118 0.0146 0.0256
0 0.8276 0.6075 0.0166 0.0307
0 0.8091 0.552 0.0127 0.0324
0 0.8003 0.5128 0.0127 0.029
0 0.7866 0.4838 0.0088 0.0154
0 0.7725 0.4923 0.0137 0.029
0 0.7632 0.4531 0.0107 0.029
0 0.7529 0.5239 0.0117 0.0273
0 0.748 0.5606 0.0098 0.029
0 0.707 0.5307 0.0117 0.0273
0 0.687 0.5469 0.0107 0.029
0 0.6924 0.4838 0.0117 0.0256
0 0.7104 0.4539 0.0107 0.0239
0 0.6646 0.529 0.0107 0.0239
0 0.7207 0.5427 0.0117 0.0205
0 0.7388 0.535 0.0088 0.0222
0 0.7866 0.7432 0.0127 0.029
0 0.7383 0.6382 0.0117 0.0273
0 0.6943 0.6348 0.0117 0.0273
0 0.6973 0.6886 0.0137 0.0324
0 0.7124 0.7355 0.0127 0.0307
0 0.7515 0.75 0.0127 0.029
0 0.6812 0.7381 0.0127 0.029
0 0.6602 0.7449 0.0098 0.029
0 0.6177 0.7466 0.0127 0.0256
0 0.6167 0.6988 0.0127 0.029
0 0.6431 0.6382 0.0107 0.0273
0 0.7925 0.6408 0.0127 0.0256
0 0.627 0.5435 0.0117 0.0256
0 0.6104 0.5316 0.0098 0.0188
0 0.5459 0.6135 0.0137 0.0222
0 0.5708 0.5034 0.0107 0.0205
0 0.6362 0.4522 0.0107 0.0273
0 0.6328 0.5128 0.0117 0.0256
0 0.5586 0.4616 0.0117 0.029
0 0.5381 0.529 0.0117 0.0273
0 0.5254 0.5597 0.0117 0.0307
0 0.5884 0.6323 0.0127 0.0324
0 0.5161 0.6135 0.0127 0.029
0 0.459 0.5947 0.0156 0.0358
0 0.5776 0.5418 0.0127 0.029
0 0.6504 0.552 0.0098 0.0188
0 0.5083 0.5265 0.0107 0.0256
0 0.4897 0.5401 0.0088 0.0222
0 0.5029 0.4573 0.0117 0.0307
0 0.4614 0.5094 0.0107 0.0222
0 0.4409 0.5009 0.0127 0.0188
0 0.438 0.4497 0.0127 0.029
0 0.3916 0.4582 0.0137 0.0256
0 0.394 0.5034 0.0107 0.0239
0 0.4019 0.5324 0.0107 0.0307
0 0.4434 0.5512 0.0117 0.0205
0 0.4824 0.4821 0.0117 0.0222
0 0.522 0.4804 0.0127 0.0222
0 0.498 0.6988 0.0137 0.029
0 0.4028 0.6834 0.0127 0.0324
0 0.4087 0.6288 0.0127 0.029
0 0.354 0.6297 0.0127 0.0273
0 0.3628 0.6706 0.0127 0.0239
0 0.3643 0.5137 0.0117 0.0273
0 0.3418 0.4599 0.0137 0.0256
0 0.354 0.5239 0.0127 0.0239
0 0.3247 0.541 0.0127 0.0239
0 0.3076 0.5239 0.0117 0.0273
0 0.3018 0.6331 0.0117 0.0307
0 0.2856 0.6911 0.0127 0.0239
0 0.2446 0.6314 0.0146 0.0273
0 0.2793 0.5316 0.0137 0.0324
0 0.2646 0.5111 0.0137 0.029
0 0.2979 0.4548 0.0117 0.0324
0 0.2388 0.4573 0.0127 0.0273
0 0.2285 0.5179 0.0117 0.029
0 0.2144 0.5119 0.0127 0.0273
0 0.1807 0.5316 0.0117 0.0222
0 0.1978 0.6391 0.0127 0.029
0 0.23 0.6834 0.0127 0.029
0 0.1934 0.6988 0.0117 0.0324
0 0.4209 0.7389 0.0117 0.0273
0 0.3833 0.7304 0.0127 0.0307
0 0.3511 0.7457 0.0107 0.0239
0 0.3184 0.721 0.0117 0.029
0 0.2842 0.7329 0.0117 0.029
0 0.2495 0.7235 0.0127 0.0307
0 0.2163 0.7304 0.0127 0.0307
0 0.1538 0.564 0.0146 0.0324
0 0.1045 0.6092 0.0137 0.0239
0 0.0859 0.6425 0.0137 0.0256
0 0.0684 0.663 0.0156 0.0324
0 0.2617 0.686 0.0137 0.0307
0 0.5791 0.494 0.0078 0.0188
