0 0.9292 0.4961 0.0283 0.0469
0 0.9824 0.4928 0.0176 0.0299
0 0.8838 0.5182 0.0293 0.0495
0 0.8442 0.5124 0.0381 0.0664
0 0.811 0.5007 0.0225 0.0404
0 0.7627 0.5319 0.0391 0.0742
0 0.7148 0.5137 0.0332 0.0612
0 0.7134 0.5938 0.0518 0.0755
0 0.6675 0.5365 0.04 0.0703
0 0.6816 0.485 0.0273 0.043
0 0.6445 0.4759 0.0254 0.043
0 0.7295 0.3913 0.0156 0.0273
0 0.6934 0.4505 0.0234 0.0365
0 0.6475 0.373 0.0137 0.0247
0 0.6064 0.4987 0.0332 0.0625
0 0.5796 0.4876 0.0225 0.043
0 0.5566 0.4036 0.0137 0.0234
0 0.5894 0.6523 0.0576 0.1146
0 0.561 0.5749 0.0498 0.082
0 0.5156 0.5286 0.0371 0.0703
0 0.5098 0.4681 0.0195 0.0326
0 0.4395 0.4707 0.0195 0.0326
0 0.396 0.5723 0.0596 0.1055
0 0.4014 0.4863 0.0371 0.0612
0 0.373 0.4824 0.0195 0.0378
0 0.3667 0.4622 0.0186 0.0339
0 0.314 0.5586 0.0361 0.0521
0 0.2817 0.4902 0.0264 0.0534
0 0.2793 0.4434 0.0176 0.0273
0 0.2778 0.7435 0.085 0.1745
0 0.2554 0.6126 0.0459 0.0742
0 0.2402 0.4648 0.0195 0.0443
0 0.208 0.4681 0.0254 0.043
0 0.1704 0.4857 0.0322 0.0521
0 0.1538 0.651 0.0771 0.1432
0 0.1333 0.5742 0.04 0.0781
0 0.1006 0.4928 0.0273 0.0508
0 0.0396 0.5111 0.0342 0.069
0 0.0576 0.446 0.0176 0.0299
0 0.0283 0.4544 0.0156 0.0365
0 0.0801 0.4837 0.0195 0.0326
0 0.1538 0.4831 0.0186 0.0365
0 0.1479 0.4642 0.0166 0.0326
