0 0.7246 0.1967 0.1113 0.1634
0 0.5737 0.3317 0.0303 0.0412
0 0.4272 0.3021 0.0908 0.1538
0 0.1289 0.4637 0.0625 0.0993
0 0.2095 0.411 0.0381 0.0545
0 0.064 0.3844 0.0439 0.0545
0 0.1333 0.3148 0.0244 0.0387
0 0.0244 0.299 0.0293 0.0412
0 0.2002 0.3105 0.0234 0.0424
0 0.2583 0.2742 0.0186 0.0278
0 0.1626 0.2984 0.0205 0.0327
0 0.1748 0.2385 0.0195 0.0266
0 0.2607 0.2324 0.0195 0.0266
0 0.1118 0.224 0.0186 0.0291
0 0.3096 0.2403 0.0176 0.0303
0 0.52 0.3099 0.0264 0.046
0 0.5176 0.227 0.0195 0.0303
0 0.4829 0.1901 0.0127 0.0218
0 0.6035 0.2627 0.0254 0.0387
0 0.5835 0.1398 0.0225 0.0375
0 0.6084 0.1762 0.0156 0.0278
0 0.6582 0.23 0.0137 0.0218
0 0.6646 0.1877 0.0146 0.0218
0 0.6489 0.1622 0.0127 0.0242
0 0.8979 0.1877 0.0146 0.0218
0 0.9458 0.1883 0.0146 0.023
0 0.9263 0.1634 0.0146 0.0218
0 0.8965 0.1622 0.0195 0.0242
0 0.855 0.1592 0.0146 0.023
0 0.8159 0.1622 0.0146 0.0218
0 0.3311 0.1858 0.0137 0.0206
0 0.3687 0.1768 0.0127 0.0242
0 0.2271 0.1955 0.0146 0.0254
0 0.0459 0.1398 0.0215 0.0351
0 0.1157 0.178 0.0127 0.0218
0 0.1772 0.1677 0.0107 0.0157
0 0.2144 0.1592 0.0107 0.0182
0 0.333 0.1544 0.0137 0.0182
