0 0.1392 0.7737 0.0811 0.0732
0 0.4468 0.652 0.0361 0.0265
0 0.7451 0.6377 0.0547 0.0621
0 0.4355 0.499 0.2832 0.2434
0 0.8198 0.3598 0.0596 0.0628
0 0.9209 0.0659 0.0645 0.0621
0 0.7729 0.0227 0.0303 0.0286
0 0.5479 0.0453 0.0254 0.0223
0 0.4243 0.1444 0.0225 0.0209
0 0.3428 0.1297 0.0273 0.0251
0 0.3013 0.1276 0.0205 0.0195
0 0.2817 0.1395 0.0186 0.0181
0 0.2324 0.1238 0.0234 0.023
0 0.1768 0.1276 0.0215 0.0181
0 0.1245 0.1433 0.0127 0.016
0 0.1001 0.1224 0.0166 0.0188
0 0.0942 0.1321 0.0264 0.0216
0 0.0425 0.1301 0.0225 0.0188
0 0.0303 0.1419 0.0195 0.0146
