0 0.854 0.3675 0.0283 0.0439
0 0.8013 0.2518 0.0264 0.0439
0 0.7749 0.1501 0.0264 0.0512
0 0.7134 0.2884 0.0264 0.0381
0 0.7544 0.4107 0.0244 0.0483
0 0.6255 0.3675 0.0283 0.0527
0 0.6436 0.3089 0.0176 0.0264
0 0.6284 0.2665 0.0244 0.0439
0 0.6641 0.2116 0.0195 0.0366
0 0.6924 0.183 0.0254 0.0469
0 0.5869 0.1962 0.0234 0.041
0 0.5562 0.2679 0.0264 0.0439
0 0.4956 0.3734 0.0264 0.0469
0 0.4692 0.2584 0.0283 0.0454
0 0.501 0.1977 0.0254 0.0439
0 0.4321 0.2028 0.0264 0.0425
0 0.3687 0.153 0.0264 0.0454
0 0.3735 0.2335 0.0322 0.0571
0 0.3159 0.1933 0.0244 0.0439
0 0.2788 0.2438 0.0283 0.0454
0 0.2661 0.3697 0.0264 0.0483
0 0.2085 0.2467 0.0264 0.0454
0 0.2061 0.1684 0.0293 0.0498
0 0.1611 0.3814 0.0273 0.0483
0 0.3765 0.3748 0.0264 0.0469
0 0.3896 0.4839 0.0273 0.0483
0 0.8594 0.5454 0.0312 0.0571
0 0.8643 0.6428 0.0332 0.0527
0 0.7739 0.6479 0.0342 0.0542
0 0.6699 0.6091 0.0293 0.0469
0 0.731 0.563 0.0283 0.0425
0 0.5693 0.6684 0.0332 0.0542
0 0.5435 0.5242 0.0303 0.0498
0 0.4697 0.5359 0.0293 0.0469
0 0.4263 0.6545 0.0303 0.0469
0 0.2988 0.6347 0.0352 0.0542
0 0.2725 0.5322 0.0273 0.0425
0 0.1602 0.6376 0.0352 0.0512
0 0.1284 0.5564 0.0303 0.0498
