0 0.1465 0.3863 0.0156 0.0242
0 0.2007 0.3964 0.0146 0.0229
0 0.2158 0.3338 0.0117 0.0188
0 0.2544 0.3876 0.0127 0.0215
0 0.2798 0.3822 0.0146 0.0242
0 0.3232 0.3917 0.0137 0.0188
0 0.3174 0.3257 0.0098 0.0162
0 0.3696 0.3816 0.0127 0.0202
0 0.4092 0.3964 0.0137 0.0202
0 0.4395 0.3742 0.0117 0.0188
0 0.48 0.3869 0.0127 0.0229
0 0.4331 0.4253 0.0127 0.0188
0 0.4297 0.4704 0.0137 0.0229
0 0.4028 0.4637 0.0146 0.0256
0 0.3857 0.4576 0.0137 0.0215
0 0.3262 0.4677 0.0137 0.0202
0 0.4546 0.4455 0.0088 0.0162
0 0.4629 0.4253 0.0098 0.0162
0 0.5322 0.4213 0.0117 0.0188
0 0.8901 0.424 0.0186 0.0296
0 0.8418 0.3836 0.0176 0.0242
0 0.5283 0.358 0.0156 0.0269
0 0.5767 0.3634 0.0146 0.0215
0 0.6079 0.3694 0.0107 0.0175
0 0.6553 0.3822 0.0156 0.0215
0 0.6865 0.3795 0.0117 0.0162
0 0.7305 0.3654 0.0117 0.0202
0 0.751 0.3748 0.0117 0.0148
0 0.7827 0.3708 0.0146 0.0202
0 0.5366 0.5202 0.0146 0.0229
0 0.5791 0.463 0.0137 0.0215
0 0.6221 0.498 0.0137 0.0215
0 0.6567 0.4482 0.0166 0.0215
0 0.6855 0.4879 0.0176 0.031
0 0.7593 0.4966 0.0146 0.0215
0 0.7505 0.4475 0.0107 0.0175
0 0.7939 0.4105 0.0137 0.0188
0 0.8086 0.4778 0.0176 0.0242
0 0.4775 0.4468 0.0156 0.0242
0 0.502 0.4341 0.0117 0.0202
0 0.1968 0.5289 0.0205 0.0296
0 0.2295 0.5155 0.0176 0.0215
0 0.2524 0.5256 0.0186 0.0256
0 0.2793 0.5101 0.0156 0.0215
0 0.3315 0.5289 0.0186 0.0296
0 0.3477 0.5175 0.0137 0.0202
0 0.3887 0.5229 0.0156 0.0229
0 0.46 0.5141 0.0176 0.0269
0 0.5234 0.4536 0.0137 0.0215
0 0.0615 0.5444 0.0156 0.0256
