0 0.0693 0.503 0.0234 0.0414
0 0.0972 0.4837 0.0205 0.0355
0 0.1626 0.5067 0.0225 0.037
0 0.1431 0.443 0.0225 0.037
0 0.1787 0.3935 0.0195 0.0385
0 0.1133 0.3735 0.0234 0.0429
0 0.208 0.4556 0.0234 0.0444
0 0.2363 0.4815 0.0234 0.037
0 0.2837 0.449 0.0244 0.0399
0 0.3252 0.5104 0.0234 0.0385
0 0.3545 0.4608 0.0215 0.037
0 0.3979 0.4741 0.0225 0.0429
0 0.4209 0.4874 0.0137 0.0281
0 0.4375 0.4771 0.0176 0.037
0 0.4663 0.4793 0.0205 0.0385
0 0.5317 0.4719 0.0244 0.0385
0 0.5122 0.4357 0.0205 0.037
0 0.4438 0.4157 0.0205 0.0355
0 0.4194 0.4209 0.0225 0.037
0 0.6221 0.372 0.0234 0.0399
0 0.6851 0.3839 0.0205 0.037
0 0.7383 0.3831 0.0234 0.0385
0 0.6636 0.4815 0.0205 0.034
0 0.6958 0.4667 0.0264 0.0429
0 0.748 0.4675 0.0215 0.0355
0 0.7959 0.4889 0.0234 0.0399
0 0.8784 0.4652 0.0244 0.0459
0 0.8442 0.4675 0.0244 0.0414
0 0.918 0.4445 0.0234 0.0429
0 0.9536 0.5074 0.0225 0.0414
0 0.9297 0.3669 0.0234 0.0414
0 0.8779 0.3876 0.0215 0.0385
0 0.8403 0.321 0.0225 0.0414
0 0.769 0.2855 0.0225 0.0355
0 0.7886 0.3831 0.0127 0.0355
0 0.7275 0.3225 0.0215 0.0385
0 0.2593 0.301 0.0186 0.034
0 0.209 0.301 0.0215 0.034
0 0.3765 0.3269 0.0205 0.0355
0 0.4302 0.318 0.0205 0.0385
0 0.4805 0.3055 0.0195 0.0311
0 0.4771 0.3809 0.0225 0.037
0 0.5112 0.3942 0.0186 0.0311
0 0.5366 0.3898 0.0205 0.034
0 0.5649 0.3935 0.0186 0.0355
0 0.6079 0.4704 0.0225 0.0385
0 0.6016 0.4253 0.0234 0.037
0 0.7017 0.2811 0.0205 0.0355
0 0.6655 0.3129 0.0205 0.0399
0 0.6338 0.2959 0.0195 0.0355
0 0.6494 0.2692 0.0195 0.0355
0 0.6016 0.3247 0.0215 0.034
0 0.5601 0.3129 0.0205 0.034
0 0.5308 0.301 0.0225 0.034
0 0.5811 0.2581 0.0215 0.034
0 0.5376 0.2441 0.0205 0.0355
0 0.5708 0.233 0.0146 0.0281
0 0.562 0.2352 0.0186 0.0325
0 0.5127 0.2655 0.0176 0.0281
0 0.4907 0.2729 0.0186 0.0281
0 0.4507 0.2626 0.0186 0.034
0 0.3906 0.2648 0.0176 0.0325
0 0.4233 0.2426 0.0186 0.0325
0 0.4399 0.2241 0.0127 0.0281
0 0.4731 0.2286 0.0186 0.034
0 0.7358 0.2678 0.0205 0.0355
0 0.3711 0.4157 0.0215 0.0355
0 0.3208 0.4223 0.0205 0.037
0 0.2461 0.4216 0.0215 0.0355
0 0.1362 0.3521 0.0205 0.0355
0 0.1758 0.3454 0.0215 0.034
0 0.2251 0.3425 0.0205 0.034
0 0.2617 0.3669 0.0215 0.0355
0 0.3188 0.3173 0.0225 0.0399
0 0.2808 0.3025 0.0205 0.037
0 0.4131 0.2271 0.0195 0.0429
0 0.3267 0.267 0.0205 0.0459
