0 0.1567 0.3307 0.0264 0.0365
0 0.2114 0.3529 0.0264 0.0365
0 0.3047 0.306 0.0254 0.0391
0 0.3555 0.3229 0.0234 0.0365
0 0.4126 0.349 0.0264 0.0339
0 0.4497 0.3099 0.0283 0.0443
0 0.5161 0.3073 0.0303 0.0417
0 0.5718 0.3372 0.0264 0.0365
0 0.6411 0.3411 0.0283 0.0365
0 0.6143 0.2988 0.0254 0.0378
0 0.7114 0.3138 0.0264 0.0443
0 0.772 0.3184 0.0303 0.0456
0 0.4814 0.3717 0.0234 0.0326
0 0.5132 0.4258 0.0264 0.0417
0 0.5811 0.3971 0.0254 0.0312
0 0.479 0.5247 0.0322 0.0495
0 0.2803 0.5286 0.0312 0.0443
