0 0.1519 0.2819 0.04 0.0612
0 0.2358 0.2871 0.0361 0.056
0 0.2935 0.2773 0.0381 0.0573
0 0.3838 0.3073 0.0352 0.0547
0 0.4209 0.248 0.0312 0.0534
0 0.478 0.2572 0.0322 0.0508
0 0.5708 0.3079 0.0342 0.056
0 0.6348 0.3112 0.0332 0.0469
0 0.7437 0.2604 0.0322 0.0495
0 0.811 0.2988 0.0322 0.0534
0 0.8794 0.2747 0.0381 0.0599
0 0.8662 0.4401 0.0312 0.0521
0 0.8003 0.4004 0.0322 0.0482
0 0.6885 0.5286 0.0332 0.0495
0 0.605 0.5182 0.0361 0.0625
0 0.5347 0.5586 0.0361 0.0547
0 0.4551 0.5247 0.041 0.0573
0 0.3823 0.556 0.0381 0.0547
0 0.2788 0.5566 0.04 0.0612
0 0.1655 0.5026 0.0459 0.0651
