0 0.2246 0.4648 0.0449 0.0837
0 0.3022 0.4479 0.0498 0.0822
0 0.3462 0.533 0.0361 0.0675
0 0.4863 0.4537 0.043 0.0734
0 0.5688 0.5631 0.042 0.0749
0 0.6914 0.5822 0.041 0.069
0 0.7495 0.4038 0.0498 0.0822
0 0.6196 0.4354 0.0498 0.0925
0 0.623 0.3209 0.0371 0.0661
0 0.7642 0.2254 0.0381 0.0602
0 0.8828 0.2548 0.0352 0.0661
0 0.8003 0.1204 0.042 0.0705
0 0.6538 0.2115 0.042 0.0646
0 0.605 0.1564 0.0381 0.0661
0 0.5469 0.2004 0.0352 0.0631
0 0.458 0.1637 0.0254 0.0514
0 0.376 0.2041 0.0391 0.0734
0 0.4082 0.138 0.041 0.0675
