0 0.0229 0.0078 0.0166 0.0156
0 0.0703 0.0098 0.0156 0.0143
0 0.126 0.0072 0.0156 0.0117
0 0.1694 0.0124 0.0166 0.0195
0 0.2212 0.0111 0.0166 0.0195
0 0.2563 0.0293 0.0146 0.0195
0 0.2798 0.0189 0.0146 0.0195
0 0.2676 0.0775 0.0156 0.0273
0 0.2168 0.069 0.0156 0.0286
0 0.2148 0.0339 0.0137 0.0208
0 0.1685 0.0397 0.0146 0.0221
0 0.1665 0.0645 0.0146 0.0247
0 0.1289 0.0273 0.0156 0.026
0 0.1118 0.0671 0.0146 0.0247
0 0.0767 0.0293 0.0146 0.0273
0 0.0596 0.0573 0.0137 0.0234
0 0.0762 0.0885 0.0176 0.026
0 0.0068 0.0755 0.0156 0.0234
0 0.0649 0.1211 0.0166 0.026
0 0.0757 0.1387 0.0186 0.0273
0 0.0215 0.196 0.0176 0.0299
0 0.0771 0.1921 0.0176 0.0273
0 0.0752 0.2259 0.0195 0.0273
0 0.124 0.1868 0.0156 0.0247
0 0.126 0.1628 0.0176 0.026
0 0.1177 0.1387 0.0166 0.0273
0 0.1294 0.1113 0.0166 0.0273
0 0.1611 0.1335 0.0176 0.0247
0 0.168 0.1569 0.0176 0.0247
0 0.1768 0.1829 0.0176 0.0299
0 0.2129 0.1582 0.0215 0.0273
0 0.2217 0.1211 0.0176 0.0286
0 0.2739 0.1289 0.0186 0.0312
0 0.2554 0.1621 0.0186 0.0247
0 0.2632 0.1966 0.0205 0.0286
0 0.2261 0.1921 0.0166 0.0273
0 0.2524 0.2376 0.0186 0.0299
0 0.022 0.2552 0.0166 0.0286
0 0.0156 0.2741 0.0137 0.0247
0 0.02 0.3021 0.0166 0.0312
0 0.0269 0.2839 0.0107 0.0234
0 0.0752 0.2734 0.0215 0.0365
0 0.0718 0.2956 0.0186 0.026
0 0.1313 0.252 0.0186 0.0247
0 0.1445 0.2337 0.0176 0.0273
0 0.1104 0.3242 0.0195 0.0312
0 0.1665 0.3014 0.0166 0.0273
0 0.1909 0.2656 0.0186 0.0286
0 0.2002 0.2507 0.0176 0.0299
0 0.291 0.2721 0.0176 0.026
0 0.2632 0.306 0.0186 0.026
0 0.2134 0.3021 0.0205 0.0286
0 0.229 0.3522 0.0186 0.0273
0 0.2822 0.3438 0.0195 0.0286
0 0.2939 0.3691 0.0176 0.0247
0 0.2695 0.4388 0.0195 0.0286
0 0.228 0.4492 0.0186 0.0312
0 0.2031 0.4212 0.0215 0.0352
0 0.1826 0.3743 0.0195 0.0273
0 0.1592 0.403 0.0215 0.0299
0 0.1504 0.4453 0.0215 0.026
0 0.1235 0.4017 0.0205 0.0299
0 0.0796 0.3939 0.0186 0.0326
0 0.0347 0.3861 0.0205 0.0352
0 0.0332 0.4401 0.0215 0.0365
0 0.0176 0.4714 0.0195 0.0365
0 0.0718 0.4655 0.0205 0.0299
0 0.0981 0.4368 0.0186 0.0326
0 0.167 0.4798 0.0215 0.0299
0 0.126 0.487 0.0195 0.0286
0 0.2856 0.4727 0.0205 0.0286
0 0.0444 0.5078 0.0244 0.0339
0 0.1118 0.5208 0.0205 0.0339
0 0.0747 0.5618 0.0205 0.0352
0 0.0972 0.5944 0.0244 0.0326
0 0.126 0.5436 0.0215 0.0299
0 0.167 0.5358 0.0195 0.0326
0 0.1929 0.5501 0.0205 0.0273
0 0.1763 0.5742 0.0225 0.0339
0 0.2295 0.5241 0.0195 0.0299
0 0.2871 0.5124 0.0215 0.0352
0 0.0288 0.597 0.0225 0.0326
0 0.0088 0.6484 0.0195 0.0312
0 0.0537 0.6855 0.0234 0.0326
0 0.0386 0.7142 0.0225 0.0326
0 0.1172 0.6908 0.0254 0.0326
0 0.0801 0.6582 0.0234 0.0273
0 0.1362 0.6426 0.0225 0.0352
0 0.2031 0.6445 0.0215 0.0339
0 0.1792 0.6882 0.0205 0.0326
0 0.2559 0.5872 0.0215 0.0339
0 0.3062 0.6628 0.0225 0.0312
0 0.085 0.7389 0.0234 0.0299
0 0.0474 0.7832 0.0205 0.0378
0 0.0737 0.8457 0.0264 0.0378
0 0.0566 0.8893 0.0254 0.0365
0 0.1323 0.8021 0.0264 0.0312
0 0.124 0.8477 0.0234 0.0339
0 0.1431 0.9264 0.0244 0.0404
0 0.0825 0.9382 0.0244 0.0404
0 0.2227 0.9434 0.0273 0.0352
0 0.2349 0.8783 0.0264 0.043
0 0.2476 0.8242 0.0264 0.0391
0 0.1821 0.8138 0.0186 0.0365
0 0.1978 0.7715 0.0264 0.0352
0 0.1572 0.7279 0.0254 0.0365
0 0.2344 0.7259 0.0254 0.043
0 0.2812 0.7585 0.0215 0.0326
0 0.2832 0.8021 0.0273 0.0339
0 0.3105 0.8333 0.0273 0.0365
0 0.3101 0.8802 0.0283 0.0391
0 0.3052 0.9128 0.0264 0.0443
0 0.3677 0.9355 0.0264 0.0378
0 0.3784 0.8307 0.0244 0.0339
0 0.3716 0.7826 0.0264 0.0365
0 0.3511 0.7461 0.0225 0.0391
0 0.3247 0.7129 0.0244 0.0378
0 0.0078 0.8516 0.0176 0.0365
0 0.0112 0.9342 0.0244 0.0378
0 0.3003 0.0456 0.0166 0.0234
0 0.3032 0.0801 0.0166 0.0273
0 0.312 0.1191 0.0166 0.0299
0 0.3105 0.1615 0.0176 0.026
0 0.3047 0.2161 0.0195 0.0286
0 0.3442 0.0423 0.0166 0.0221
0 0.3486 0.071 0.0156 0.0247
0 0.3389 0.1204 0.0176 0.0273
0 0.3286 0.196 0.0186 0.0221
0 0.3638 0.181 0.0166 0.026
0 0.3623 0.224 0.0195 0.026
0 0.3892 0.2116 0.0186 0.0247
0 0.3311 0.0052 0.0137 0.013
0 0.3804 0.0143 0.0146 0.0234
0 0.3892 0.0514 0.0166 0.0247
0 0.3921 0.0833 0.0166 0.026
0 0.4062 0.1016 0.0176 0.0234
0 0.3882 0.1257 0.0186 0.0273
0 0.3589 0.1126 0.0146 0.0247
0 0.418 0.1569 0.0156 0.0221
0 0.418 0.0775 0.0156 0.0247
0 0.4229 0.0163 0.0137 0.0247
0 0.437 0.0286 0.0186 0.026
0 0.4414 0.1302 0.0137 0.0286
0 0.4272 0.2363 0.0186 0.0273
0 0.4399 0.2181 0.0127 0.0273
0 0.4712 0.1589 0.0166 0.0208
0 0.4761 0.209 0.0166 0.0221
0 0.5176 0.168 0.0176 0.0286
0 0.4873 0.1211 0.0176 0.026
0 0.4854 0.0755 0.0156 0.0234
0 0.4785 0.0339 0.0156 0.0234
0 0.5176 0.0202 0.0137 0.0247
0 0.5229 0.054 0.0166 0.0169
0 0.5317 0.0768 0.0166 0.026
0 0.5088 0.0938 0.0156 0.0234
0 0.5449 0.1445 0.0176 0.0286
0 0.5322 0.2214 0.0176 0.026
0 0.5669 0.2331 0.0166 0.0286
0 0.5596 0.0612 0.0156 0.026
0 0.563 0.0202 0.0146 0.0247
0 0.3066 0.3112 0.0176 0.026
0 0.3706 0.2871 0.0186 0.0273
0 0.4341 0.2962 0.0166 0.0299
0 0.5317 0.2819 0.0166 0.0273
0 0.5522 0.2956 0.0205 0.0286
0 0.583 0.2812 0.0176 0.0286
0 0.6025 0.3027 0.0176 0.0247
0 0.5601 0.3359 0.0205 0.0286
0 0.4985 0.3353 0.0205 0.0273
0 0.4375 0.3366 0.0176 0.0273
0 0.4067 0.3698 0.0186 0.0182
0 0.3491 0.3809 0.0186 0.0326
0 0.3135 0.3971 0.0195 0.0286
0 0.3438 0.347 0.0176 0.0273
0 0.4194 0.4128 0.0205 0.0312
0 0.3667 0.4219 0.0205 0.0286
0 0.3286 0.4414 0.0186 0.0286
0 0.3447 0.4668 0.0215 0.0326
0 0.3823 0.4499 0.0166 0.0247
0 0.3975 0.4831 0.0195 0.0286
0 0.46 0.4531 0.0215 0.0365
0 0.458 0.485 0.0215 0.0326
0 0.4712 0.3991 0.0205 0.0352
0 0.5352 0.3809 0.0195 0.0299
0 0.5864 0.3919 0.0186 0.0339
0 0.5752 0.3991 0.0215 0.0326
0 0.5288 0.4115 0.0225 0.0312
0 0.5176 0.4727 0.0215 0.0312
0 0.5791 0.4577 0.0215 0.0352
0 0.5977 0.5182 0.0195 0.0286
0 0.5347 0.5456 0.0205 0.026
0 0.479 0.5508 0.0205 0.026
0 0.4121 0.5443 0.0215 0.0339
0 0.3477 0.5462 0.0254 0.0326
0 0.5479 0.5762 0.0195 0.0299
0 0.3257 0.5964 0.0225 0.0286
0 0.4365 0.5775 0.0234 0.0299
0 0.3647 0.6484 0.0244 0.0339
0 0.3833 0.6328 0.0225 0.0312
0 0.3921 0.7096 0.0225 0.0286
0 0.4238 0.7292 0.0254 0.0391
0 0.4434 0.7741 0.0273 0.0404
0 0.4712 0.8503 0.0244 0.0365
0 0.4497 0.8757 0.0225 0.0221
0 0.5293 0.8555 0.0234 0.0417
0 0.5518 0.8548 0.0195 0.0352
0 0.52 0.8073 0.0225 0.0365
0 0.4971 0.7526 0.0215 0.0312
0 0.5718 0.7422 0.0225 0.0312
0 0.4585 0.7266 0.0225 0.0339
0 0.5171 0.6686 0.0205 0.0326
0 0.4956 0.6517 0.0225 0.0352
0 0.438 0.6289 0.0186 0.0286
0 0.4829 0.5749 0.0205 0.0299
0 0.519 0.6335 0.0186 0.0326
0 0.561 0.6452 0.0225 0.0352
0 0.5869 0.6113 0.0176 0.0352
0 0.5635 0.9414 0.0234 0.0286
0 0.4976 0.9414 0.0244 0.0312
0 0.439 0.9349 0.0244 0.0365
0 0.3833 0.9023 0.0283 0.0391
0 0.9707 0.0488 0.0176 0.0273
0 0.9448 0.0339 0.0186 0.0208
0 0.9253 0.0371 0.0166 0.0247
0 0.8779 0.0339 0.0156 0.0182
0 0.8413 0.0853 0.0166 0.0273
0 0.8506 0.0638 0.0137 0.026
0 0.8276 0.0326 0.0146 0.0156
0 0.8042 0.0345 0.0166 0.0221
0 0.7686 0.0469 0.0176 0.0234
0 0.7124 0.0566 0.0186 0.0326
0 0.6655 0.0553 0.0166 0.0273
0 0.6699 0.0345 0.0156 0.0169
0 0.6348 0.0384 0.0195 0.0247
0 0.5918 0.0664 0.0137 0.026
0 0.5806 0.0781 0.0146 0.0286
0 0.5947 0.1257 0.0195 0.0273
0 0.585 0.112 0.0156 0.0234
0 0.6367 0.1178 0.0156 0.0273
0 0.6475 0.1309 0.0195 0.0273
0 0.687 0.1211 0.0186 0.026
0 0.6987 0.1445 0.0186 0.0234
0 0.7329 0.1146 0.0166 0.0312
0 0.7466 0.1348 0.0186 0.0273
0 0.7808 0.1178 0.0146 0.0247
0 0.7959 0.0951 0.0156 0.0234
0 0.8008 0.1595 0.0195 0.0273
0 0.5835 0.1647 0.0186 0.0247
0 0.5801 0.2064 0.0176 0.0299
0 0.6343 0.2292 0.0186 0.0286
0 0.6348 0.276 0.0195 0.0286
0 0.647 0.3242 0.0186 0.0286
0 0.627 0.3464 0.0195 0.0286
0 0.6816 0.3372 0.0195 0.0286
0 0.6875 0.2852 0.0176 0.0286
0 0.6909 0.2513 0.0186 0.0312
0 0.6963 0.2116 0.0176 0.0273
0 0.6924 0.1751 0.0195 0.0273
0 0.7456 0.1758 0.0166 0.026
0 0.7588 0.2305 0.0195 0.0312
0 0.748 0.2819 0.0176 0.0326
0 0.7461 0.3145 0.0195 0.0299
0 0.8179 0.2428 0.0186 0.0299
0 0.7949 0.3014 0.0195 0.0273
0 0.7886 0.3366 0.0205 0.0273
0 0.7373 0.3522 0.0176 0.0247
0 0.6279 0.0977 0.0176 0.0234
0 0.6284 0.3997 0.0166 0.026
0 0.644 0.3802 0.0186 0.0286
0 0.6992 0.3815 0.0195 0.0286
0 0.749 0.3757 0.0195 0.0221
0 0.8677 0.3861 0.0225 0.0299
0 0.9297 0.3906 0.0234 0.0286
0 0.9209 0.4154 0.0215 0.0286
0 0.917 0.459 0.0215 0.0352
0 0.915 0.5078 0.0215 0.0312
0 0.9375 0.5723 0.0176 0.0326
0 0.8818 0.5762 0.0215 0.0326
0 0.8818 0.6243 0.0234 0.0378
0 0.8892 0.6523 0.0244 0.0417
0 0.834 0.6387 0.0234 0.0378
0 0.8276 0.599 0.0225 0.0365
0 0.8184 0.571 0.0254 0.0378
0 0.8457 0.5293 0.0215 0.0326
0 0.8457 0.502 0.0215 0.0378
0 0.8047 0.4733 0.0195 0.0299
0 0.8052 0.4414 0.0205 0.0312
0 0.8208 0.4134 0.0186 0.0326
0 0.7695 0.4173 0.0234 0.0378
0 0.7432 0.4831 0.0234 0.0391
0 0.7505 0.4603 0.0186 0.0326
0 0.7168 0.4219 0.0195 0.0312
0 0.6753 0.418 0.0166 0.0312
0 0.6948 0.4805 0.0186 0.0312
0 0.6997 0.5156 0.0205 0.0391
0 0.6235 0.4544 0.0166 0.0234
0 0.6543 0.487 0.0195 0.0365
0 0.6323 0.487 0.0205 0.0312
0 0.6436 0.5371 0.0215 0.0352
0 0.6113 0.5768 0.0195 0.0339
0 0.6787 0.569 0.0215 0.0312
0 0.6455 0.6133 0.0215 0.0339
0 0.6353 0.6465 0.0244 0.0404
0 0.8647 0.459 0.0205 0.0326
0 0.8682 0.4173 0.0195 0.0352
0 0.7822 0.543 0.0215 0.0365
0 0.7466 0.5651 0.0225 0.0365
0 0.6924 0.6367 0.0215 0.0391
0 0.7622 0.6178 0.0225 0.0352
0 0.7651 0.6491 0.0225 0.0326
0 0.9263 0.5124 0.0186 0.0273
0 0.668 0.696 0.0234 0.0352
0 0.6392 0.7168 0.0244 0.0378
0 0.666 0.8053 0.0234 0.0378
0 0.605 0.8125 0.0225 0.0391
0 0.6201 0.8477 0.0215 0.0391
0 0.6411 0.931 0.0244 0.0391
0 0.5977 0.8802 0.0176 0.0391
0 0.6655 0.901 0.0283 0.0417
0 0.6841 0.862 0.0244 0.0391
0 0.707 0.7441 0.0215 0.0352
0 0.7441 0.7077 0.0234 0.0352
0 0.7925 0.7428 0.0225 0.0352
0 0.8228 0.7083 0.0225 0.0339
0 0.8789 0.7227 0.0234 0.0391
0 0.8989 0.7025 0.0244 0.0326
0 0.7798 0.8092 0.0244 0.0378
0 0.7651 0.8535 0.0244 0.0404
0 0.8867 0.793 0.0195 0.0365
0 0.7256 0.9316 0.0254 0.0378
0 0.7495 0.9271 0.0244 0.0443
0 0.8271 0.9108 0.0254 0.0456
0 0.8213 0.9681 0.0234 0.0378
0 0.9009 0.9297 0.0264 0.0443
0 0.9243 0.9023 0.0264 0.0391
0 0.9106 0.8424 0.0244 0.0391
0 0.8286 0.8672 0.0244 0.0391
0 0.9478 0.6263 0.0225 0.0339
0 0.9731 0.6569 0.0225 0.0326
0 0.9814 0.7148 0.0215 0.0365
0 0.9678 0.7526 0.0234 0.0339
0 0.9746 0.8145 0.0234 0.0352
0 0.9824 0.8568 0.0234 0.0339
0 0.98 0.9466 0.0264 0.0391
0 0.9263 0.3138 0.0186 0.026
0 0.9849 0.3014 0.0205 0.0247
0 0.9468 0.3542 0.0186 0.0312
0 0.9668 0.4108 0.0195 0.0326
0 0.9858 0.4395 0.0225 0.0299
0 0.9556 0.5137 0.0186 0.0273
0 0.9858 0.5247 0.0205 0.0339
0 0.9946 0.5716 0.0088 0.0339
0 0.8682 0.151 0.0215 0.0339
0 0.8398 0.1178 0.0176 0.0273
0 0.8975 0.1094 0.0176 0.0234
0 0.8892 0.0898 0.0186 0.0286
0 0.9287 0.099 0.0176 0.026
0 0.9536 0.1146 0.0186 0.0286
0 0.979 0.0833 0.0166 0.026
0 0.9751 0.14 0.0186 0.0247
0 0.9365 0.1432 0.0195 0.0286
0 0.9219 0.1719 0.0176 0.0312
0 0.896 0.2057 0.0186 0.0286
0 0.8433 0.2122 0.0186 0.0286
0 0.8003 0.2064 0.0186 0.0326
0 0.9424 0.1882 0.0176 0.0326
0 0.9731 0.1738 0.0205 0.0326
0 0.9487 0.2526 0.0186 0.0286
0 0.9028 0.2695 0.0205 0.0339
0 0.8887 0.2585 0.0176 0.0352
0 0.8633 0.2897 0.0195 0.0247
0 0.9497 0.2812 0.0166 0.0312
0 0.7412 0.0781 0.0156 0.026
0 0.4849 0.2513 0.0186 0.0312
0 0.4282 0.2812 0.0166 0.0312
0 0.0654 0.3483 0.0215 0.0326
0 0.0059 0.3184 0.0137 0.0273
0 0.8394 0.3457 0.0186 0.0299
0 0.8086 0.334 0.0195 0.0326
0 0.8872 0.3587 0.0205 0.0299
