0 0.0391 0.8913 0.0215 0.0404
0 0.0845 0.8255 0.0186 0.0312
0 0.0547 0.7995 0.0176 0.0286
0 0.0366 0.7721 0.0146 0.026
0 0.0566 0.7637 0.0215 0.0299
0 0.0654 0.737 0.0156 0.0234
0 0.0503 0.7103 0.0166 0.0273
0 0.0479 0.6771 0.0137 0.0208
0 0.0474 0.651 0.0127 0.0182
0 0.0718 0.6387 0.0127 0.0195
0 0.0854 0.6595 0.0127 0.0195
0 0.0894 0.6771 0.0146 0.0182
0 0.0962 0.7018 0.0146 0.0234
0 0.0903 0.7279 0.0146 0.0234
0 0.1089 0.8008 0.0127 0.026
0 0.1294 0.8535 0.0225 0.0404
0 0.1528 0.8509 0.0205 0.043
0 0.1313 0.7936 0.0186 0.0352
0 0.127 0.6693 0.0117 0.0182
0 0.123 0.6087 0.0137 0.0221
0 0.1436 0.612 0.0137 0.0182
0 0.1543 0.6719 0.0098 0.0156
0 0.145 0.7051 0.0127 0.0273
0 0.1577 0.7253 0.0127 0.0182
0 0.1846 0.7832 0.0176 0.0299
0 0.1987 0.8184 0.0205 0.0326
0 0.2012 0.849 0.0234 0.0286
0 0.2573 0.8828 0.0225 0.0312
0 0.2393 0.8132 0.0215 0.0404
0 0.2212 0.7858 0.0166 0.0273
0 0.2041 0.7357 0.0156 0.0286
0 0.1909 0.696 0.0127 0.0247
0 0.1753 0.6836 0.0107 0.0208
0 0.1733 0.6478 0.0107 0.0195
0 0.1655 0.6211 0.0088 0.0182
0 0.1592 0.597 0.0078 0.0169
0 0.1812 0.5853 0.0088 0.0169
0 0.1709 0.5957 0.0098 0.0143
0 0.1973 0.599 0.0098 0.0156
0 0.1885 0.6204 0.0098 0.0143
0 0.1953 0.6523 0.0117 0.0182
0 0.2114 0.6296 0.0127 0.0195
0 0.2153 0.6875 0.0127 0.0208
0 0.23 0.7129 0.0146 0.0273
0 0.2461 0.7318 0.0176 0.0234
0 0.2632 0.7936 0.0186 0.0273
0 0.106 0.6816 0.0107 0.0169
0 0.0259 0.6868 0.0088 0.0221
0 0.0703 0.6816 0.0117 0.0169
0 0.0332 0.6257 0.0098 0.0143
0 0.0527 0.6185 0.0098 0.0156
0 0.0718 0.612 0.0088 0.0156
0 0.0903 0.623 0.0127 0.0169
0 0.0894 0.6003 0.0088 0.013
0 0.0254 0.5794 0.0098 0.0156
0 0.0186 0.6159 0.0098 0.0182
0 0.0542 0.5846 0.0107 0.0156
0 0.0654 0.5736 0.0078 0.0143
0 0.0503 0.5658 0.0088 0.0117
0 0.0659 0.5527 0.0068 0.0117
0 0.0493 0.5521 0.0088 0.0078
0 0.0908 0.5703 0.0078 0.013
0 0.1279 0.5579 0.0078 0.0143
0 0.1162 0.5924 0.0098 0.013
0 0.1338 0.5977 0.0117 0.0156
0 0.1104 0.582 0.0059 0.0104
0 0.1216 0.5404 0.0068 0.0104
0 0.1543 0.5391 0.0078 0.0104
0 0.1362 0.5326 0.0068 0.013
0 0.1543 0.5729 0.0098 0.013
0 0.1577 0.5859 0.0088 0.013
0 0.2197 0.6055 0.0098 0.0156
0 0.1899 0.5742 0.0088 0.0156
0 0.1924 0.5521 0.0059 0.013
0 0.1758 0.5456 0.0059 0.0104
0 0.1709 0.5625 0.0078 0.0104
0 0.1978 0.5215 0.0088 0.0117
0 0.1777 0.526 0.0059 0.0104
0 0.2114 0.5352 0.0088 0.0104
0 0.2119 0.5788 0.0098 0.0169
0 0.2222 0.582 0.0088 0.013
0 0.2383 0.6016 0.0098 0.0156
0 0.2319 0.6523 0.0127 0.0234
0 0.2373 0.6829 0.0137 0.0221
0 0.2559 0.7031 0.0137 0.0156
0 0.2573 0.6628 0.0088 0.0208
0 0.2603 0.6204 0.0088 0.0169
0 0.2612 0.5801 0.0068 0.0143
0 0.2344 0.5508 0.0078 0.013
0 0.2358 0.5326 0.0068 0.0078
0 0.2534 0.5391 0.0068 0.013
0 0.25 0.5781 0.0078 0.0104
0 0.2524 0.5951 0.0088 0.0156
0 0.1108 0.5202 0.0088 0.0143
0 0.2705 0.7435 0.0156 0.0312
0 0.2739 0.6992 0.0127 0.0182
0 0.2881 0.6888 0.0117 0.0208
0 0.2915 0.6647 0.0127 0.0247
0 0.3115 0.8105 0.0195 0.043
0 0.3154 0.7786 0.0195 0.0312
0 0.3174 0.7493 0.0176 0.0299
0 0.3228 0.724 0.0166 0.0312
0 0.3057 0.7031 0.0137 0.0208
0 0.3237 0.6973 0.0107 0.0221
0 0.3125 0.6647 0.0117 0.0221
0 0.3345 0.6628 0.0127 0.0208
0 0.3354 0.638 0.0127 0.0156
0 0.3359 0.6185 0.0098 0.0208
0 0.2939 0.6146 0.0117 0.0156
0 0.3071 0.5833 0.0088 0.013
0 0.3301 0.5651 0.0098 0.0156
0 0.3555 0.5807 0.0098 0.013
0 0.3574 0.6198 0.0098 0.013
0 0.3608 0.6328 0.0088 0.013
0 0.3711 0.6315 0.0117 0.0208
0 0.3828 0.6458 0.0117 0.0208
0 0.3613 0.6556 0.0117 0.0221
0 0.354 0.7064 0.0146 0.0247
0 0.3682 0.7233 0.0176 0.0247
0 0.3701 0.7559 0.0156 0.0326
0 0.3828 0.7428 0.0156 0.0299
0 0.3506 0.8138 0.0176 0.0312
0 0.3105 0.8743 0.0176 0.0378
0 0.3574 0.8659 0.0273 0.0443
0 0.397 0.8672 0.0186 0.0339
0 0.4038 0.8346 0.0146 0.0286
0 0.4292 0.8079 0.0186 0.0273
0 0.4238 0.7871 0.0176 0.0273
0 0.4243 0.7572 0.0205 0.0247
0 0.4033 0.696 0.0137 0.0247
0 0.4224 0.6595 0.0127 0.0273
0 0.4243 0.638 0.0088 0.0182
0 0.4048 0.5872 0.0088 0.0156
0 0.2891 0.7233 0.0156 0.0273
0 0.3853 0.6478 0.0127 0.0247
0 0.4927 0.7988 0.0225 0.0299
0 0.3516 0.6686 0.0117 0.0143
0 0.4233 0.5651 0.0068 0.013
0 0.4473 0.5846 0.0098 0.0208
0 0.4546 0.6354 0.0107 0.0208
0 0.4702 0.6126 0.0127 0.0221
0 0.4658 0.6667 0.0137 0.0208
0 0.4692 0.6393 0.0107 0.0182
0 0.4546 0.7129 0.0127 0.0221
0 0.4365 0.7038 0.0156 0.0273
0 0.4731 0.7786 0.0166 0.0339
0 0.4854 0.7467 0.0137 0.0195
0 0.4839 0.7096 0.0127 0.0208
0 0.4512 0.8509 0.0195 0.0326
0 0.4209 0.8978 0.0254 0.0456
0 0.4766 0.8483 0.0195 0.0352
0 0.5117 0.8594 0.0234 0.0443
0 0.5205 0.8958 0.0215 0.0495
0 0.5269 0.9414 0.0264 0.0443
0 0.5552 0.9434 0.0264 0.0508
0 0.5527 0.8509 0.0234 0.0456
0 0.5547 0.7943 0.0195 0.0339
0 0.5166 0.7025 0.0156 0.0247
0 0.521 0.7428 0.0146 0.0247
0 0.3931 0.9557 0.0264 0.0443
0 0.4209 0.9824 0.0273 0.0326
0 0.4648 0.9427 0.0195 0.0365
0 0.4839 0.9167 0.0205 0.0286
0 0.4844 0.9733 0.0254 0.0456
0 0.5708 0.8372 0.0186 0.0391
0 0.6123 0.849 0.0195 0.0286
0 0.4756 0.5853 0.0098 0.0195
0 0.4932 0.5801 0.0098 0.0169
0 0.499 0.5977 0.0117 0.0208
0 0.5137 0.5866 0.0098 0.0143
0 0.5029 0.6322 0.0117 0.0195
0 0.5156 0.6348 0.0137 0.0195
0 0.5415 0.6556 0.0146 0.0195
0 0.5513 0.6296 0.0127 0.0221
0 0.5576 0.61 0.0117 0.0221
0 0.5439 0.6074 0.0117 0.0195
0 0.561 0.6738 0.0146 0.0195
0 0.5752 0.7025 0.0176 0.0195
0 0.5835 0.6204 0.0107 0.0195
0 0.5952 0.6178 0.0127 0.0195
0 0.5938 0.5736 0.0098 0.0143
0 0.6069 0.5911 0.0088 0.0182
0 0.625 0.5931 0.0098 0.0143
0 0.6318 0.6133 0.0117 0.0208
0 0.623 0.6458 0.0117 0.0208
0 0.6372 0.6393 0.0088 0.0156
0 0.6084 0.6751 0.0117 0.0195
0 0.5986 0.7025 0.0137 0.0221
0 0.6357 0.6914 0.0195 0.0286
0 0.5479 0.5658 0.0117 0.0143
0 0.5825 0.7363 0.0146 0.0299
0 0.6133 0.7363 0.0176 0.0352
0 0.6431 0.7389 0.0166 0.0273
0 0.6147 0.7878 0.0186 0.026
0 0.6538 0.7956 0.0186 0.0286
0 0.6572 0.8229 0.0176 0.0312
0 0.6733 0.8796 0.0244 0.043
0 0.6836 0.8236 0.0215 0.043
0 0.6162 0.9362 0.0195 0.0391
0 0.6934 0.9199 0.0215 0.0326
0 0.6821 0.9714 0.0264 0.0391
0 0.6533 0.571 0.0098 0.0169
0 0.6714 0.6035 0.0127 0.0169
0 0.6865 0.625 0.0117 0.0182
0 0.6938 0.6016 0.0107 0.0182
0 0.6875 0.5612 0.0098 0.0156
0 0.7139 0.5794 0.0117 0.0156
0 0.7168 0.625 0.0117 0.0234
0 0.729 0.6133 0.0107 0.0208
0 0.6821 0.6608 0.0146 0.0221
0 0.6465 0.6764 0.0117 0.0221
0 0.6895 0.6803 0.0176 0.0273
0 0.7065 0.6484 0.0146 0.0234
0 0.7246 0.6576 0.0117 0.026
0 0.7407 0.6387 0.0107 0.0195
0 0.7471 0.6556 0.0137 0.0221
0 0.7441 0.6829 0.0137 0.0299
0 0.6641 0.7253 0.0176 0.0312
0 0.7007 0.722 0.0146 0.0299
0 0.7339 0.7168 0.0166 0.0221
0 0.7617 0.7266 0.0176 0.026
0 0.7114 0.7923 0.0166 0.0299
0 0.7749 0.7663 0.0205 0.0378
0 0.7534 0.8138 0.0205 0.0443
0 0.7251 0.8555 0.0244 0.0391
0 0.6665 0.554 0.0068 0.0117
0 0.6445 0.5436 0.0078 0.0117
0 0.8242 0.502 0.0078 0.0117
0 0.8389 0.5059 0.0059 0.0117
0 0.8579 0.5104 0.0068 0.013
0 0.7666 0.5527 0.0078 0.0143
0 0.7588 0.5911 0.0117 0.0182
0 0.7729 0.543 0.0088 0.013
0 0.7959 0.5319 0.0078 0.0117
0 0.7803 0.5964 0.0098 0.0156
0 0.8027 0.5898 0.0117 0.0182
0 0.7563 0.6432 0.0127 0.0208
0 0.7739 0.6432 0.0127 0.0234
0 0.8257 0.5768 0.0107 0.0208
0 0.8525 0.584 0.0137 0.0221
0 0.8076 0.6523 0.0117 0.0234
0 0.8564 0.6549 0.0156 0.026
0 0.8853 0.6328 0.0127 0.0208
0 0.8223 0.6895 0.0156 0.0247
0 0.8652 0.6986 0.0137 0.0247
0 0.8159 0.7292 0.0225 0.0339
0 0.8022 0.8164 0.0186 0.0312
0 0.8101 0.8548 0.0244 0.0378
0 0.8511 0.8281 0.0205 0.0391
0 0.9014 0.8516 0.0234 0.0443
0 0.8672 0.888 0.0293 0.0339
0 0.8003 0.8802 0.0244 0.0391
0 0.8247 0.9805 0.0361 0.0365
0 0.7476 0.9772 0.0283 0.0404
0 0.7588 0.9375 0.0234 0.0521
0 0.8242 0.9303 0.0273 0.0404
0 0.8608 0.9512 0.0264 0.043
0 0.8447 0.5586 0.0078 0.0182
0 0.8682 0.5501 0.0078 0.0169
0 0.8896 0.5195 0.0059 0.013
0 0.9004 0.5384 0.0078 0.0143
0 0.9189 0.5345 0.0078 0.0117
0 0.9229 0.6217 0.0137 0.0273
0 0.9434 0.6335 0.0156 0.0221
0 0.9565 0.6237 0.0107 0.0234
0 0.9375 0.5618 0.0078 0.0143
0 0.9507 0.5365 0.0088 0.013
0 0.9575 0.5286 0.0088 0.0182
0 0.9536 0.6751 0.0127 0.0221
0 0.9409 0.6999 0.0166 0.0299
0 0.9185 0.694 0.0146 0.026
0 0.9194 0.7435 0.0186 0.0286
0 0.9219 0.7962 0.0195 0.0378
0 0.9336 0.9062 0.0312 0.0521
0 0.959 0.8809 0.0273 0.0482
0 0.9111 0.5814 0.0137 0.0221
0 0.9126 0.6022 0.0127 0.0221
0 0.9771 0.974 0.0322 0.0495
0 0.9238 0.9707 0.0332 0.0456
0 0.8721 0.7702 0.0195 0.0326
0 0.8857 0.6576 0.0156 0.0286
0 0.5684 0.7721 0.0098 0.026
0 0.6836 0.7708 0.0195 0.026
0 0.2905 0.5716 0.0068 0.0104
0 0.1592 0.7975 0.0176 0.0299
0 0.1685 0.86 0.0146 0.0221
0 0.2744 0.599 0.0137 0.0182
0 0.9854 0.5807 0.0137 0.0234
0 0.0103 0.6536 0.0107 0.0208
0 0.0083 0.5918 0.0088 0.0143
