0 0.1914 0.6355 0.0176 0.0305
0 0.2368 0.6627 0.0205 0.0319
0 0.251 0.6461 0.0176 0.0252
0 0.2915 0.6175 0.0088 0.0159
0 0.3096 0.6428 0.0117 0.0212
0 0.3228 0.6726 0.0166 0.0305
0 0.3755 0.6056 0.0088 0.0159
0 0.4434 0.6361 0.0117 0.0212
0 0.4678 0.6434 0.0176 0.0279
0 0.8721 0.6946 0.0215 0.0345
0 0.8594 0.6833 0.0176 0.0226
0 0.6523 0.6514 0.0156 0.0252
0 0.6582 0.6129 0.0098 0.0173
0 0.6104 0.6899 0.0195 0.0385
0 0.4858 0.6116 0.0068 0.012
0 0.457 0.6049 0.0059 0.012
0 0.5596 0.6501 0.0078 0.0173
0 0.5981 0.6235 0.0088 0.0173
0 0.582 0.5989 0.0059 0.0133
0 0.5757 0.5976 0.0088 0.0133
0 0.5605 0.6202 0.0078 0.0133
0 0.0518 0.8659 0.0293 0.0478
