0 0.1333 0.5419 0.0322 0.0544
0 0.1851 0.5566 0.0303 0.0485
0 0.2642 0.5206 0.0205 0.0382
0 0.3564 0.5213 0.0312 0.0544
0 0.1304 0.7676 0.04 0.0971
0 0.0732 0.8015 0.0625 0.1147
0 0.4214 0.6279 0.0244 0.0441
0 0.4604 0.6287 0.0244 0.0426
0 0.4761 0.7743 0.0361 0.0985
0 0.5732 0.5912 0.0391 0.0618
0 0.5625 0.7184 0.082 0.1456
0 0.5234 0.6316 0.0137 0.0279
0 0.6201 0.6456 0.0195 0.0412
0 0.646 0.6691 0.0264 0.0441
0 0.6553 0.6272 0.0215 0.0368
0 0.6807 0.5882 0.0234 0.0529
0 0.7241 0.5875 0.0127 0.0221
0 0.6992 0.6875 0.0605 0.1074
0 0.8608 0.6132 0.0479 0.0794
0 0.1855 0.6949 0.0254 0.0456
0 0.2656 0.7706 0.0977 0.1765
0 0.7246 0.8912 0.1113 0.2147
0 0.7129 0.3676 0.0449 0.0588
0 0.8413 0.2824 0.04 0.0647
0 0.9453 0.4779 0.0293 0.0882
