0 0.0225 0.7833 0.0098 0.0234
0 0.0249 0.7738 0.0088 0.019
0 0.0918 0.776 0.0098 0.0205
0 0.1167 0.7628 0.0107 0.0234
0 0.1309 0.7599 0.0117 0.0205
0 0.1226 0.6501 0.0068 0.0176
0 0.0918 0.6486 0.0078 0.0205
0 0.0386 0.6772 0.0088 0.022
0 0.0249 0.6457 0.0088 0.0205
0 0.0469 0.6186 0.0078 0.0161
0 0.0547 0.6245 0.0078 0.0161
0 0.0669 0.6515 0.0088 0.0205
0 0.0815 0.6047 0.0068 0.0176
0 0.1318 0.6245 0.0078 0.0161
0 0.0728 0.6567 0.0088 0.019
0 0.0986 0.6054 0.0078 0.0132
0 0.1738 0.6581 0.0117 0.019
0 0.1626 0.6274 0.0068 0.0132
0 0.1504 0.6135 0.0059 0.0117
0 0.1934 0.6215 0.0059 0.0161
0 0.209 0.6823 0.0078 0.0176
0 0.2246 0.6413 0.0059 0.0176
0 0.2266 0.675 0.0059 0.0176
0 0.2383 0.6684 0.0078 0.019
0 0.2422 0.6223 0.0078 0.0146
0 0.2588 0.675 0.0078 0.0176
0 0.2549 0.6259 0.0059 0.0132
0 0.2554 0.6442 0.0068 0.0176
0 0.2886 0.6449 0.0068 0.0132
0 0.3198 0.6442 0.0088 0.0176
0 0.3345 0.6332 0.0186 0.0366
0 0.4629 0.6596 0.0117 0.0249
0 0.5557 0.1903 0.0156 0.0234
0 0.6138 0.1149 0.0146 0.0278
0 0.666 0.1523 0.0137 0.0234
0 0.7051 0.4275 0.0156 0.0205
0 0.8086 0.6369 0.0176 0.0322
0 0.8662 0.631 0.0195 0.0322
0 0.856 0.6391 0.0088 0.019
0 0.7769 0.6413 0.0088 0.0146
0 0.7881 0.6391 0.0078 0.0161
