0 0.0674 0.5587 0.0137 0.0323
0 0.1357 0.676 0.0059 0.0147
0 0.1548 0.7009 0.0088 0.0176
0 0.2241 0.684 0.0107 0.0161
0 0.1968 0.6591 0.0088 0.0161
0 0.165 0.6312 0.0078 0.0132
0 0.1567 0.6408 0.0068 0.0147
0 0.2036 0.7397 0.0088 0.022
0 0.2314 0.7155 0.0078 0.0205
0 0.1064 0.607 0.0059 0.0117
0 0.1694 0.8248 0.0166 0.0308
0 0.2031 0.9626 0.0273 0.0543
0 0.1538 0.9817 0.0107 0.0337
0 0.2515 0.6393 0.0049 0.0117
0 0.2021 0.6371 0.0059 0.0103
0 0.1997 0.6166 0.0049 0.0103
0 0.3115 0.6246 0.0059 0.0117
0 0.27 0.6312 0.0049 0.0132
0 0.2695 0.6474 0.0059 0.0132
0 0.2754 0.6694 0.0059 0.0132
0 0.3091 0.7207 0.0127 0.0132
0 0.2783 0.783 0.0059 0.0293
0 0.3037 0.8321 0.0117 0.0308
0 0.2817 0.9457 0.0146 0.044
0 0.25 0.9655 0.0117 0.0425
0 0.3584 0.8856 0.0137 0.0264
0 0.4136 0.7779 0.0107 0.0249
0 0.375 0.7111 0.0098 0.0205
0 0.3706 0.772 0.0088 0.0191
0 0.4844 0.7918 0.0117 0.0264
0 0.499 0.7918 0.0098 0.0147
0 0.4854 0.8644 0.0117 0.0337
0 0.4282 0.8798 0.0146 0.0293
0 0.4512 0.9142 0.0156 0.0337
0 0.5439 0.9457 0.0117 0.044
0 0.5688 0.8277 0.0146 0.0308
0 0.5713 0.8079 0.0137 0.0235
0 0.646 0.8094 0.0146 0.0293
0 0.6504 0.923 0.0098 0.0337
0 0.6694 0.882 0.0146 0.0337
0 0.7393 0.8724 0.0137 0.0293
0 0.8413 0.9223 0.0225 0.0469
0 0.8198 0.9296 0.0107 0.0352
0 0.9688 0.8233 0.0117 0.0279
0 0.9668 0.7302 0.0117 0.0176
0 0.939 0.7309 0.0088 0.0161
0 0.875 0.7691 0.0156 0.0308
0 0.9956 0.772 0.0068 0.022
0 0.9521 0.6811 0.0098 0.0191
0 0.9258 0.7009 0.0117 0.0205
0 0.896 0.6774 0.0088 0.0147
0 0.9087 0.6598 0.0068 0.0147
0 0.9131 0.6576 0.0078 0.0191
0 0.9297 0.6774 0.0098 0.0176
0 0.8755 0.662 0.0088 0.0132
0 0.8882 0.654 0.0068 0.0147
0 0.874 0.6459 0.0059 0.0132
0 0.8569 0.6708 0.0049 0.0132
0 0.8345 0.6701 0.0068 0.0147
0 0.8213 0.673 0.0059 0.0117
0 0.8242 0.6862 0.0059 0.0176
0 0.8003 0.6928 0.0088 0.0191
0 0.7783 0.7031 0.0098 0.0161
0 0.7769 0.7302 0.0107 0.0205
0 0.7456 0.7148 0.0107 0.0191
0 0.7603 0.6884 0.0088 0.0132
0 0.7734 0.665 0.0078 0.0161
0 0.7368 0.6686 0.0068 0.0176
0 0.7495 0.662 0.0068 0.0132
0 0.6938 0.7089 0.0088 0.0161
0 0.625 0.7617 0.0078 0.0249
0 0.6147 0.7698 0.0088 0.0205
0 0.6504 0.7214 0.0078 0.0205
0 0.6216 0.6833 0.0088 0.0205
0 0.644 0.6833 0.0068 0.0176
0 0.6772 0.6708 0.0088 0.0161
0 0.6943 0.6657 0.0078 0.0147
0 0.6372 0.665 0.0068 0.0161
0 0.5972 0.7097 0.0088 0.0205
0 0.5845 0.7515 0.0088 0.022
0 0.5352 0.7053 0.0098 0.0205
0 0.5698 0.6965 0.0068 0.0176
0 0.5786 0.6972 0.0068 0.0161
0 0.5654 0.6767 0.0078 0.0132
0 0.5029 0.6921 0.0078 0.0176
0 0.4741 0.7111 0.0088 0.0205
0 0.499 0.7339 0.0098 0.022
0 0.5352 0.7441 0.0078 0.0191
0 0.4219 0.7236 0.0078 0.0191
0 0.4058 0.7155 0.0088 0.0147
0 0.4399 0.7001 0.0068 0.0103
0 0.3784 0.6598 0.0049 0.0117
0 0.4131 0.6393 0.0039 0.0117
0 0.4268 0.6701 0.0059 0.0147
0 0.4438 0.6562 0.0068 0.0161
0 0.4102 0.6796 0.0078 0.0132
0 0.3257 0.6268 0.0068 0.0132
0 0.3555 0.6246 0.0059 0.0117
0 0.4121 0.6151 0.0059 0.0103
0 0.3857 0.6254 0.0059 0.0073
0 0.4771 0.6334 0.0068 0.0117
0 0.4814 0.6371 0.0059 0.0103
0 0.5356 0.6591 0.0068 0.0132
0 0.5488 0.6532 0.0059 0.0132
0 0.5396 0.6393 0.0068 0.0117
0 0.5464 0.6188 0.0049 0.0088
0 0.5776 0.6085 0.0049 0.0088
0 0.5913 0.6063 0.0049 0.0103
0 0.6157 0.6239 0.0049 0.0103
0 0.6216 0.6437 0.0068 0.0117
0 0.5889 0.6481 0.0059 0.0088
0 0.5957 0.6474 0.0059 0.0103
0 0.6562 0.6276 0.0078 0.0117
0 0.6763 0.6268 0.0049 0.0103
0 0.6685 0.6144 0.0068 0.0117
0 0.6519 0.6085 0.0049 0.0088
0 0.6299 0.6173 0.0039 0.0088
0 0.5747 0.6305 0.0068 0.0117
0 0.6841 0.6488 0.0068 0.0132
0 0.6855 0.6232 0.0059 0.0088
0 0.7939 0.6298 0.0059 0.0103
0 0.7378 0.629 0.0088 0.0117
0 0.7441 0.6166 0.0059 0.0103
0 0.7388 0.6107 0.0049 0.0103
0 0.7036 0.6114 0.0068 0.0147
0 0.8481 0.6437 0.0068 0.0176
0 0.834 0.6283 0.0078 0.0132
0 0.895 0.6371 0.0088 0.0132
0 0.9502 0.6224 0.0059 0.0103
0 0.9614 0.6239 0.0068 0.0161
0 0.9434 0.6026 0.0059 0.0147
0 0.9263 0.6048 0.0049 0.0103
0 0.9019 0.596 0.0049 0.0103
0 0.8584 0.6019 0.0059 0.0103
0 0.874 0.6026 0.0059 0.0088
0 0.9033 0.621 0.0059 0.0103
0 0.4448 0.6019 0.0049 0.0073
0 0.4546 0.6114 0.0049 0.0088
0 0.4937 0.5916 0.0049 0.0103
0 0.4307 0.5982 0.0039 0.0088
0 0.4277 0.6085 0.0059 0.0088
0 0.5771 0.5865 0.0039 0.0088
0 0.209 0.8512 0.0156 0.0279
