0 0.1694 0.464 0.0381 0.0587
0 0.2393 0.4787 0.0352 0.047
0 0.3599 0.4178 0.0381 0.0778
0 0.4922 0.4523 0.043 0.0441
0 0.6167 0.4537 0.0283 0.0558
0 0.6582 0.4618 0.0391 0.0661
0 0.7935 0.4023 0.0342 0.0617
0 0.8286 0.514 0.0361 0.0558
0 0.9272 0.4082 0.0225 0.0558
0 0.9526 0.4706 0.0361 0.0543
0 0.0552 0.1417 0.0342 0.0455
0 0.1719 0.1586 0.0254 0.0352
0 0.2725 0.1233 0.0254 0.0411
0 0.4199 0.1197 0.0234 0.0485
0 0.5215 0.1314 0.0215 0.0308
0 0.625 0.1197 0.0215 0.0426
0 0.7329 0.1564 0.0225 0.0455
0 0.8306 0.1586 0.0205 0.0206
0 0.9253 0.1535 0.0205 0.0367
