0 0.2505 0.6844 0.0127 0.0125
0 0.2812 0.6809 0.0176 0.0164
0 0.5049 0.6723 0.0156 0.0195
0 0.3994 0.6836 0.0078 0.0141
0 0.8022 0.6836 0.0146 0.0172
0 0.8423 0.675 0.0146 0.0188
0 0.9004 0.6715 0.0156 0.018
0 0.71 0.716 0.0137 0.0133
0 0.4922 0.6746 0.0078 0.0102
0 0.584 0.7379 0.0117 0.0117
0 0.7471 0.7398 0.0117 0.0125
0 0.7295 0.725 0.0098 0.0109
0 0.0962 0.6934 0.0107 0.0148
0 0.1187 0.6859 0.0127 0.0109
0 0.0176 0.6965 0.0137 0.018
0 0.4478 0.5223 0.0049 0.0086
0 0.377 0.525 0.0059 0.0094
0 0.2988 0.5312 0.0098 0.0094
0 0.293 0.7012 0.0117 0.0195
0 0.3599 0.6945 0.0127 0.0156
0 0.5376 0.7332 0.0088 0.0086
0 0.5845 0.7539 0.0088 0.0078
0 0.7217 0.7016 0.0156 0.0125
0 0.8076 0.7031 0.0117 0.0109
