0 0.1274 0.4963 0.0088 0.0146
0 0.0723 0.5029 0.0098 0.0161
0 0.2163 0.5505 0.0127 0.0205
0 0.3423 0.6376 0.0107 0.019
0 0.376 0.5739 0.0117 0.0205
0 0.377 0.4898 0.0078 0.0132
0 0.5815 0.5878 0.0146 0.0249
0 0.6182 0.5981 0.0117 0.0249
0 0.6016 0.6794 0.0156 0.0264
0 0.7983 0.5937 0.0127 0.0249
0 0.7896 0.5622 0.0107 0.0176
0 0.8511 0.6325 0.0166 0.041
0 0.7583 0.6779 0.0146 0.0264
0 0.9312 0.6047 0.0107 0.0264
0 0.959 0.59 0.0137 0.0264
0 0.6592 0.5198 0.0098 0.0176
0 0.6963 0.5322 0.0078 0.0161
0 0.4985 0.5227 0.0088 0.0176
0 0.8345 0.5351 0.0049 0.0102
0 0.1714 0.5695 0.0088 0.0205
0 0.1484 0.4553 0.0098 0.0176
0 0.0435 0.5168 0.0107 0.0176
0 0.2349 0.4656 0.0068 0.0117
0 0.2642 0.4649 0.0068 0.0132
