0 0.6821 0.9334 0.0635 0.1245
0 0.5137 0.91 0.0469 0.0952
0 0.0352 0.7672 0.043 0.0732
0 0.0435 0.6706 0.0283 0.0586
0 0.0664 0.6779 0.0195 0.0264
0 0.0698 0.6215 0.0166 0.0307
0 0.0415 0.6215 0.0127 0.022
0 0.0801 0.6164 0.0098 0.0176
0 0.105 0.6142 0.0088 0.0132
0 0.124 0.653 0.0137 0.0234
0 0.106 0.6596 0.0107 0.0249
0 0.1274 0.7086 0.0303 0.0556
0 0.1616 0.6852 0.04 0.0673
0 0.146 0.6413 0.0205 0.0293
0 0.1265 0.6127 0.0088 0.0132
0 0.1475 0.6193 0.0078 0.0117
0 0.168 0.6332 0.0078 0.0132
0 0.2021 0.6911 0.0215 0.0351
0 0.2002 0.6515 0.0156 0.0264
0 0.2139 0.8572 0.0547 0.0952
0 0.3208 0.7884 0.0342 0.0571
0 0.2852 0.7123 0.0312 0.0542
0 0.3394 0.7094 0.0244 0.0483
0 0.3062 0.6772 0.0166 0.0278
0 0.2695 0.6515 0.0176 0.0351
0 0.2939 0.6567 0.0176 0.0278
0 0.3706 0.6625 0.0166 0.0366
0 0.3843 0.6589 0.0127 0.0234
0 0.2715 0.6157 0.0078 0.0132
0 0.2974 0.6127 0.0049 0.0102
0 0.4482 0.7401 0.0352 0.0747
0 0.4146 0.6706 0.0186 0.0381
0 0.3848 0.6215 0.0059 0.0102
0 0.3364 0.6215 0.0088 0.0132
0 0.3447 0.6171 0.0059 0.0102
0 0.4282 0.7994 0.0166 0.0469
0 0.5396 0.784 0.0342 0.0483
0 0.5088 0.7394 0.0312 0.0498
0 0.5264 0.7028 0.0176 0.0322
0 0.5576 0.7299 0.0215 0.0366
0 0.5449 0.6515 0.0098 0.0205
0 0.5596 0.6303 0.0078 0.0132
0 0.4731 0.6464 0.0107 0.022
0 0.6108 0.6889 0.0166 0.0366
0 0.6348 0.7467 0.0273 0.0586
0 0.5952 0.7504 0.0225 0.0454
0 0.6699 0.7496 0.0176 0.0469
0 0.6797 0.6764 0.0117 0.0293
0 0.749 0.7877 0.0234 0.0439
0 0.6943 0.8587 0.0254 0.0454
0 0.7251 0.7182 0.0225 0.0337
0 0.7935 0.6669 0.0166 0.0395
0 0.7495 0.6918 0.0166 0.022
0 0.7559 0.6428 0.0098 0.0176
0 0.7183 0.6376 0.0088 0.0161
0 0.9312 0.8953 0.0654 0.0805
0 0.9438 0.6391 0.0068 0.0102
0 0.8022 0.7306 0.0225 0.041
0 0.8701 0.7606 0.0215 0.0395
0 0.894 0.7408 0.0225 0.0381
0 0.978 0.7701 0.0244 0.0527
0 0.9482 0.7204 0.0215 0.0351
0 0.8413 0.7013 0.0186 0.0351
0 0.9653 0.6318 0.0068 0.0102
0 0.9756 0.6274 0.0059 0.0102
