0 0.0298 0.6081 0.0186 0.0391
0 0.0522 0.6458 0.0244 0.0391
0 0.0249 0.6764 0.0166 0.0378
0 0.0928 0.6061 0.0215 0.0378
0 0.1978 0.6465 0.0264 0.0404
0 0.2583 0.6849 0.0244 0.0339
0 0.3672 0.7585 0.0176 0.0273
0 0.3311 0.6243 0.0098 0.0169
0 0.252 0.6302 0.0098 0.0182
0 0.395 0.6217 0.0107 0.0143
0 0.6768 0.6185 0.0117 0.0182
0 0.501 0.6165 0.0117 0.0143
0 0.5337 0.9056 0.0205 0.0299
0 0.4736 0.6322 0.0078 0.0143
0 0.7295 0.6536 0.0156 0.0208
0 0.8931 0.7747 0.0225 0.0703
0 0.9292 0.8053 0.0166 0.0352
0 0.7646 0.8945 0.043 0.0807
0 0.7173 0.6061 0.0107 0.0143
0 0.9092 0.61 0.0098 0.0117
0 0.9258 0.6973 0.0137 0.0195
0 0.7852 0.6999 0.0215 0.0273
0 0.8608 0.599 0.0088 0.0156
0 0.7686 0.584 0.0078 0.0143
0 0.5371 0.7116 0.0137 0.0169
0 0.5244 0.6172 0.0059 0.0104
0 0.4219 0.6374 0.0098 0.0143
0 0.627 0.7389 0.0156 0.0169
0 0.4116 0.7637 0.0107 0.0221
0 0.3022 0.5872 0.0068 0.0104
0 0.1646 0.6374 0.0166 0.0352
0 0.458 0.8874 0.0137 0.0299
0 0.6025 0.5951 0.0078 0.0156
0 0.0103 0.6302 0.0225 0.0312
0 0.2236 0.5781 0.0078 0.0104
0 0.1831 0.5801 0.0068 0.0091
0 0.4556 0.6172 0.0068 0.0104
0 0.5698 0.5716 0.0068 0.0104
0 0.5854 0.75 0.0166 0.0208
0 0.8833 0.5977 0.0107 0.0182
