0 0.0068 0.4531 0.0039 0.0104
0 0.0137 0.4616 0.0039 0.0091
0 0.1387 0.4531 0.0078 0.0182
0 0.1523 0.4648 0.0117 0.0208
0 0.1797 0.4922 0.0078 0.026
0 0.1904 0.4512 0.0078 0.0143
0 0.0815 0.515 0.0107 0.0273
0 0.0615 0.4785 0.0117 0.0195
0 0.1021 0.5749 0.0322 0.0482
0 0.1289 0.6172 0.0254 0.0495
0 0.3076 0.4154 0.0078 0.013
0 0.2515 0.5247 0.0186 0.0339
0 0.3174 0.5742 0.0195 0.0312
0 0.3433 0.4844 0.0127 0.0312
0 0.3398 0.4323 0.0078 0.013
0 0.478 0.4421 0.0107 0.0117
0 0.5303 0.4746 0.0098 0.0221
0 0.605 0.4701 0.0146 0.0234
0 0.6216 0.4557 0.0088 0.026
0 0.6128 0.4219 0.0088 0.013
0 0.5005 0.5684 0.0244 0.0352
0 0.5259 0.7318 0.0322 0.0208
0 0.6567 0.4069 0.0068 0.0117
0 0.7202 0.4401 0.0127 0.0234
0 0.8345 0.4642 0.0107 0.0247
0 0.8486 0.4147 0.0059 0.0091
