0 0.3755 0.4138 0.0146 0.0227
0 0.4014 0.4205 0.0176 0.0281
0 0.4282 0.4158 0.0186 0.0321
0 0.3809 0.4412 0.0195 0.0348
0 0.3613 0.4579 0.0195 0.0334
0 0.4849 0.4078 0.0186 0.0348
0 0.5044 0.4091 0.0146 0.0321
0 0.5483 0.4211 0.0283 0.0508
0 0.5234 0.4699 0.0508 0.0789
0 0.6152 0.4632 0.0273 0.0602
0 0.6216 0.4151 0.0225 0.0361
0 0.7114 0.4706 0.0322 0.0508
0 0.7915 0.5354 0.042 0.0655
0 0.8438 0.4699 0.0273 0.0468
0 0.834 0.5441 0.0293 0.0508
0 0.9619 0.5201 0.0469 0.0909
0 0.9834 0.4525 0.0293 0.0575
0 0.1797 0.2126 0.0195 0.0267
