0 0.2314 0.2316 0.0059 0.0199
0 0.228 0.2192 0.0127 0.0199
0 0.27 0.2379 0.0107 0.0199
0 0.3022 0.2509 0.0107 0.0212
0 0.2974 0.241 0.0088 0.0162
0 0.2783 0.2179 0.0078 0.0149
0 0.3618 0.2802 0.0146 0.0299
0 0.3804 0.2173 0.0068 0.0187
0 0.3989 0.1943 0.0205 0.0423
0 0.0864 0.3954 0.0518 0.076
0 0.2378 0.4714 0.0908 0.1681
0 0.5752 0.2628 0.0293 0.0448
0 0.5972 0.3263 0.0361 0.0672
0 0.6489 0.3306 0.0576 0.0934
0 0.4316 0.2696 0.0332 0.0411
0 0.4819 0.2715 0.0225 0.0349
0 0.4033 0.2603 0.0137 0.0174
0 0.7798 0.4857 0.0811 0.1096
0 0.8955 0.363 0.0566 0.0685
0 0.7031 0.2914 0.0195 0.0374
0 0.7583 0.2989 0.0283 0.0548
0 0.8813 0.269 0.0186 0.0349
0 0.9097 0.2939 0.0264 0.0448
