0 0.124 0.1908 0.0137 0.0164
0 0.2056 0.2015 0.0264 0.0428
0 0.2271 0.153 0.0127 0.0164
0 0.2939 0.1455 0.0098 0.0164
0 0.2734 0.1448 0.0098 0.0126
0 0.165 0.2519 0.0254 0.0479
0 0.356 0.2166 0.0361 0.0806
0 0.3408 0.1373 0.0098 0.0176
0 0.3076 0.1348 0.0078 0.0126
0 0.1421 0.347 0.0479 0.0768
0 0.0713 0.3268 0.0527 0.0718
0 0.3115 0.3004 0.0645 0.0945
0 0.0938 0.4591 0.084 0.0945
0 0.2202 0.4024 0.0576 0.0567
0 0.4409 0.131 0.0244 0.0378
0 0.4243 0.182 0.0225 0.039
0 0.4751 0.1751 0.0244 0.0403
0 0.5488 0.1524 0.0293 0.0479
0 0.5317 0.1304 0.0225 0.034
0 0.627 0.1178 0.0254 0.0416
0 0.6035 0.1058 0.0215 0.0327
0 0.5859 0.1247 0.0195 0.0227
0 0.4634 0.1492 0.0225 0.034
0 0.6592 0.2298 0.0293 0.0542
0 0.6909 0.1889 0.0361 0.063
0 0.7173 0.1014 0.0244 0.0416
0 0.6768 0.3659 0.043 0.0743
0 0.4648 0.102 0.0117 0.0151
0 0.9126 0.1196 0.0381 0.0504
0 0.855 0.2261 0.0713 0.1045
0 0.8711 0.0428 0.0117 0.0227
0 0.9424 0.0157 0.0195 0.029
0 0.9614 0.0151 0.0107 0.0202
0 0.8696 0.1467 0.0264 0.0441
0 0.9038 0.4043 0.0674 0.0932
0 0.8853 0.8929 0.1436 0.2116
0 0.8809 0.0271 0.0156 0.0264
0 0.8936 0.0246 0.0117 0.0189
