0 0.2217 0.4449 0.0137 0.025
0 0.2534 0.4507 0.0127 0.0221
0 0.3032 0.4779 0.0107 0.0176
0 0.3491 0.475 0.0107 0.0206
0 0.1538 0.4301 0.0146 0.025
0 0.1104 0.4831 0.0117 0.0191
0 0.1655 0.436 0.0127 0.0221
0 0.438 0.4485 0.0127 0.0265
0 0.3818 0.4728 0.0117 0.025
0 0.4634 0.4632 0.0107 0.0235
0 0.498 0.4735 0.0137 0.0235
0 0.6309 0.4654 0.0137 0.0279
0 0.6099 0.4706 0.0127 0.0235
0 0.585 0.4772 0.0117 0.025
0 0.5459 0.4713 0.0117 0.025
0 0.6758 0.4772 0.0098 0.0191
0 0.7471 0.4853 0.0137 0.0235
