0 0.043 0.1629 0.0273 0.0453
0 0.0854 0.2592 0.0146 0.0283
0 0.083 0.313 0.0234 0.034
0 0.1387 0.3314 0.0156 0.0283
0 0.2373 0.3286 0.0176 0.034
0 0.2598 0.3123 0.0234 0.0382
0 0.3174 0.2833 0.0215 0.0425
0 0.3452 0.2103 0.0127 0.0269
0 0.3687 0.2812 0.0205 0.0382
0 0.3882 0.2875 0.0127 0.0283
0 0.4561 0.1933 0.0176 0.0354
0 0.5137 0.1841 0.0195 0.0397
0 0.5342 0.1771 0.0195 0.0425
0 0.6069 0.068 0.0186 0.0453
0 0.6606 0.0524 0.0146 0.034
0 0.686 0.0963 0.0146 0.0368
0 0.7222 0.2918 0.0205 0.0482
0 0.8535 0.4249 0.0566 0.1303
