0 0.0137 0.4439 0.0156 0.038
0 0.0532 0.4322 0.0205 0.0542
0 0.1567 0.5271 0.0166 0.038
0 0.2319 0.4213 0.0303 0.0759
0 0.2959 0.3897 0.0273 0.0705
0 0.3608 0.3933 0.0264 0.0814
0 0.6157 0.3816 0.0322 0.0796
0 0.5083 0.302 0.0166 0.0506
0 0.7319 0.4087 0.0205 0.0579
0 0.7861 0.4268 0.0117 0.0325
0 0.8027 0.4222 0.0098 0.038
0 0.8101 0.4231 0.0166 0.0398
0 0.8428 0.4132 0.0156 0.038
0 0.8623 0.4322 0.0234 0.0651
0 0.8936 0.3716 0.0273 0.0633
0 0.8359 0.245 0.0098 0.0307
0 0.8374 0.2875 0.0107 0.0253
0 0.8604 0.2884 0.0137 0.0344
0 0.8755 0.2622 0.0107 0.0325
0 0.8525 0.3146 0.0098 0.0289
0 0.8203 0.2749 0.0098 0.0289
0 0.8159 0.3101 0.0068 0.0199
0 0.8896 0.2948 0.0078 0.0217
0 0.9434 0.4159 0.0156 0.0434
0 0.9697 0.4141 0.0195 0.047
0 0.6602 0.2911 0.0137 0.0434
