0 0.9888 0.4846 0.0186 0.0472
0 0.2495 0.392 0.0146 0.0363
0 0.3354 0.4238 0.0127 0.0272
0 0.4023 0.4437 0.0176 0.0345
0 0.4624 0.4728 0.0127 0.0272
0 0.4634 0.4238 0.0107 0.0272
0 0.4951 0.4038 0.0117 0.0236
0 0.397 0.3348 0.0088 0.02
0 0.3789 0.343 0.0078 0.0218
0 0.5459 0.3993 0.0117 0.0254
0 0.5405 0.4773 0.0166 0.0363
0 0.5972 0.4083 0.0127 0.0254
0 0.6152 0.4129 0.0117 0.0236
0 0.6367 0.4002 0.0098 0.0236
0 0.5723 0.4637 0.0156 0.0381
0 0.6191 0.48 0.0137 0.0345
0 0.6592 0.4909 0.0176 0.0309
0 0.7075 0.422 0.0146 0.0309
0 0.7632 0.4383 0.0146 0.0309
0 0.8013 0.4519 0.0146 0.0399
0 0.7759 0.441 0.0107 0.0254
0 0.7354 0.4301 0.0117 0.0254
0 0.8516 0.4637 0.0176 0.0345
0 0.9219 0.4546 0.0156 0.0381
0 0.8784 0.3829 0.0088 0.0254
0 0.8579 0.3503 0.0088 0.0181
