0 0.5083 0.073 0.0908 0.062
0 0.6206 0.0989 0.0713 0.0347
0 0.189 0.2429 0.042 0.0249
0 0.8438 0.0681 0.0703 0.0493
0 0.7192 0.2893 0.1533 0.0884
0 0.1587 0.7498 0.0225 0.0083
0 0.165 0.7429 0.0273 0.0142
0 0.3364 0.7131 0.0381 0.0269
0 0.397 0.6958 0.0459 0.0322
0 0.2021 0.864 0.0488 0.0347
0 0.1025 0.9023 0.0527 0.0273
0 0.3521 0.8701 0.0479 0.0303
0 0.4136 0.8938 0.0771 0.0552
0 0.0991 0.8533 0.0205 0.0112
0 0.1445 0.8538 0.0176 0.0112
0 0.1509 0.8467 0.0186 0.0127
0 0.1812 0.8357 0.0127 0.0073
0 0.2861 0.8796 0.0488 0.0317
0 0.1875 0.9363 0.0488 0.0503
0 0.5068 0.52 0.0293 0.0244
0 0.6489 0.55 0.0459 0.0317
0 0.6929 0.5513 0.0342 0.0254
0 0.748 0.5681 0.0508 0.0308
0 0.8218 0.5581 0.042 0.0293
0 0.856 0.5603 0.0342 0.0259
0 0.8306 0.5767 0.0537 0.0371
0 0.9019 0.583 0.0498 0.0303
0 0.5957 0.7256 0.0215 0.0137
0 0.6099 0.7271 0.0186 0.0117
0 0.6616 0.7153 0.0186 0.0117
0 0.728 0.6919 0.042 0.0342
0 0.791 0.7107 0.0215 0.0142
0 0.8286 0.6953 0.0264 0.0166
0 0.8169 0.6711 0.0225 0.0093
0 0.8633 0.6938 0.0215 0.0156
0 0.8823 0.6924 0.0127 0.0078
0 0.9146 0.6814 0.0264 0.0171
0 0.959 0.6799 0.0078 0.0161
0 0.894 0.9111 0.0088 0.0068
0 0.9111 0.9094 0.0078 0.0073
0 0.6089 0.8635 0.0244 0.0171
0 0.626 0.8604 0.0293 0.0225
0 0.1172 0.8518 0.0137 0.0103
0 0.2607 0.4568 0.0039 0.0034
0 0.2007 0.4114 0.0049 0.0034
0 0.2612 0.4172 0.0029 0.0024
0 0.2349 0.405 0.0049 0.0034
0 0.105 0.5215 0.0127 0.0107
0 0.877 0.5691 0.0293 0.0171
0 0.9297 0.688 0.0176 0.0098
0 0.1567 0.5566 0.0107 0.0088
0 0.0391 0.5356 0.0156 0.0088
0 0.4517 0.5496 0.0088 0.0054
