0 0.0366 0.4774 0.0146 0.0521
0 0.0498 0.513 0.0215 0.0434
0 0.0723 0.5104 0.0137 0.0278
0 0.0884 0.4818 0.0107 0.0191
0 0.7632 0.4878 0.0146 0.0278
0 0.8301 0.4931 0.0215 0.0451
0 0.8491 0.4826 0.0127 0.0347
0 0.8584 0.487 0.0156 0.026
0 0.8882 0.4826 0.0186 0.0451
0 0.353 0.5061 0.0186 0.0399
0 0.3877 0.4835 0.0156 0.0365
0 0.4072 0.474 0.0137 0.0312
0 0.4282 0.4714 0.0127 0.0295
0 0.4536 0.5339 0.0166 0.0399
0 0.4624 0.487 0.0107 0.0295
0 0.4839 0.5087 0.0127 0.0278
0 0.5103 0.487 0.0107 0.0226
0 0.5181 0.5269 0.0166 0.0365
0 0.5312 0.5773 0.0176 0.033
0 0.564 0.4705 0.0127 0.0382
0 0.2832 0.7509 0.0273 0.0677
0 0.4614 0.783 0.0225 0.0625
0 0.6289 0.3976 0.043 0.1215
0 0.7065 0.5182 0.0186 0.0399
0 0.9224 0.4931 0.0225 0.0417
0 0.9473 0.4722 0.0293 0.0625
0 0.146 0.5156 0.0107 0.0278
0 0.2534 0.5252 0.0146 0.0399
0 0.1343 0.4983 0.0068 0.0278
0 0.165 0.5226 0.0098 0.0208
0 0.1929 0.4983 0.0088 0.0174
0 0.1528 0.4983 0.0068 0.0208
0 0.1821 0.5165 0.0068 0.0122
0 0.2085 0.5243 0.0225 0.0451
0 0.2266 0.4991 0.0098 0.0226
0 0.2734 0.5304 0.0176 0.0434
0 0.3047 0.5078 0.0117 0.026
0 0.3247 0.5113 0.0088 0.0226
0 0.3267 0.4905 0.0088 0.0156
0 0.7891 0.4905 0.0137 0.033
0 0.7676 0.6467 0.0215 0.0399
