0 0.1973 0.3423 0.0371 0.0699
0 0.2954 0.3951 0.0303 0.0515
0 0.356 0.3892 0.0264 0.0475
0 0.4419 0.376 0.04 0.0607
0 0.5161 0.4241 0.0244 0.0409
0 0.5469 0.436 0.0176 0.033
0 0.5728 0.4499 0.0186 0.029
0 0.605 0.44 0.0244 0.0383
0 0.6465 0.4453 0.0215 0.033
0 0.6968 0.4472 0.0186 0.0317
0 0.7568 0.4776 0.0176 0.029
0 0.7944 0.4921 0.0166 0.0264
0 0.8237 0.504 0.0146 0.0237
0 0.8638 0.5099 0.0107 0.0198
0 0.8887 0.5092 0.0098 0.0211
0 0.9355 0.4987 0.0176 0.029
0 0.8101 0.5007 0.0107 0.0198
0 0.8472 0.5125 0.0107 0.0224
0 0.8354 0.5112 0.0088 0.0198
0 0.5366 0.4347 0.0107 0.0224
0 0.73 0.4776 0.0107 0.0158
0 0.8799 0.5139 0.0098 0.0172
0 0.7739 0.4908 0.0088 0.0158
