0 0.1431 0.4129 0.0088 0.0146
0 0.085 0.4085 0.0078 0.0176
0 0.104 0.4451 0.0107 0.0205
0 0.1196 0.4546 0.0107 0.0161
0 0.0557 0.4627 0.0098 0.0205
0 0.1626 0.4693 0.0127 0.022
0 0.061 0.5 0.0146 0.0307
0 0.1255 0.4934 0.0107 0.0234
0 0.103 0.7225 0.04 0.0688
0 0.3003 0.5432 0.0186 0.0322
0 0.3003 0.4956 0.0107 0.0278
0 0.3301 0.4846 0.0117 0.0293
0 0.3833 0.5344 0.0146 0.0293
0 0.1982 0.4802 0.0098 0.0205
0 0.0449 0.4524 0.0137 0.0234
0 0.3687 0.4971 0.0107 0.0278
0 0.4849 0.4919 0.0205 0.041
0 0.5259 0.5512 0.0166 0.0366
0 0.5405 0.4978 0.0088 0.0234
0 0.5552 0.53 0.0146 0.0293
0 0.519 0.5088 0.0146 0.022
0 0.6343 0.4817 0.0225 0.0556
0 0.731 0.4729 0.0186 0.0498
0 0.7603 0.5227 0.0146 0.0264
0 0.9189 0.5835 0.0117 0.0278
0 0.0098 0.4385 0.0137 0.022
0 0.0718 0.4612 0.0088 0.0176
0 0.2842 0.4685 0.0098 0.0234
0 0.2632 0.4824 0.0107 0.0249
