0 0.709 0.1064 0.0176 0.0312
0 0.7944 0.0893 0.0244 0.0446
0 0.4077 0.0722 0.0146 0.0253
0 0.3525 0.1027 0.0117 0.0179
0 0.3154 0.0707 0.0156 0.0253
0 0.0737 0.0588 0.0166 0.0342
0 0.1401 0.0722 0.0225 0.0432
0 0.1797 0.0625 0.0234 0.0387
0 0.2236 0.0432 0.0156 0.0268
0 0.2471 0.067 0.0234 0.0327
0 0.0239 0.0372 0.0068 0.0119
0 0.04 0.0506 0.0078 0.0119
0 0.1104 0.0707 0.0156 0.0253
0 0.6396 0.0751 0.0098 0.0164
0 0.7676 0.1354 0.0059 0.0149
0 0.7583 0.1071 0.0088 0.0149
0 0.7407 0.1086 0.0068 0.0119
0 0.7295 0.1027 0.0098 0.0179
0 0.3877 0.3906 0.0352 0.0491
0 0.5317 0.2634 0.0322 0.0565
0 0.4473 0.0744 0.0234 0.0387
0 0.5156 0.0952 0.0137 0.0238
0 0.5425 0.1116 0.0146 0.0238
0 0.5806 0.0774 0.0166 0.0357
0 0.647 0.119 0.0127 0.0268
0 0.686 0.1131 0.0146 0.0298
0 0.0068 0.0164 0.0117 0.0179
0 0.5513 0.093 0.0107 0.0193
0 0.563 0.0759 0.0146 0.0238
0 0.8247 0.0997 0.0186 0.0268
0 0.4268 0.0833 0.0098 0.0208
0 0.3721 0.0677 0.0156 0.0253
0 0.3516 0.0655 0.0195 0.0208
0 0.498 0.1034 0.0059 0.0104
0 0.1523 0.0685 0.0098 0.0179
0 0.3491 0.0871 0.0088 0.0104
0 0.3413 0.1027 0.0068 0.0119
0 0.3354 0.0908 0.0049 0.0119
