0 0.2285 0.5051 0.0781 0.1191
0 0.1606 0.236 0.0635 0.1074
0 0.3643 0.2934 0.0547 0.0985
0 0.3906 0.1971 0.0449 0.0735
0 0.4829 0.5074 0.0615 0.1088
0 0.5845 0.6382 0.0674 0.1559
0 0.8159 0.4279 0.0732 0.1529
0 0.9302 0.086 0.0498 0.0868
0 0.7866 0.3235 0.0596 0.1029
0 0.519 0.239 0.0654 0.1044
0 0.6636 0.0949 0.04 0.0691
0 0.7583 0.1772 0.042 0.0603
0 0.6567 0.2132 0.0498 0.0824
0 0.7437 0.2765 0.0459 0.0735
0 0.0771 0.225 0.0332 0.0588
0 0.4189 0.2316 0.0234 0.0397
0 0.4253 0.2647 0.0205 0.0382
0 0.022 0.2419 0.0283 0.0456
0 0.3804 0.1265 0.0146 0.0176
