0 0.1025 0.4589 0.0156 0.0514
0 0.0068 0.3429 0.0156 0.0308
0 0.0259 0.2812 0.0225 0.0485
0 0.0425 0.2592 0.0166 0.0396
0 0.1147 0.2695 0.0244 0.0426
0 0.2451 0.3488 0.0195 0.0426
0 0.0376 0.4824 0.0225 0.0455
0 0.1318 0.4868 0.0234 0.0396
0 0.2969 0.4046 0.0215 0.0426
0 0.1768 0.3524 0.0234 0.0587
0 0.2656 0.2496 0.0215 0.0411
0 0.2798 0.29 0.0186 0.0308
0 0.3062 0.2724 0.0225 0.0485
0 0.3203 0.246 0.0195 0.0396
0 0.3452 0.2401 0.0146 0.0308
0 0.1055 0.232 0.0254 0.0382
0 0.1582 0.2085 0.0234 0.047
0 0.1245 0.1836 0.0186 0.0323
0 0.0332 0.1079 0.0195 0.0367
0 0.021 0.0433 0.0166 0.0279
0 0.0815 0.0433 0.0186 0.0338
0 0.1206 0.0947 0.0166 0.0338
0 0.1641 0.0653 0.0195 0.0338
0 0.1714 0.1659 0.0205 0.0382
0 0.2056 0.1689 0.0186 0.0382
0 0.2007 0.1123 0.0166 0.0367
0 0.2334 0.1094 0.0176 0.0338
0 0.252 0.0888 0.0156 0.0338
0 0.2529 0.0433 0.0176 0.0308
0 0.1714 0.0176 0.0166 0.0264
0 0.2241 0.2004 0.0166 0.0338
0 0.23 0.1703 0.0127 0.0323
0 0.2363 0.1623 0.0117 0.0279
0 0.2134 0.1446 0.0127 0.0279
0 0.2334 0.2247 0.0117 0.0264
0 0.2695 0.0198 0.0156 0.0279
0 0.2729 0.0617 0.0146 0.0235
0 0.042 0.0059 0.0195 0.0147
0 0.1152 0.0213 0.0156 0.0279
0 0.2915 0.1512 0.0146 0.0264
0 0.2876 0.1314 0.0166 0.0308
0 0.314 0.1351 0.0146 0.0294
0 0.3237 0.0881 0.0166 0.0323
0 0.3496 0.0837 0.0156 0.0352
0 0.376 0.0866 0.0137 0.0235
0 0.3872 0.1292 0.0166 0.0323
0 0.2896 0.1865 0.0146 0.0294
0 0.2739 0.2078 0.0146 0.0279
0 0.3013 0.221 0.0186 0.0308
0 0.3184 0.1814 0.0156 0.0279
0 0.3257 0.21 0.0146 0.0264
0 0.3398 0.1725 0.0137 0.0279
0 0.3687 0.1718 0.0186 0.0294
0 0.3765 0.2019 0.0186 0.0308
0 0.3604 0.2761 0.0156 0.0294
0 0.3965 0.1579 0.0156 0.0308
0 0.4058 0.1241 0.0146 0.0308
0 0.4302 0.1645 0.0166 0.0294
0 0.4155 0.1916 0.0166 0.0308
0 0.4238 0.2996 0.0215 0.0441
0 0.4536 0.2489 0.0127 0.0308
0 0.4829 0.293 0.0225 0.0396
0 0.5005 0.2533 0.0166 0.0338
0 0.4893 0.2012 0.0176 0.0323
0 0.4805 0.2283 0.0176 0.0308
0 0.4727 0.1777 0.0156 0.0294
0 0.4663 0.0778 0.0166 0.0264
0 0.5137 0.1021 0.0176 0.0338
0 0.4336 0.083 0.0156 0.0279
0 0.4116 0.0786 0.0146 0.025
0 0.5117 0.1887 0.0156 0.0367
0 0.5342 0.2019 0.0195 0.0338
0 0.3975 0.0536 0.0137 0.0308
0 0.4424 0.0573 0.0156 0.0294
0 0.4741 0.0477 0.0166 0.0308
0 0.4976 0.0396 0.0127 0.0235
0 0.5132 0.0374 0.0127 0.025
0 0.4536 0.1167 0.0146 0.025
0 0.4062 0.0286 0.0117 0.0191
0 0.4429 0.0301 0.0146 0.0279
0 0.4316 0.0301 0.0117 0.022
0 0.4824 0.0257 0.0137 0.025
0 0.4771 0.011 0.0127 0.022
0 0.5186 0.0088 0.0137 0.0206
0 0.5415 0.0617 0.0127 0.0264
0 0.5552 0.138 0.0146 0.0294
0 0.5703 0.0925 0.0156 0.0352
0 0.5996 0.1094 0.0156 0.025
0 0.6211 0.0698 0.0117 0.025
0 0.6138 0.033 0.0146 0.0279
0 0.6372 0.0389 0.0146 0.0279
0 0.6519 0.0653 0.0127 0.025
0 0.667 0.0595 0.0137 0.0279
0 0.6855 0.0558 0.0117 0.0294
0 0.6958 0.0367 0.0146 0.0235
0 0.6611 0.0396 0.0137 0.0235
0 0.6992 0.0162 0.0137 0.0235
0 0.6348 0.0903 0.0117 0.0279
0 0.6748 0.0903 0.0156 0.0308
0 0.7031 0.0918 0.0156 0.0279
0 0.6855 0.1358 0.0156 0.0308
0 0.6216 0.1571 0.0166 0.0264
0 0.5684 0.1703 0.0176 0.0264
0 0.6118 0.2107 0.0166 0.0308
0 0.6357 0.2166 0.0176 0.0308
0 0.6558 0.1975 0.0146 0.025
0 0.6802 0.174 0.0186 0.0279
0 0.7363 0.174 0.0137 0.0279
0 0.7783 0.1667 0.0156 0.0279
0 0.6455 0.2372 0.0176 0.0308
0 0.6631 0.2327 0.0156 0.0279
0 0.6729 0.2658 0.0176 0.0323
0 0.5962 0.2562 0.0186 0.0396
0 0.5771 0.2834 0.0176 0.0382
0 0.5996 0.2885 0.0176 0.0338
0 0.6294 0.2805 0.0166 0.0352
0 0.5571 0.3238 0.0166 0.0308
0 0.583 0.3399 0.0176 0.0338
0 0.6055 0.3399 0.0156 0.0279
0 0.6206 0.3304 0.0166 0.0323
0 0.6646 0.3245 0.0166 0.0382
0 0.6211 0.3664 0.0156 0.0367
0 0.6504 0.3921 0.0176 0.0352
0 0.7246 0.3348 0.0195 0.0382
0 0.6953 0.3003 0.0176 0.0308
0 0.7021 0.2695 0.0176 0.0367
0 0.7246 0.2665 0.0176 0.0367
0 0.7144 0.2562 0.0166 0.0308
0 0.7588 0.2768 0.0156 0.0308
0 0.7437 0.3216 0.0127 0.0352
0 0.7598 0.3267 0.0156 0.0367
0 0.7632 0.3862 0.0166 0.0323
0 0.7739 0.3223 0.0146 0.0338
0 0.7686 0.2423 0.0156 0.0264
0 0.5327 0.4112 0.0244 0.0411
0 0.5381 0.5352 0.0215 0.0367
0 0.5908 0.5345 0.0215 0.0382
0 0.6538 0.5242 0.0244 0.0411
0 0.6592 0.4978 0.0215 0.0411
0 0.668 0.428 0.0215 0.0455
0 0.7837 0.4758 0.0225 0.047
0 0.7271 0.569 0.0244 0.0455
0 0.731 0.5132 0.0166 0.0455
0 0.8081 0.4273 0.0205 0.0323
0 0.7925 0.4347 0.0166 0.0323
0 0.8442 0.467 0.0186 0.0352
0 0.8188 0.5081 0.0205 0.0382
0 0.8057 0.5705 0.0215 0.0367
0 0.8657 0.5668 0.0225 0.0411
0 0.8223 0.5587 0.0215 0.0485
0 0.8672 0.4985 0.0234 0.0367
0 0.8911 0.4816 0.0205 0.0352
0 0.8574 0.4317 0.0195 0.0264
0 0.9238 0.5294 0.0215 0.0426
0 0.7305 0.4721 0.0195 0.0308
0 0.9019 0.4354 0.0127 0.0279
0 0.9302 0.467 0.0205 0.0411
0 0.8042 0.3436 0.0186 0.0294
0 0.9565 0.5198 0.0205 0.0323
0 0.937 0.58 0.0225 0.0441
0 0.9736 0.6314 0.0273 0.047
0 0.9565 0.4383 0.0186 0.0338
0 0.9814 0.4596 0.0234 0.0411
0 0.9321 0.4192 0.0166 0.0338
0 0.9155 0.3899 0.0166 0.0279
0 0.9277 0.3693 0.0176 0.0308
0 0.9517 0.3539 0.0186 0.0382
0 0.9663 0.3245 0.0166 0.0294
0 0.9878 0.3333 0.0166 0.0382
0 0.9761 0.3921 0.0146 0.0411
0 0.9849 0.4009 0.0146 0.0323
0 0.9058 0.3194 0.0146 0.0338
0 0.876 0.3091 0.0176 0.0338
0 0.8301 0.464 0.0195 0.0382
0 0.7402 0.0903 0.0117 0.022
0 0.7642 0.0485 0.0127 0.0235
0 0.7178 0.0595 0.0117 0.025
0 0.769 0.0969 0.0146 0.0264
0 0.7676 0.1138 0.0137 0.0279
0 0.7788 0.1468 0.0166 0.0294
0 0.793 0.1263 0.0137 0.0264
0 0.7925 0.0485 0.0146 0.0235
0 0.8364 0.1006 0.0146 0.025
0 0.8096 0.1938 0.0176 0.0294
0 0.8398 0.1821 0.0156 0.0323
0 0.8486 0.1843 0.0137 0.0279
0 0.8569 0.1579 0.0146 0.0279
0 0.8462 0.0727 0.0146 0.0279
0 0.8682 0.0881 0.0137 0.0264
0 0.8721 0.1366 0.0137 0.0264
0 0.8975 0.1285 0.0137 0.0279
0 0.7754 0.08 0.0137 0.022
0 0.7896 0.0631 0.0107 0.0206
0 0.8159 0.0837 0.0107 0.0206
0 0.9287 0.1028 0.0156 0.0294
0 0.9033 0.185 0.0176 0.0294
0 0.8706 0.1593 0.0166 0.025
0 0.8906 0.2819 0.0176 0.0352
0 0.9639 0.221 0.0176 0.0338
0 0.9668 0.1865 0.0156 0.0323
0 0.9331 0.2937 0.0146 0.0294
0 0.9619 0.2966 0.0156 0.0323
0 0.981 0.1586 0.0166 0.0294
0 0.9956 0.2261 0.0068 0.0235
0 0.9819 0.0874 0.0127 0.025
0 0.9858 0.1285 0.0127 0.0279
0 0.8867 0.0125 0.0137 0.025
0 0.9404 0.2283 0.0117 0.025
0 0.8857 0.2115 0.0137 0.0264
0 0.8105 0.1645 0.0156 0.0235
0 0.3999 0.7115 0.0303 0.0426
0 0.5347 0.746 0.0283 0.047
0 0.5894 0.721 0.0283 0.0558
0 0.6323 0.7217 0.0283 0.0543
0 0.0396 0.6843 0.0283 0.0441
0 0.4414 0.3781 0.0312 0.0631
0 0.334 0.4479 0.0195 0.0382
0 0.8467 0.0257 0.0098 0.0162
0 0.8633 0.0103 0.0117 0.0206
0 0.8184 0.022 0.0117 0.0206
0 0.7637 0.0051 0.0098 0.0132
0 0.856 0.0514 0.0107 0.0206
0 0.7295 0.0316 0.0117 0.0191
0 0.3291 0.3047 0.0137 0.0279
0 0.9941 0.2577 0.0078 0.025
0 0.5708 0.21 0.0127 0.0206
0 0.1294 0.0778 0.0107 0.0206
0 0.2061 0.0228 0.0156 0.022
