0 0.6797 0.451 0.0371 0.0586
0 0.0781 0.1325 0.0254 0.0454
0 0.165 0.1332 0.0215 0.041
0 0.2646 0.1486 0.0234 0.0425
0 0.3105 0.2643 0.0078 0.0161
0 0.2021 0.1215 0.0039 0.0088
0 0.2314 0.1332 0.0039 0.0088
0 0.2256 0.1266 0.0039 0.0073
0 0.1958 0.1193 0.0049 0.0102
0 0.2983 0.1376 0.0049 0.0088
0 0.2891 0.1318 0.0039 0.0117
0 0.2812 0.1215 0.0039 0.0088
0 0.3135 0.1054 0.0059 0.0088
0 0.3179 0.09 0.0049 0.0073
0 0.3633 0.0915 0.0039 0.0102
0 0.377 0.2306 0.0039 0.0073
0 0.3359 0.2233 0.0059 0.0102
0 0.2319 0.1201 0.0049 0.0088
