0 0.0879 0.3713 0.0957 0.0721
0 0.7446 0.5283 0.1162 0.0767
0 0.6558 0.4542 0.0615 0.0611
0 0.9453 0.6572 0.1074 0.1124
0 0.8643 0.424 0.1074 0.0747
0 0.9712 0.5071 0.0557 0.0682
0 0.9604 0.3473 0.0713 0.0682
0 0.8506 0.2943 0.0566 0.0494
0 0.1289 0.3324 0.0723 0.0578
0 0.2295 0.2459 0.0605 0.0513
0 0.4033 0.2401 0.166 0.128
0 0.729 0.2612 0.0674 0.0624
0 0.8027 0.1985 0.0645 0.0526
0 0.9473 0.204 0.0566 0.0481
0 0.9819 0.1524 0.0342 0.0474
0 0.9536 0.0926 0.042 0.0344
0 0.5596 0.1459 0.0488 0.0435
0 0.75 0.1212 0.0469 0.037
0 0.2061 0.1118 0.041 0.0325
0 0.5444 0.053 0.0361 0.0279
0 0.5923 0.2352 0.0459 0.0364
0 0.6489 0.1121 0.0322 0.0292
0 0.689 0.0504 0.0381 0.0292
0 0.8477 0.0575 0.0352 0.0266
0 0.9141 0.0767 0.0332 0.0286
0 0.1704 0.076 0.0342 0.0221
0 0.2397 0.0403 0.0303 0.026
0 0.5039 0.0926 0.0254 0.0266
0 0.4458 0.0851 0.0205 0.0182
0 0.1514 0.2001 0.0352 0.0286
0 0.7417 0.0377 0.0322 0.0221
0 0.9585 0.0445 0.0361 0.0318
0 0.2656 0.0864 0.0273 0.0286
0 0.1626 0.0439 0.0459 0.0292
0 0.3071 0.0383 0.0322 0.0208
0 0.3564 0.0455 0.0273 0.0208
0 0.0093 0.6225 0.0205 0.0988
