0 0.1733 0.401 0.0107 0.0214
0 0.271 0.4117 0.0166 0.0285
0 0.3081 0.4316 0.0166 0.0228
0 0.3076 0.3405 0.0098 0.0199
0 0.3335 0.3632 0.0107 0.0228
0 0.4556 0.4387 0.0225 0.0399
0 0.4976 0.4566 0.0225 0.0385
0 0.6045 0.4409 0.0273 0.0556
0 0.3779 0.3454 0.0078 0.0157
0 0.4111 0.3283 0.0078 0.0157
0 0.395 0.416 0.0146 0.0256
0 0.3662 0.4202 0.0137 0.0256
0 0.3311 0.3276 0.0098 0.0142
0 0.335 0.3412 0.0078 0.0157
0 0.4922 0.3226 0.0098 0.0185
0 0.8506 0.5043 0.0332 0.0655
0 0.6909 0.3212 0.0107 0.0157
0 0.8486 0.2927 0.0078 0.0214
0 0.9131 0.3205 0.0078 0.0171
0 0.0981 0.4074 0.0146 0.0256
0 0.1826 0.4202 0.0137 0.0256
0 0.1245 0.3661 0.0088 0.0199
0 0.0928 0.3789 0.0098 0.0199
0 0.2422 0.3504 0.0117 0.0256
0 0.3247 0.3775 0.0107 0.0199
0 0.2817 0.3917 0.0107 0.0199
