0 0.9668 0.3846 0.0137 0.0385
0 0.9316 0.3579 0.0156 0.0491
0 0.8657 0.3782 0.0127 0.0427
0 0.8271 0.3504 0.0156 0.047
0 0.7432 0.328 0.0156 0.0406
0 0.6943 0.3248 0.0098 0.0299
0 0.6499 0.3483 0.0068 0.0171
0 0.604 0.3301 0.0049 0.015
0 0.5278 0.2799 0.0107 0.0385
0 0.4106 0.2874 0.0088 0.0278
0 0.4272 0.2682 0.0068 0.0235
0 0.3818 0.2874 0.0078 0.0278
0 0.3911 0.2735 0.0068 0.0256
0 0.3613 0.2778 0.0078 0.0256
0 0.1055 0.2115 0.0117 0.0342
0 0.145 0.2179 0.0127 0.0342
0 0.2637 0.2703 0.0117 0.0278
0 0.3042 0.2724 0.0107 0.0278
0 0.0518 0.1827 0.0117 0.0406
0 0.0127 0.188 0.0117 0.0427
0 0.0337 0.1816 0.0107 0.047
0 0.5806 0.3237 0.0068 0.0192
0 0.5728 0.3205 0.0068 0.0214
0 0.6147 0.3237 0.0068 0.0192
0 0.6353 0.3344 0.0068 0.0192
0 0.5474 0.3536 0.0068 0.0278
0 0.2051 0.2671 0.0078 0.0256
0 0.4717 0.3184 0.0078 0.0171
0 0.4756 0.3098 0.0059 0.0171
0 0.4858 0.3248 0.0088 0.0256
0 0.4009 0.265 0.0068 0.0214
0 0.4385 0.2778 0.0098 0.0299
