0 0.0127 0.227 0.0156 0.0517
0 0.0703 0.2452 0.0137 0.0383
0 0.0557 0.1791 0.0137 0.0479
0 0.084 0.182 0.0156 0.0383
0 0.1113 0.1839 0.0195 0.0383
0 0.1494 0.1782 0.0156 0.0307
0 0.1914 0.182 0.0176 0.0383
0 0.2329 0.1791 0.0127 0.0364
0 0.2632 0.1437 0.0166 0.0307
0 0.291 0.1667 0.0098 0.0307
0 0.3301 0.1734 0.0098 0.0249
0 0.3623 0.1667 0.0117 0.0307
0 0.4102 0.1552 0.0098 0.023
0 0.4131 0.1102 0.0117 0.0249
0 0.4351 0.1351 0.0088 0.0249
0 0.458 0.1552 0.0078 0.023
0 0.4917 0.0958 0.0107 0.0307
0 0.5151 0.16 0.0107 0.0249
0 0.5723 0.1149 0.0117 0.0345
0 0.5439 0.09 0.0137 0.0307
0 0.6055 0.0996 0.0117 0.0268
0 0.6021 0.159 0.0107 0.023
0 0.6519 0.0862 0.001 0.0
0 0.6567 0.1015 0.0127 0.0307
0 0.6431 0.1494 0.0107 0.023
0 0.6724 0.1466 0.0088 0.0172
0 0.6987 0.1322 0.0088 0.023
0 0.7471 0.0699 0.0137 0.0326
0 0.7495 0.158 0.0127 0.0287
0 0.7769 0.0699 0.0127 0.0326
0 0.8052 0.0948 0.0146 0.0364
0 0.7827 0.1351 0.0127 0.0364
0 0.8384 0.1418 0.0166 0.0345
0 0.8706 0.0948 0.0127 0.0326
0 0.8721 0.1954 0.0117 0.0268
0 0.9722 0.1686 0.0166 0.0383
0 0.9185 0.1389 0.0107 0.0326
0 0.9194 0.1925 0.0127 0.0364
0 0.0649 0.1456 0.0166 0.0345
0 0.7983 0.1427 0.0107 0.0287
0 0.8574 0.1504 0.0137 0.0287
