0 0.4077 0.3594 0.0049 0.0102
0 0.4224 0.3536 0.0068 0.0102
0 0.4316 0.3514 0.0059 0.0088
0 0.4834 0.4048 0.0137 0.022
0 0.5488 0.3887 0.0117 0.019
0 0.5186 0.4063 0.0078 0.0102
0 0.6338 0.3521 0.0156 0.0307
0 0.6289 0.3902 0.0176 0.0337
0 0.7529 0.3734 0.0098 0.0176
0 0.9941 0.3624 0.0098 0.0249
0 0.9277 0.407 0.0059 0.0088
0 0.8638 0.4107 0.0049 0.0073
0 0.2183 0.4004 0.0068 0.0132
0 0.2461 0.407 0.0078 0.0117
0 0.1143 0.3404 0.0078 0.0132
0 0.1362 0.3836 0.0068 0.0117
0 0.1553 0.3704 0.0078 0.0117
0 0.1792 0.4114 0.0068 0.0117
0 0.1558 0.4056 0.0068 0.0117
0 0.1543 0.4407 0.0117 0.0176
0 0.1187 0.5337 0.0127 0.0161
0 0.1875 0.4854 0.0098 0.0161
0 0.2686 0.4619 0.0078 0.0132
0 0.2446 0.4217 0.0107 0.0176
0 0.3276 0.3865 0.0107 0.0205
0 0.3594 0.4693 0.0059 0.0132
0 0.2769 0.4041 0.0068 0.0117
0 0.2837 0.3748 0.0049 0.0088
0 0.2954 0.3829 0.0068 0.0102
0 0.2656 0.369 0.0059 0.0117
0 0.2427 0.3704 0.0068 0.0117
0 0.2549 0.3199 0.0059 0.0102
0 0.2144 0.3514 0.0068 0.0088
0 0.2041 0.3455 0.0059 0.0088
0 0.2153 0.317 0.0068 0.0102
0 0.3032 0.3265 0.0049 0.0088
0 0.3433 0.3389 0.0049 0.0102
0 0.3638 0.3499 0.0068 0.0088
0 0.3779 0.3829 0.0059 0.0073
0 0.3857 0.3814 0.0059 0.0102
0 0.0688 0.6208 0.0205 0.0703
0 0.5566 0.3426 0.0078 0.0117
0 0.7773 0.3975 0.0059 0.0102
0 0.0083 0.3741 0.0088 0.0102
0 0.3384 0.4063 0.0088 0.0132
0 0.3354 0.3873 0.0088 0.0132
0 0.4658 0.325 0.0039 0.0088
0 0.0259 0.5293 0.0107 0.019
0 0.4629 0.396 0.0059 0.0102
0 0.7969 0.3668 0.0098 0.019
0 0.8296 0.4224 0.0049 0.0073
