0 0.7939 0.5585 0.0488 0.1152
0 0.8784 0.4597 0.0342 0.0825
0 0.6133 0.5729 0.0469 0.1056
0 0.561 0.4098 0.0439 0.1017
0 0.4688 0.4942 0.0371 0.0749
0 0.4224 0.5614 0.0498 0.1017
0 0.3457 0.4626 0.0371 0.1036
0 0.3047 0.4587 0.041 0.096
0 0.4731 0.7985 0.0596 0.1113
0 0.6885 0.8944 0.084 0.1497
0 0.1685 0.499 0.0381 0.0691
0 0.2432 0.4664 0.0312 0.0653
0 0.0239 0.4578 0.04 0.0633
0 0.0757 0.6305 0.0361 0.0787
0 0.1499 0.405 0.0283 0.0653
0 0.2095 0.8321 0.0576 0.1132
0 0.1162 0.7841 0.043 0.0902
0 0.4697 0.9472 0.0684 0.1017
0 0.9517 0.6372 0.0303 0.0691
0 0.0786 0.9203 0.1006 0.1555
0 0.7378 0.4981 0.0342 0.0902
