0 0.0239 0.3774 0.0166 0.0205
0 0.165 0.3926 0.0176 0.0215
0 0.2681 0.333 0.0205 0.0254
0 0.3081 0.4014 0.0127 0.0156
0 0.0615 0.5093 0.0371 0.04
0 0.1416 0.561 0.0371 0.042
0 0.1211 0.5181 0.0332 0.04
0 0.2119 0.5103 0.0312 0.0342
0 0.291 0.5327 0.0293 0.0322
0 0.3242 0.4492 0.0117 0.0176
0 0.4126 0.4497 0.0166 0.0186
0 0.3799 0.4321 0.0098 0.0107
0 0.4683 0.4385 0.0107 0.0117
0 0.4937 0.4497 0.0088 0.0107
0 0.5361 0.4058 0.0176 0.0205
0 0.6108 0.3965 0.0146 0.0176
0 0.5723 0.5181 0.0215 0.0244
0 0.5308 0.5205 0.0166 0.0254
0 0.4902 0.522 0.0215 0.0303
0 0.3716 0.5391 0.0225 0.0254
0 0.7651 0.459 0.0107 0.0117
0 0.7046 0.3975 0.0146 0.0137
0 0.8608 0.5156 0.0186 0.0176
0 0.8828 0.5532 0.0176 0.0205
0 0.8301 0.521 0.0156 0.0186
0 0.8428 0.5693 0.0215 0.0176
0 0.8032 0.562 0.0244 0.0244
0 0.9614 0.5518 0.0205 0.0176
0 0.9097 0.563 0.0166 0.0205
0 0.9551 0.6582 0.0273 0.0312
0 0.9741 0.6396 0.0186 0.0234
0 0.9102 0.6562 0.0312 0.0332
0 0.8628 0.6646 0.0283 0.0322
0 0.8135 0.666 0.0352 0.0352
0 0.9287 0.541 0.0137 0.0156
0 0.7646 0.5244 0.0176 0.0195
0 0.7695 0.5693 0.0195 0.0215
0 0.7358 0.522 0.0186 0.0186
0 0.7021 0.5225 0.0195 0.0215
0 0.6592 0.5264 0.0215 0.0234
0 0.6348 0.5498 0.0352 0.0371
0 0.6689 0.583 0.0234 0.0254
0 0.6924 0.5645 0.0215 0.0273
0 0.709 0.707 0.0371 0.0371
0 0.6421 0.6899 0.0381 0.04
0 0.5361 0.7441 0.0391 0.043
0 0.5229 0.5767 0.0322 0.0322
0 0.4292 0.5435 0.0205 0.0264
0 0.582 0.4521 0.0078 0.0117
0 0.4561 0.749 0.043 0.0586
0 0.4316 0.5825 0.0352 0.0439
0 0.3579 0.5913 0.0342 0.042
0 0.3652 0.7793 0.0488 0.0547
0 0.0356 0.6147 0.0498 0.0615
0 0.6147 0.5269 0.0264 0.0342
0 0.7168 0.5571 0.0273 0.0361
0 0.7432 0.4482 0.0098 0.0117
0 0.2686 0.5806 0.041 0.0479
