0 0.3931 0.0735 0.0166 0.0262
0 0.4458 0.149 0.0244 0.0564
0 0.3599 0.2657 0.0908 0.1142
0 0.2847 0.1168 0.0303 0.0551
0 0.0962 0.2047 0.0791 0.1181
0 0.0728 0.5676 0.1123 0.2323
0 0.6558 0.0735 0.0107 0.0184
0 0.9551 0.1247 0.0371 0.0525
0 0.8384 0.1043 0.0186 0.0302
0 0.7959 0.1115 0.0293 0.0525
0 0.7202 0.2933 0.0928 0.1719
0 0.8901 0.5794 0.1104 0.2244
0 0.7627 0.0873 0.0117 0.0223
0 0.6001 0.1404 0.0322 0.0577
0 0.5493 0.1017 0.0283 0.0407
0 0.6636 0.0965 0.0127 0.0171
0 0.4727 0.0761 0.0156 0.0262
0 0.2192 0.0322 0.0107 0.0197
0 0.5254 0.0978 0.0117 0.0249
0 0.3442 0.0696 0.0146 0.021
0 0.915 0.0873 0.0117 0.0197
0 0.9238 0.0676 0.0117 0.0197
