0 0.1426 0.1975 0.0234 0.0442
0 0.1035 0.2607 0.0293 0.0537
0 0.1816 0.2986 0.0254 0.0506
0 0.2129 0.2654 0.0215 0.0442
0 0.29 0.2338 0.0234 0.0411
0 0.3662 0.2812 0.0234 0.0474
0 0.4102 0.316 0.0234 0.0537
0 0.4395 0.2235 0.0215 0.0458
0 0.4736 0.327 0.0234 0.0474
0 0.3955 0.3934 0.0254 0.0506
0 0.3154 0.4202 0.0254 0.0569
0 0.2642 0.3112 0.0244 0.0506
0 0.2378 0.4352 0.0264 0.0521
0 0.3257 0.3381 0.0225 0.0474
0 0.1577 0.4329 0.0264 0.0569
0 0.1416 0.5032 0.0312 0.0585
0 0.3291 0.5284 0.0273 0.0585
0 0.416 0.5427 0.0312 0.0553
0 0.2329 0.5387 0.0283 0.0632
0 0.0557 0.4818 0.0312 0.06
0 0.5796 0.2457 0.0225 0.0395
0 0.6509 0.2709 0.0205 0.0427
0 0.6665 0.316 0.0244 0.0506
0 0.7466 0.3294 0.0244 0.0458
0 0.7256 0.2267 0.0215 0.0395
0 0.7915 0.4044 0.0244 0.0537
0 0.5884 0.5047 0.0264 0.0585
0 0.6733 0.5221 0.0283 0.0553
0 0.6821 0.4186 0.0225 0.0474
0 0.7705 0.5103 0.0254 0.06
0 0.8696 0.5063 0.0283 0.0553
0 0.5737 0.4336 0.0244 0.0553
0 0.4907 0.4131 0.0283 0.0521
0 0.502 0.564 0.0273 0.06
0 0.5894 0.3191 0.0244 0.0474
0 0.5059 0.2283 0.0234 0.0521
