0 0.146 0.2463 0.0459 0.0831
0 0.0337 0.1209 0.0166 0.0371
0 0.0835 0.2248 0.042 0.0638
0 0.1128 0.1335 0.0186 0.0356
0 0.0679 0.0898 0.0205 0.0371
0 0.1406 0.1135 0.0156 0.0371
0 0.1562 0.1135 0.0137 0.0252
0 0.1821 0.1476 0.0225 0.0341
0 0.1558 0.0994 0.0186 0.0326
0 0.2383 0.0668 0.0078 0.0148
0 0.2324 0.135 0.0176 0.0326
0 0.2754 0.1306 0.0117 0.0208
0 0.2964 0.1217 0.0068 0.0119
0 0.3198 0.1424 0.0244 0.0415
0 0.396 0.1751 0.0264 0.0326
0 0.4077 0.1187 0.0107 0.0148
0 0.4463 0.1728 0.0156 0.0401
0 0.4424 0.1313 0.0117 0.0104
0 0.4702 0.1499 0.0146 0.0297
0 0.5605 0.0875 0.0176 0.0237
0 0.5864 0.0757 0.0107 0.0208
0 0.6318 0.0831 0.0078 0.0148
0 0.6587 0.0727 0.0107 0.0178
0 0.6553 0.1091 0.0176 0.0312
0 0.645 0.1424 0.0205 0.0326
0 0.6045 0.1098 0.0098 0.0178
0 0.7349 0.1224 0.0186 0.0341
0 0.7021 0.1625 0.0176 0.0341
0 0.5786 0.1313 0.0107 0.0163
0 0.5767 0.1602 0.0166 0.0356
0 0.6016 0.2144 0.0293 0.043
0 0.5215 0.1973 0.0195 0.0267
0 0.4829 0.2893 0.0264 0.0356
0 0.8252 0.1276 0.0156 0.0445
0 0.7856 0.1573 0.0146 0.0326
0 0.7949 0.2307 0.0352 0.0608
0 0.4463 0.5378 0.0312 0.0668
0 0.8745 0.5668 0.0342 0.0593
0 0.7759 0.5312 0.0303 0.0623
