0 0.5137 0.1457 0.0039 0.0111
0 0.4854 0.1521 0.0059 0.0111
0 0.4541 0.1688 0.0059 0.0096
0 0.4902 0.2285 0.0234 0.0557
0 0.5171 0.199 0.0088 0.0223
0 0.5537 0.1744 0.0137 0.0239
0 0.6338 0.2221 0.0215 0.0494
0 0.5562 0.289 0.0322 0.0557
0 0.7627 0.2596 0.043 0.0924
0 0.7358 0.1521 0.0088 0.0143
0 0.7871 0.2118 0.0352 0.0701
0 0.7236 0.2826 0.0566 0.1162
0 0.625 0.2556 0.0234 0.0525
0 0.6025 0.3424 0.0449 0.1019
0 0.5332 0.3798 0.0586 0.1322
0 0.4814 0.2962 0.0312 0.086
0 0.4131 0.2532 0.0254 0.051
0 0.3154 0.2588 0.0117 0.0239
0 0.3579 0.3559 0.0635 0.1481
0 0.4268 0.3416 0.0312 0.0748
0 0.269 0.2707 0.0127 0.0318
0 0.2671 0.3232 0.0146 0.035
0 0.2422 0.3304 0.0137 0.0303
0 0.1694 0.2667 0.0088 0.0175
0 0.1899 0.3225 0.0264 0.0494
0 0.0615 0.3129 0.0078 0.0143
0 0.0439 0.3416 0.0078 0.0271
0 0.1138 0.3885 0.042 0.0764
0 0.0933 0.4658 0.0674 0.1226
0 0.0308 0.4371 0.0381 0.0685
0 0.2271 0.5056 0.085 0.1768
0 0.1519 0.41 0.0518 0.0971
0 0.1738 0.3209 0.0195 0.0366
0 0.0273 0.5717 0.0566 0.2261
0 0.5278 0.8049 0.1475 0.2755
0 0.8735 0.4188 0.1064 0.1975
0 0.9004 0.301 0.0508 0.1051
0 0.9775 0.328 0.043 0.1783
0 0.8237 0.2412 0.0283 0.0621
0 0.6611 0.4299 0.0703 0.1656
0 0.5068 0.2293 0.0078 0.0318
