0 0.0215 0.3204 0.0391 0.0654
0 0.0869 0.3463 0.0508 0.0685
0 0.1196 0.3227 0.0361 0.0852
0 0.2334 0.2412 0.0352 0.0807
0 0.2676 0.3097 0.043 0.0776
0 0.1855 0.3181 0.0352 0.0609
0 0.333 0.2793 0.0273 0.0563
0 0.3628 0.2968 0.042 0.0852
0 0.4463 0.2763 0.0254 0.0624
0 0.4814 0.29 0.043 0.0837
0 0.5933 0.2481 0.0381 0.0731
0 0.5576 0.258 0.0293 0.0594
0 0.5469 0.2801 0.0273 0.0548
0 0.7148 0.2884 0.0371 0.0624
0 0.7031 0.2306 0.0293 0.0533
0 0.7344 0.2648 0.0215 0.0518
0 0.7944 0.2496 0.0166 0.0365
0 0.8281 0.2496 0.0449 0.0822
0 0.8926 0.2527 0.0254 0.0457
0 0.9805 0.2283 0.0371 0.0639
0 0.3096 0.309 0.0195 0.0396
