0 0.0469 0.4451 0.0156 0.0361
0 0.0601 0.4549 0.0127 0.0226
0 0.0972 0.4699 0.0107 0.0226
0 0.1533 0.4391 0.0156 0.0331
0 0.1636 0.4466 0.0107 0.0271
0 0.1753 0.4383 0.0088 0.0195
0 0.2227 0.4165 0.0176 0.0331
0 0.269 0.4474 0.0205 0.0376
0 0.3086 0.4466 0.0156 0.0361
0 0.3809 0.4489 0.0176 0.0286
0 0.4136 0.4421 0.0166 0.0301
0 0.4453 0.4248 0.0215 0.0436
0 0.5269 0.4383 0.0146 0.0346
0 0.5776 0.4511 0.0166 0.0331
0 0.5645 0.4383 0.0098 0.0165
0 0.6582 0.4256 0.0195 0.0421
0 0.7148 0.4316 0.0078 0.015
0 0.7329 0.4541 0.0166 0.0301
0 0.8018 0.4376 0.0176 0.0391
0 0.8389 0.4459 0.0117 0.0256
0 0.0034 0.4586 0.0088 0.0271
