0 0.1304 0.4453 0.0264 0.0495
0 0.3193 0.4987 0.0215 0.0469
0 0.416 0.4954 0.0215 0.043
0 0.4951 0.4883 0.0234 0.0469
0 0.4141 0.4199 0.0176 0.0404
0 0.3467 0.4395 0.0195 0.043
0 0.0479 0.4518 0.0234 0.0521
0 0.0518 0.3477 0.0117 0.026
0 0.228 0.4766 0.0225 0.0495
0 0.2285 0.502 0.0 0.0013
0 0.2607 0.4108 0.0156 0.0352
0 0.3677 0.3965 0.0146 0.0299
0 0.4653 0.4108 0.0186 0.0299
0 0.4375 0.4811 0.0195 0.043
0 0.5107 0.4557 0.0195 0.0417
0 0.5327 0.4688 0.0225 0.0443
0 0.5669 0.4915 0.0225 0.0482
0 0.5532 0.4382 0.0166 0.0299
0 0.4043 0.377 0.0098 0.0195
0 0.5405 0.3913 0.0146 0.0299
0 0.292 0.3724 0.0137 0.0339
0 0.3604 0.3711 0.0117 0.0208
0 0.4497 0.3978 0.0127 0.0299
0 0.6011 0.472 0.0146 0.0221
0 0.5796 0.3952 0.0107 0.0273
0 0.6313 0.4538 0.0166 0.0352
0 0.6724 0.4928 0.0225 0.043
0 0.749 0.4974 0.0215 0.0469
0 0.8232 0.5065 0.0234 0.0521
0 0.8955 0.5046 0.0234 0.0404
0 0.9678 0.4954 0.0195 0.043
0 0.938 0.4466 0.0166 0.0339
0 0.876 0.4486 0.0176 0.0326
0 0.8354 0.4251 0.0186 0.0456
0 0.7656 0.429 0.0176 0.0299
0 0.686 0.4258 0.0225 0.0443
0 0.7212 0.4316 0.0127 0.0299
0 0.73 0.474 0.0186 0.0391
0 0.6606 0.4076 0.0146 0.0286
0 0.7451 0.6152 0.0176 0.0247
0 0.2246 0.6211 0.0176 0.0234
0 0.1392 0.6094 0.0146 0.0234
0 0.7925 0.4336 0.0088 0.0182
0 0.7407 0.4134 0.0068 0.0143
0 0.7363 0.3828 0.0059 0.013
0 0.7183 0.3926 0.0088 0.0143
0 0.6709 0.3887 0.0078 0.0169
0 0.3618 0.3568 0.0049 0.013
0 0.332 0.4238 0.0156 0.0299
0 0.2241 0.3613 0.0166 0.0221
0 0.1509 0.429 0.0127 0.0273
0 0.0859 0.3613 0.0117 0.0195
0 0.8149 0.4219 0.0088 0.0182
0 0.6841 0.3717 0.0068 0.0117
0 0.6079 0.3971 0.0127 0.0208
0 0.6318 0.3984 0.0098 0.0182
