0 0.9263 0.2513 0.0986 0.1432
0 0.8086 0.2077 0.0977 0.1497
0 0.9048 0.0195 0.0479 0.0417
0 0.7471 0.0189 0.0469 0.0404
0 0.4038 0.2884 0.1201 0.2096
0 0.5215 0.1595 0.0547 0.0846
0 0.52 0.0384 0.0342 0.0612
0 0.2993 0.1432 0.0654 0.1016
0 0.3149 0.2806 0.1064 0.1628
0 0.2534 0.0508 0.0303 0.0495
0 0.2925 0.0332 0.0244 0.0404
0 0.4136 0.0299 0.0166 0.026
0 0.3711 0.0221 0.0176 0.0286
0 0.4814 0.0169 0.0234 0.0365
0 0.3428 0.0391 0.0195 0.0286
0 0.1396 0.0514 0.0176 0.0378
0 0.0776 0.0775 0.0576 0.0898
0 0.021 0.2956 0.0439 0.1406
0 0.0234 0.1855 0.0488 0.1602
0 0.168 0.026 0.0137 0.0208
0 0.1841 0.0371 0.0146 0.0247
0 0.312 0.0371 0.0186 0.0326
0 0.0352 0.0397 0.0176 0.0326
0 0.0654 0.1823 0.0762 0.1094
