0 0.106 0.4751 0.0127 0.0234
0 0.0713 0.4605 0.0098 0.0234
0 0.0488 0.4532 0.0117 0.0263
0 0.0371 0.413 0.0117 0.0219
0 0.0249 0.3947 0.0107 0.0205
0 0.1699 0.432 0.0098 0.0219
0 0.1104 0.3991 0.0078 0.0205
0 0.1309 0.3173 0.0098 0.0234
0 0.1431 0.3896 0.0186 0.0249
0 0.2192 0.3808 0.0088 0.0219
0 0.2075 0.3501 0.0107 0.019
0 0.2661 0.3268 0.0068 0.0161
0 0.2896 0.3268 0.0088 0.0132
0 0.2212 0.4057 0.0107 0.0161
0 0.1948 0.4583 0.0107 0.0249
0 0.1201 0.3618 0.0098 0.0249
0 0.187 0.4057 0.0107 0.0249
0 0.2808 0.4532 0.0107 0.0234
0 0.2329 0.4225 0.0088 0.0205
0 0.2275 0.4781 0.0117 0.0234
0 0.2515 0.4846 0.0146 0.0219
0 0.2842 0.5015 0.0137 0.0263
0 0.3433 0.402 0.0107 0.0205
0 0.3882 0.4993 0.0127 0.0278
0 0.4497 0.4978 0.0127 0.0219
0 0.3872 0.3882 0.0107 0.019
0 0.4116 0.3779 0.0107 0.019
0 0.4536 0.3794 0.0107 0.0161
0 0.4805 0.3867 0.0078 0.0161
0 0.2573 0.5446 0.0146 0.0249
0 0.2246 0.549 0.0117 0.0249
0 0.2236 0.5124 0.0137 0.0219
0 0.3169 0.4605 0.0146 0.0292
0 0.3608 0.4393 0.0107 0.019
0 0.2607 0.3772 0.0137 0.0205
0 0.2793 0.3757 0.0137 0.0205
0 0.3428 0.5826 0.0156 0.0219
0 0.5181 0.5585 0.0146 0.0205
0 0.5469 0.424 0.0117 0.0175
0 0.5889 0.4159 0.0117 0.0249
0 0.6143 0.4211 0.0098 0.0263
0 0.6084 0.3699 0.0117 0.0205
0 0.5322 0.402 0.0078 0.0175
0 0.6147 0.5336 0.0127 0.0205
0 0.5791 0.4956 0.0117 0.0234
0 0.4546 0.6155 0.0186 0.0322
0 0.4268 0.614 0.0176 0.0234
0 0.3813 0.6228 0.0186 0.0292
0 0.5981 0.5753 0.0146 0.0278
0 0.6436 0.5789 0.0156 0.0292
0 0.5259 0.6162 0.0166 0.0249
0 0.48 0.5958 0.0166 0.0307
0 0.603 0.4466 0.0107 0.0278
0 0.5171 0.5197 0.0107 0.019
0 0.792 0.3531 0.0098 0.0219
0 0.8296 0.3567 0.0088 0.0205
0 0.7114 0.4401 0.0127 0.0234
0 0.6875 0.443 0.0117 0.0263
0 0.6807 0.5058 0.0156 0.0263
0 0.7329 0.519 0.0127 0.0234
0 0.731 0.4876 0.0127 0.0249
0 0.7588 0.4832 0.0117 0.0249
0 0.7739 0.5336 0.0146 0.0234
0 0.8057 0.5205 0.0117 0.0175
0 0.7988 0.5768 0.0137 0.0307
0 0.7891 0.595 0.0156 0.0263
0 0.7427 0.5826 0.0166 0.0249
0 0.7588 0.5877 0.0176 0.0292
0 0.6592 0.5819 0.0117 0.0263
0 0.877 0.3947 0.0137 0.0175
0 0.8174 0.4313 0.0137 0.0205
0 0.874 0.5512 0.0117 0.0263
0 0.7632 0.3984 0.0107 0.019
0 0.8662 0.462 0.0117 0.0263
0 0.8936 0.3056 0.0098 0.0205
0 0.8828 0.3414 0.0098 0.0219
0 0.8125 0.3589 0.0117 0.019
0 0.9731 0.5972 0.0166 0.0395
0 0.9717 0.5577 0.0117 0.0249
0 0.8838 0.5694 0.0156 0.0307
0 0.8477 0.5738 0.0117 0.0278
0 0.6636 0.6096 0.0146 0.0322
0 0.7109 0.6382 0.0176 0.0307
0 0.7593 0.6506 0.0166 0.0351
0 0.7681 0.6148 0.0146 0.0219
0 0.8389 0.6243 0.0156 0.0292
0 0.9238 0.6192 0.0156 0.0219
0 0.937 0.674 0.0186 0.0263
0 0.9712 0.6784 0.0146 0.0322
0 0.8594 0.6623 0.0195 0.038
0 0.9126 0.6659 0.0146 0.0278
0 0.6299 0.4898 0.0137 0.0175
0 0.0854 0.5958 0.0146 0.0278
0 0.0562 0.5892 0.0166 0.0292
0 0.0562 0.6155 0.0166 0.0205
0 0.1597 0.5292 0.0127 0.0263
0 0.1924 0.5636 0.0137 0.0307
0 0.1592 0.6133 0.0156 0.0278
0 0.1772 0.636 0.0146 0.0322
0 0.2007 0.6111 0.0107 0.0292
0 0.2192 0.6301 0.0127 0.038
0 0.1934 0.6462 0.0117 0.0322
0 0.1479 0.6455 0.0146 0.0249
0 0.1626 0.6725 0.0166 0.0292
0 0.1406 0.6974 0.0156 0.038
0 0.0864 0.6988 0.0166 0.0351
0 0.1318 0.7727 0.0176 0.0365
0 0.1592 0.7902 0.0195 0.0395
0 0.1855 0.7975 0.0352 0.095
0 0.1274 0.723 0.0205 0.0453
0 0.0269 0.7822 0.0186 0.038
0 0.019 0.8121 0.0186 0.0365
0 0.0708 0.5512 0.0146 0.0263
0 0.0054 0.5219 0.0068 0.0409
0 0.0488 0.6652 0.0176 0.0263
0 0.0801 0.6243 0.0176 0.0292
0 0.2466 0.6016 0.0186 0.0307
0 0.3115 0.598 0.0137 0.0322
0 0.3408 0.6389 0.0176 0.0351
0 0.2896 0.6301 0.0186 0.0234
0 0.2485 0.6499 0.0146 0.0395
0 0.2925 0.6762 0.0166 0.0307
0 0.3525 0.7127 0.0176 0.0365
0 0.2896 0.7076 0.0166 0.0263
0 0.269 0.7288 0.0205 0.0395
0 0.1475 0.5073 0.0117 0.0234
0 0.1812 0.4956 0.0146 0.0234
0 0.3877 0.7383 0.0195 0.038
0 0.3926 0.7968 0.0195 0.0351
0 0.397 0.6988 0.0146 0.0322
0 0.4053 0.6732 0.0156 0.0336
0 0.4941 0.6491 0.0156 0.0322
0 0.5171 0.6608 0.0166 0.0351
0 0.4917 0.6221 0.0127 0.0219
0 0.5767 0.7281 0.0186 0.0409
0 0.6792 0.6645 0.0107 0.0278
0 0.7012 0.6857 0.0117 0.0322
0 0.6313 0.6615 0.0127 0.0307
0 0.6074 0.6732 0.0137 0.0336
0 0.6387 0.7164 0.0176 0.038
0 0.5928 0.8187 0.0234 0.0409
0 0.875 0.7675 0.0195 0.0439
0 0.9238 0.7727 0.0176 0.0365
0 0.8901 0.8063 0.0166 0.0424
0 0.9253 0.848 0.0186 0.0351
0 0.894 0.8516 0.0186 0.0365
0 0.8276 0.7741 0.0186 0.0424
0 0.8501 0.7244 0.0146 0.0307
0 0.939 0.489 0.0107 0.0249
0 0.9424 0.4598 0.0117 0.0219
0 0.9614 0.3904 0.0088 0.0175
0 0.9629 0.318 0.0059 0.0132
0 0.9448 0.3107 0.0088 0.019
0 0.2559 0.7749 0.0176 0.0497
0 0.2896 0.7727 0.0186 0.0453
0 0.2695 0.8311 0.0215 0.0395
0 0.9351 0.7383 0.0166 0.0263
0 0.8916 0.7054 0.0176 0.0249
0 0.9268 0.5168 0.0078 0.0132
0 0.9541 0.5124 0.0117 0.0219
0 0.7466 0.4466 0.0146 0.0249
0 0.7329 0.3852 0.0146 0.019
0 0.8267 0.3224 0.0107 0.019
0 0.8052 0.6506 0.0127 0.0205
0 0.9507 0.6016 0.0146 0.0278
0 0.9873 0.5497 0.0098 0.0175
0 0.1406 0.5928 0.0137 0.0278
0 0.1406 0.5599 0.0137 0.0263
0 0.0337 0.5848 0.0146 0.0263
0 0.0298 0.7412 0.0127 0.0263
0 0.3262 0.6864 0.0098 0.0249
0 0.0239 0.5395 0.0127 0.0234
