0 0.9033 0.3736 0.0469 0.0997
0 0.8462 0.3512 0.0225 0.0376
0 0.7876 0.3772 0.0283 0.0549
0 0.728 0.349 0.0303 0.0592
0 0.7075 0.3107 0.0146 0.0289
0 0.6343 0.323 0.0264 0.0477
0 0.5879 0.3591 0.0215 0.039
0 0.5757 0.3331 0.0166 0.0275
0 0.4492 0.3324 0.0195 0.0434
0 0.3613 0.3707 0.0254 0.0477
0 0.333 0.3678 0.0156 0.0275
0 0.3896 0.3584 0.0176 0.0347
0 0.2725 0.3577 0.0117 0.0275
0 0.2593 0.3642 0.0127 0.0231
0 0.25 0.3396 0.0078 0.0145
0 0.2559 0.3259 0.0059 0.0159
0 0.2446 0.3548 0.0107 0.0217
0 0.2358 0.3533 0.0127 0.0246
0 0.2319 0.3598 0.0088 0.0173
0 0.2188 0.3598 0.0078 0.0145
0 0.1968 0.3699 0.0127 0.026
0 0.165 0.3699 0.0117 0.0231
0 0.1587 0.3642 0.0107 0.0202
0 0.127 0.3707 0.0117 0.0217
0 0.1152 0.375 0.0098 0.0246
0 0.1426 0.354 0.0078 0.0116
0 0.1436 0.3671 0.0059 0.0116
0 0.1523 0.3707 0.0059 0.013
0 0.0981 0.3757 0.0107 0.0202
0 0.0889 0.3743 0.0098 0.0202
0 0.0732 0.3829 0.0098 0.0173
0 0.167 0.349 0.0078 0.013
0 0.0186 0.3808 0.0098 0.0159
0 0.8828 0.3497 0.0156 0.0347
