0 0.9521 0.5012 0.0293 0.0362
0 0.9058 0.5743 0.0303 0.0424
0 0.8276 0.563 0.0322 0.0424
0 0.7778 0.5406 0.0205 0.035
0 0.9077 0.5268 0.0146 0.02
0 0.9897 0.5069 0.0088 0.0175
0 0.8579 0.5062 0.0146 0.0212
0 0.8481 0.5362 0.0166 0.0187
0 0.7925 0.5006 0.0166 0.025
0 0.8062 0.4869 0.0088 0.0175
0 0.748 0.5106 0.0176 0.0275
0 0.7148 0.4794 0.0137 0.0225
0 0.6934 0.4994 0.0156 0.0225
0 0.6748 0.4744 0.0137 0.02
0 0.668 0.5737 0.0254 0.0412
0 0.6621 0.5281 0.0195 0.035
0 0.627 0.4988 0.0176 0.0262
0 0.5957 0.4738 0.0117 0.0187
0 0.5801 0.5524 0.0254 0.0387
0 0.5757 0.5012 0.0127 0.0237
0 0.4854 0.5081 0.0156 0.0225
0 0.4556 0.5006 0.0205 0.035
0 0.417 0.5537 0.0273 0.0412
0 0.4033 0.5019 0.0137 0.0225
0 0.3369 0.5381 0.0215 0.0375
0 0.3687 0.5243 0.0205 0.0275
0 0.2974 0.5056 0.0225 0.035
0 0.3525 0.4831 0.0137 0.0175
0 0.3379 0.4707 0.0078 0.015
0 0.3706 0.4894 0.0068 0.0125
0 0.3774 0.4688 0.0088 0.0137
0 0.2305 0.54 0.0234 0.0412
0 0.1206 0.5312 0.0322 0.0462
0 0.1943 0.4963 0.0117 0.0162
0 0.2559 0.4819 0.0117 0.015
0 0.1484 0.505 0.0195 0.0262
0 0.0078 0.5412 0.0176 0.0387
0 0.0259 0.5069 0.0244 0.03
0 0.5317 0.5181 0.0166 0.03
