0 0.9111 0.3451 0.0469 0.0677
0 0.8496 0.3353 0.0332 0.0508
0 0.7456 0.362 0.0186 0.0312
0 0.7334 0.3809 0.0117 0.0247
0 0.7026 0.3965 0.0088 0.0143
0 0.6831 0.3828 0.0205 0.0365
0 0.6465 0.3887 0.0176 0.0273
0 0.6123 0.3809 0.0195 0.0326
0 0.5732 0.3639 0.0176 0.0326
0 0.5376 0.4056 0.0146 0.0299
0 0.521 0.3711 0.0166 0.0286
0 0.498 0.3848 0.0176 0.0273
0 0.4404 0.3802 0.0176 0.0312
0 0.3291 0.3822 0.0137 0.0169
0 0.3687 0.3952 0.0127 0.0221
0 0.3667 0.4883 0.0186 0.026
0 0.3843 0.4961 0.0166 0.026
0 0.4077 0.5104 0.0205 0.0339
0 0.4473 0.5195 0.0234 0.0312
0 0.5151 0.5371 0.0186 0.0247
0 0.7622 0.6719 0.04 0.0625
0 0.7012 0.5859 0.0293 0.0495
0 0.7373 0.5579 0.0176 0.0299
0 0.7676 0.5501 0.0176 0.0352
0 0.7559 0.5807 0.0137 0.0234
0 0.6641 0.5788 0.0195 0.0352
0 0.6284 0.5645 0.0205 0.0378
0 0.5938 0.5755 0.0215 0.0339
0 0.5664 0.5892 0.0254 0.0378
0 0.5708 0.6484 0.0303 0.0573
0 0.5234 0.6094 0.0332 0.0521
0 0.4492 0.5879 0.0254 0.0456
0 0.3828 0.6178 0.0293 0.0482
0 0.3271 0.5781 0.0254 0.0521
0 0.2876 0.5098 0.0264 0.0482
0 0.2563 0.5794 0.0303 0.0521
0 0.2393 0.5202 0.0195 0.0352
0 0.2529 0.5195 0.0176 0.0312
0 0.2036 0.5879 0.0342 0.056
0 0.1514 0.5221 0.0273 0.0469
0 0.1733 0.5404 0.0205 0.0312
0 0.1831 0.513 0.0264 0.0365
0 0.144 0.4759 0.0205 0.0299
0 0.1025 0.5208 0.0215 0.0417
0 0.1133 0.4928 0.0137 0.0221
0 0.0728 0.4206 0.0518 0.0938
0 0.312 0.4811 0.0107 0.0247
