0 0.0342 0.7141 0.0703 0.1114
0 0.1748 0.2544 0.0137 0.0249
0 0.186 0.25 0.0166 0.0279
0 0.1694 0.2185 0.0146 0.0235
0 0.2241 0.2236 0.0146 0.0279
0 0.2559 0.2067 0.0098 0.0117
0 0.2466 0.1957 0.0068 0.0132
0 0.2764 0.187 0.0059 0.0103
0 0.2729 0.2023 0.0068 0.0117
0 0.2891 0.2001 0.0078 0.0132
0 0.354 0.2111 0.0127 0.0205
0 0.3296 0.1957 0.0088 0.0132
0 0.333 0.1774 0.0059 0.0117
0 0.0747 0.316 0.0205 0.0367
0 0.0933 0.4201 0.0303 0.0601
0 0.3115 0.4824 0.0352 0.0821
0 0.4482 0.165 0.0059 0.0073
0 0.4609 0.1833 0.0059 0.0088
0 0.4707 0.184 0.0059 0.0103
0 0.5679 0.2214 0.0088 0.0117
0 0.5825 0.228 0.0088 0.0161
0 0.4482 0.2111 0.0078 0.0147
0 0.5654 0.165 0.0059 0.0103
0 0.5894 0.1554 0.0068 0.0117
0 0.5825 0.2097 0.0088 0.0147
0 0.6753 0.2133 0.0107 0.0161
0 0.6812 0.2632 0.0146 0.022
0 0.7017 0.2331 0.0107 0.0176
0 0.7173 0.2067 0.0088 0.0147
0 0.7275 0.1987 0.0078 0.0132
0 0.7661 0.1928 0.0068 0.0132
0 0.7207 0.2273 0.0098 0.0176
0 0.7695 0.2177 0.0098 0.0132
0 0.8081 0.2016 0.0068 0.0132
0 0.8286 0.2603 0.0107 0.0191
0 0.8389 0.2837 0.0137 0.0279
0 0.8193 0.2786 0.0098 0.0176
0 0.811 0.2933 0.0127 0.0205
0 0.7129 0.4238 0.0293 0.0381
0 0.9316 0.316 0.0273 0.0308
0 0.9673 0.2287 0.0088 0.0147
0 0.9883 0.2309 0.0117 0.0191
0 0.9731 0.2082 0.0107 0.0176
0 0.9419 0.1957 0.0088 0.0132
0 0.9126 0.1935 0.0068 0.0117
0 0.9922 0.1891 0.0078 0.0147
0 0.8447 0.1708 0.0059 0.0103
0 0.8511 0.1723 0.0049 0.0103
0 0.8604 0.1532 0.0059 0.0103
0 0.8101 0.1782 0.0068 0.0103
