0 0.0034 0.6136 0.0088 0.0367
0 0.0396 0.6122 0.0146 0.0249
0 0.0645 0.6217 0.0137 0.0323
0 0.0747 0.64 0.0107 0.022
0 0.0884 0.6562 0.0127 0.0279
0 0.084 0.6063 0.0137 0.0249
0 0.1089 0.6136 0.0186 0.0396
0 0.1279 0.6224 0.0176 0.0308
0 0.1479 0.6356 0.0107 0.0191
0 0.1548 0.618 0.0127 0.022
0 0.1675 0.6276 0.0166 0.0352
0 0.1187 0.5814 0.0127 0.022
0 0.022 0.8556 0.0283 0.0572
0 0.1533 0.9582 0.0371 0.0718
0 0.0054 0.7889 0.0088 0.0352
0 0.0146 0.7771 0.0098 0.0235
0 0.0483 0.8468 0.0107 0.0279
0 0.0635 0.8827 0.0215 0.0411
0 0.1387 0.813 0.0156 0.0337
0 0.063 0.8087 0.0146 0.0308
0 0.2119 0.5916 0.0352 0.063
0 0.2412 0.5909 0.0098 0.0147
0 0.2788 0.6591 0.0107 0.0249
0 0.3052 0.6547 0.0166 0.0249
0 0.3276 0.662 0.0186 0.0337
0 0.2617 0.8541 0.0195 0.0425
0 0.271 0.8101 0.0146 0.0308
0 0.3145 0.7918 0.0176 0.0323
0 0.3047 0.8079 0.0176 0.0293
0 0.3823 0.8695 0.0264 0.0499
0 0.3911 0.8233 0.0186 0.0367
0 0.3809 0.8072 0.0137 0.0279
0 0.375 0.8087 0.0117 0.0249
0 0.3423 0.6466 0.0127 0.0235
0 0.376 0.599 0.0078 0.0161
0 0.3779 0.6173 0.0117 0.0235
0 0.3623 0.6606 0.0156 0.0337
0 0.3721 0.6415 0.0137 0.0279
0 0.3892 0.6334 0.0107 0.0235
0 0.3906 0.6672 0.0156 0.0293
0 0.4116 0.6613 0.0146 0.0235
0 0.4233 0.6635 0.0107 0.0249
0 0.4419 0.6393 0.0127 0.0264
0 0.4272 0.8072 0.0205 0.0396
0 0.4404 0.8021 0.0156 0.0293
0 0.4619 0.7837 0.0137 0.0279
0 0.4795 0.8043 0.0176 0.0308
0 0.4966 0.813 0.0166 0.0279
0 0.5288 0.8057 0.0166 0.0308
0 0.5332 0.772 0.0098 0.022
0 0.5464 0.7977 0.0146 0.0323
0 0.5342 0.8438 0.0234 0.0455
0 0.458 0.8746 0.0215 0.0425
0 0.4907 0.8695 0.0283 0.0528
0 0.5151 0.9655 0.0283 0.0572
0 0.5347 0.9545 0.04 0.0733
0 0.4492 0.6327 0.0117 0.0249
0 0.4663 0.6444 0.0127 0.0249
0 0.5083 0.6628 0.0127 0.0264
0 0.5283 0.6598 0.0117 0.0205
0 0.5283 0.629 0.0078 0.0235
0 0.5439 0.6474 0.0098 0.0191
0 0.5483 0.6723 0.0088 0.0161
0 0.562 0.6642 0.0107 0.0205
0 0.5786 0.6444 0.0088 0.022
0 0.5757 0.7749 0.0146 0.0249
0 0.561 0.8138 0.0146 0.0293
0 0.5972 0.7867 0.0146 0.0279
0 0.6133 0.7801 0.0098 0.0235
0 0.6396 0.7808 0.0137 0.0249
0 0.6094 0.8189 0.0156 0.0396
0 0.6187 0.8431 0.0225 0.0411
0 0.623 0.9186 0.0176 0.0425
0 0.5649 0.835 0.0205 0.0484
0 0.5747 0.8651 0.0283 0.0528
0 0.6592 0.9531 0.0254 0.0528
0 0.6738 0.9575 0.0371 0.0733
0 0.665 0.8028 0.0137 0.0279
0 0.6738 0.8336 0.0137 0.0249
0 0.6865 0.7867 0.0078 0.022
0 0.6997 0.7823 0.0107 0.0191
0 0.6743 0.8842 0.0244 0.0323
0 0.6958 0.8776 0.0186 0.0513
0 0.7046 0.9098 0.0283 0.0455
0 0.7334 0.8006 0.0156 0.0381
0 0.7588 0.8079 0.0156 0.0264
0 0.7505 0.8702 0.0283 0.0455
0 0.7231 0.8343 0.0186 0.0381
0 0.5962 0.6378 0.0107 0.0235
0 0.6245 0.6576 0.0088 0.022
0 0.6304 0.673 0.0107 0.0205
0 0.6401 0.6576 0.0107 0.0191
0 0.647 0.6459 0.0088 0.0191
0 0.6851 0.651 0.0107 0.0235
0 0.7056 0.6774 0.0088 0.0147
0 0.6968 0.687 0.0088 0.0191
0 0.6743 0.6518 0.0068 0.0161
0 0.7246 0.6591 0.0078 0.0191
0 0.7432 0.6525 0.0098 0.0264
0 0.7593 0.6679 0.0088 0.022
0 0.771 0.6466 0.0088 0.0205
0 0.7725 0.6393 0.0098 0.0205
0 0.7959 0.6444 0.0098 0.0191
0 0.8057 0.6701 0.0117 0.0264
0 0.8164 0.6547 0.0098 0.0191
0 0.7544 0.6048 0.0068 0.0132
0 0.7373 0.6078 0.0078 0.0161
0 0.7852 0.6466 0.0078 0.0117
0 0.75 0.6481 0.0098 0.0147
0 0.8281 0.6576 0.0098 0.0191
0 0.8296 0.6481 0.0088 0.0147
0 0.8623 0.6657 0.0078 0.0176
0 0.8613 0.6459 0.0078 0.0161
0 0.8374 0.7067 0.0088 0.0235
0 0.9043 0.654 0.0098 0.0235
0 0.9238 0.6738 0.0078 0.0161
0 0.9463 0.6554 0.0098 0.0176
0 0.937 0.6547 0.0068 0.0132
0 0.9741 0.64 0.0088 0.0161
0 0.9888 0.662 0.0088 0.0191
0 0.9761 0.6745 0.0088 0.0176
0 0.9946 0.6708 0.0088 0.0191
0 0.9526 0.7705 0.0146 0.0279
0 0.9248 0.7727 0.0137 0.0235
0 0.8799 0.8057 0.0156 0.0279
0 0.7715 0.7764 0.0078 0.0191
0 0.7842 0.7867 0.0137 0.0279
0 0.7866 0.8233 0.0166 0.0308
0 0.7856 0.8541 0.0107 0.022
0 0.7695 0.9245 0.0234 0.0484
0 0.7949 0.7727 0.0117 0.0176
0 0.8242 0.7947 0.0137 0.0235
0 0.8232 0.879 0.0215 0.0396
0 0.8247 0.7683 0.0127 0.0205
0 0.8354 0.7852 0.0107 0.0191
0 0.8472 0.7969 0.0146 0.0279
0 0.8579 0.8306 0.0205 0.0396
0 0.9072 0.8306 0.0176 0.0396
0 0.9155 0.8556 0.0205 0.0425
0 0.8989 0.7456 0.0088 0.0191
0 0.9341 0.7749 0.0127 0.0279
0 0.9858 0.7903 0.0127 0.0293
0 0.9888 0.8292 0.0205 0.0425
0 0.9717 0.8431 0.0215 0.0381
0 0.9668 0.9003 0.0352 0.0674
0 0.9727 0.9435 0.0332 0.066
