0 0.9775 0.366 0.043 0.1429
0 0.8247 0.3505 0.083 0.1355
0 0.8589 0.2658 0.0557 0.1134
0 0.9487 0.2069 0.0459 0.0781
0 0.8291 0.0118 0.0156 0.0265
0 0.646 0.1848 0.0264 0.0692
0 0.646 0.0317 0.0244 0.0368
0 0.4722 0.1414 0.0127 0.0265
0 0.5215 0.2113 0.0176 0.0457
0 0.4688 0.3704 0.0703 0.1399
0 0.3569 0.3726 0.0967 0.1649
0 0.2705 0.2644 0.0488 0.0722
0 0.2319 0.2526 0.0381 0.0692
0 0.3389 0.1325 0.0078 0.0236
0 0.3184 0.0979 0.0059 0.0103
0 0.1919 0.2135 0.0225 0.0442
0 0.1914 0.2666 0.0254 0.0442
0 0.1533 0.123 0.0078 0.0191
0 0.1528 0.4057 0.085 0.1723
0 0.1152 0.2769 0.0547 0.106
0 0.0127 0.2312 0.0273 0.0884
0 0.0415 0.2364 0.0186 0.0427
0 0.3364 0.8932 0.0342 0.081
0 0.2354 0.8093 0.0234 0.0398
0 0.084 0.7651 0.0195 0.0339
