0 0.6289 0.316 0.1523 0.1536
0 0.4434 0.8072 0.0566 0.0496
0 0.3604 0.7492 0.0293 0.0488
0 0.2461 0.7224 0.043 0.0336
0 0.1475 0.678 0.0195 0.0232
0 0.125 0.6488 0.0117 0.0176
0 0.0586 0.6616 0.0176 0.0256
0 0.0439 0.66 0.0234 0.0272
0 0.0249 0.6388 0.0186 0.0152
0 0.0059 0.6372 0.0137 0.0184
0 0.0181 0.6168 0.0068 0.008
0 0.019 0.606 0.0088 0.0072
0 0.0352 0.5996 0.0098 0.0056
0 0.0176 0.588 0.0039 0.0032
0 0.0278 0.5832 0.0029 0.0048
0 0.0342 0.5848 0.0039 0.0032
0 0.0396 0.58 0.0029 0.0032
0 0.146 0.5652 0.0029 0.0024
0 0.1157 0.5632 0.0029 0.0032
0 0.0903 0.5644 0.0029 0.0024
0 0.0342 0.5664 0.0039 0.0032
0 0.0586 0.5652 0.0039 0.0024
0 0.063 0.5644 0.0029 0.0024
0 0.0386 0.5604 0.0029 0.004
0 0.0435 0.5652 0.0029 0.0024
0 0.02 0.5608 0.0029 0.0032
0 0.0161 0.5636 0.0029 0.0024
0 0.0088 0.5636 0.0039 0.004
0 0.0 0.5632 0.002 0.0032
0 0.0532 0.5832 0.0029 0.0032
0 0.0747 0.5616 0.0029 0.0032
0 0.0239 0.5708 0.0029 0.0024
0 0.021 0.5672 0.0029 0.0032
0 0.0029 0.5636 0.002 0.0024
0 0.9033 0.4628 0.0078 0.0072
0 0.9116 0.4612 0.0049 0.0072
0 0.9102 0.5008 0.0059 0.0064
0 0.9087 0.4724 0.0088 0.0072
0 0.8569 0.444 0.0068 0.0112
0 0.2871 0.5452 0.0039 0.004
0 0.2959 0.5448 0.0039 0.0048
0 0.3057 0.5468 0.0039 0.004
0 0.2998 0.5428 0.0039 0.004
0 0.3052 0.5388 0.0029 0.004
0 0.3081 0.5348 0.0029 0.004
0 0.3066 0.5284 0.0039 0.004
0 0.3179 0.5256 0.0029 0.0048
0 0.3159 0.5368 0.0029 0.0032
0 0.3242 0.5404 0.0039 0.004
0 0.3091 0.5156 0.0049 0.004
0 0.3022 0.5188 0.0049 0.004
0 0.2866 0.5208 0.0029 0.0032
0 0.2847 0.5296 0.0049 0.0032
0 0.29 0.5312 0.0039 0.0032
0 0.2729 0.5492 0.0029 0.0024
0 0.2705 0.5344 0.0039 0.0032
0 0.2803 0.526 0.0039 0.0024
0 0.2671 0.548 0.0029 0.0032
0 0.2676 0.5528 0.0039 0.0032
0 0.2617 0.5548 0.0039 0.004
0 0.355 0.5276 0.0049 0.004
0 0.3599 0.53 0.0029 0.004
0 0.3384 0.5272 0.0029 0.0032
0 0.3481 0.5324 0.0049 0.004
0 0.353 0.5008 0.0049 0.0048
0 0.3789 0.498 0.0039 0.004
0 0.3892 0.4936 0.0049 0.0048
0 0.4194 0.4896 0.0049 0.0048
0 0.4312 0.49 0.0049 0.0056
0 0.4121 0.514 0.0039 0.0056
0 0.4067 0.5088 0.0049 0.0032
0 0.4678 0.4884 0.0059 0.0056
0 0.498 0.496 0.0059 0.0064
0 0.4917 0.5064 0.0049 0.0048
0 0.4668 0.5072 0.0059 0.0048
0 0.437 0.5008 0.0049 0.0048
0 0.4263 0.5024 0.0068 0.0064
0 0.3965 0.5172 0.0059 0.0056
0 0.4404 0.484 0.0059 0.0064
0 0.4482 0.4788 0.0059 0.0072
