0 0.1431 0.7209 0.1318 0.2489
0 0.1108 0.4617 0.0518 0.1075
0 0.1265 0.4337 0.0498 0.1075
0 0.0762 0.3225 0.0352 0.0707
0 0.1362 0.3203 0.0244 0.0486
0 0.1348 0.2747 0.0176 0.0339
0 0.144 0.2747 0.0127 0.0339
0 0.0044 0.2813 0.0107 0.0383
0 0.0381 0.2526 0.0234 0.0457
0 0.0537 0.2511 0.0137 0.028
0 0.0615 0.2305 0.0137 0.028
0 0.3062 0.3041 0.0205 0.0604
0 0.2773 0.2423 0.0176 0.0368
0 0.2964 0.2548 0.0107 0.0265
0 0.2446 0.232 0.0088 0.0191
0 0.3413 0.4256 0.04 0.106
0 0.2144 0.1944 0.0088 0.0147
0 0.1724 0.1988 0.0088 0.0147
0 0.1294 0.1922 0.0088 0.0133
0 0.1143 0.1951 0.0098 0.0133
0 0.1357 0.1524 0.0098 0.0162
0 0.1602 0.201 0.0059 0.0162
0 0.1479 0.2047 0.0088 0.0177
0 0.0659 0.1753 0.0088 0.0206
0 0.1836 0.2047 0.0059 0.0088
0 0.4932 0.4801 0.0371 0.1031
0 0.4043 0.3535 0.0254 0.0707
0 0.5391 0.38 0.0293 0.0766
0 0.5845 0.3719 0.0283 0.0545
0 0.5513 0.3203 0.0381 0.0633
0 0.4292 0.3174 0.0186 0.0457
0 0.3584 0.2916 0.0195 0.0442
0 0.3726 0.2872 0.0127 0.0295
0 0.375 0.2717 0.0156 0.0309
0 0.3926 0.2541 0.0117 0.0309
0 0.5093 0.1937 0.0146 0.025
0 0.5654 0.2047 0.0059 0.0088
0 0.5957 0.1819 0.0059 0.0103
0 0.4878 0.2025 0.0068 0.0103
0 0.9751 0.6163 0.0361 0.081
0 0.7153 0.3343 0.0205 0.0471
0 0.6689 0.327 0.0215 0.0412
0 0.688 0.2865 0.0186 0.0368
0 0.7812 0.3004 0.0137 0.0295
0 0.8105 0.3189 0.0117 0.025
0 0.833 0.3682 0.0098 0.0236
0 0.8892 0.349 0.0205 0.0383
0 0.8511 0.3255 0.0146 0.0295
0 0.8315 0.3115 0.0127 0.025
0 0.8325 0.2909 0.0107 0.0191
0 0.8198 0.2754 0.0107 0.0206
0 0.8413 0.2688 0.0146 0.028
0 0.8608 0.2931 0.0107 0.0177
0 0.8491 0.2842 0.0088 0.0147
0 0.7983 0.2688 0.0107 0.0191
0 0.7954 0.2923 0.0107 0.0191
0 0.7954 0.2371 0.0068 0.0147
0 0.8579 0.2077 0.0068 0.0118
0 0.8574 0.2327 0.0078 0.0147
0 0.9004 0.285 0.0117 0.0221
0 0.8872 0.268 0.0088 0.0206
0 0.9019 0.2651 0.0107 0.0206
0 0.8901 0.2408 0.0068 0.0133
0 0.9746 0.3041 0.0254 0.0427
0 0.2373 0.1826 0.0059 0.0118
0 0.2656 0.1753 0.0059 0.0118
0 0.5405 0.6922 0.0576 0.1384
