0 0.6768 0.7616 0.0312 0.0505
0 0.9023 0.6241 0.0078 0.0168
0 0.8408 0.6178 0.0078 0.0154
0 0.8154 0.6297 0.0117 0.0196
0 0.7388 0.6136 0.0088 0.0154
0 0.7119 0.622 0.0117 0.0182
0 0.6963 0.5856 0.0078 0.0154
0 0.6729 0.5989 0.0098 0.0168
0 0.6514 0.5771 0.0078 0.0126
0 0.6768 0.5771 0.0059 0.0098
0 0.707 0.5842 0.0078 0.0126
0 0.8018 0.5961 0.0059 0.0112
0 0.9741 0.7083 0.0186 0.0281
0 0.7759 0.6045 0.0068 0.0112
0 0.9365 0.6038 0.0059 0.0126
0 0.8857 0.6164 0.0059 0.0126
0 0.6079 0.5722 0.0107 0.0196
0 0.5752 0.5778 0.0098 0.0168
0 0.5044 0.5905 0.0166 0.0281
0 0.5322 0.575 0.0117 0.0196
0 0.4351 0.5933 0.0146 0.0252
0 0.4624 0.5491 0.0068 0.0126
0 0.4429 0.5449 0.0068 0.0126
0 0.4175 0.5407 0.0068 0.0126
0 0.3999 0.5554 0.0088 0.014
0 0.6382 0.5835 0.0068 0.014
0 0.1899 0.5596 0.0127 0.0196
0 0.3203 0.5792 0.0137 0.0224
0 0.3462 0.5512 0.0088 0.0168
0 0.0107 0.5238 0.0098 0.0182
0 0.2583 0.5231 0.0068 0.014
0 0.4971 0.5673 0.0137 0.021
0 0.5547 0.5659 0.0078 0.0126
