0 0.6104 0.337 0.0215 0.0355
0 0.4937 0.3506 0.0205 0.0355
0 0.3008 0.3411 0.0195 0.03
0 0.249 0.309 0.0176 0.0314
0 0.1694 0.3165 0.0146 0.0246
0 0.1348 0.3226 0.0195 0.0314
0 0.0645 0.3192 0.0254 0.0355
0 0.1597 0.5266 0.0283 0.0437
0 0.2817 0.5921 0.0303 0.0573
0 0.3188 0.7101 0.0439 0.075
0 0.2358 0.6508 0.0283 0.06
0 0.0708 0.5894 0.0283 0.0573
0 0.5361 0.5321 0.0371 0.0655
0 0.5723 0.5402 0.0273 0.0491
0 0.6499 0.5989 0.0342 0.0491
0 0.5176 0.6112 0.0352 0.0573
0 0.3906 0.6562 0.0332 0.0655
0 0.5264 0.7415 0.0547 0.0941
0 0.4683 0.7981 0.0303 0.1173
0 0.0962 0.7115 0.0303 0.0996
0 0.8706 0.605 0.0225 0.0505
0 0.7964 0.5518 0.0244 0.0341
0 0.7217 0.6214 0.0215 0.0668
0 0.501 0.4939 0.0195 0.0491
0 0.5728 0.4843 0.0225 0.0355
0 0.936 0.8104 0.0283 0.0628
