0 0.0278 0.451 0.0576 0.232
0 0.1372 0.2394 0.0439 0.0833
0 0.2031 0.1863 0.0312 0.0523
0 0.2485 0.1904 0.0381 0.067
0 0.3809 0.1552 0.0273 0.0588
0 0.437 0.1381 0.0225 0.0605
0 0.5107 0.1217 0.0273 0.0572
0 0.5332 0.0719 0.0215 0.0425
0 0.4629 0.7892 0.0898 0.1503
0 0.6084 0.1119 0.0137 0.0343
0 0.6611 0.0825 0.0156 0.0343
0 0.6953 0.1234 0.0195 0.0441
0 0.7168 0.0572 0.0195 0.0359
0 0.7593 0.1217 0.0264 0.0605
0 0.8057 0.1234 0.0176 0.0408
0 0.8301 0.0915 0.0176 0.0294
0 0.9595 0.1405 0.042 0.098
0 0.042 0.2181 0.0254 0.0605
