0 0.0449 0.2918 0.0156 0.0265
0 0.0967 0.2891 0.0156 0.0239
0 0.1396 0.2825 0.0176 0.0212
0 0.1821 0.2905 0.0127 0.0186
0 0.0503 0.248 0.0049 0.0106
0 0.0361 0.2454 0.0059 0.0106
0 0.2065 0.2885 0.0166 0.0279
0 0.2241 0.2898 0.0146 0.0225
0 0.2407 0.3103 0.0166 0.0265
0 0.2822 0.0643 0.0098 0.0172
0 0.8843 0.2341 0.0166 0.0305
0 0.3516 0.2838 0.0156 0.0265
0 0.3521 0.3097 0.0146 0.0252
0 0.3335 0.3747 0.0244 0.0491
0 0.3921 0.3263 0.0186 0.0318
0 0.4653 0.3475 0.0205 0.0239
0 0.4937 0.2818 0.0127 0.0252
0 0.5088 0.2845 0.0156 0.0305
0 0.5361 0.2851 0.0117 0.0212
0 0.5449 0.3011 0.0156 0.0265
0 0.627 0.3647 0.0254 0.0345
0 0.8052 0.4542 0.0264 0.0491
0 0.6147 0.5206 0.0615 0.1127
0 0.2798 0.5855 0.0459 0.0942
0 0.8823 0.5842 0.0674 0.118
0 0.127 0.2633 0.0039 0.0066
0 0.5923 0.3435 0.0166 0.0345
0 0.5981 0.3336 0.0166 0.0332
0 0.9146 0.3355 0.0146 0.0265
0 0.8882 0.3349 0.0146 0.0252
0 0.9302 0.3349 0.0127 0.0225
0 0.1499 0.1432 0.0088 0.0133
