0 0.0654 0.73 0.0547 0.1302
0 0.1157 0.75 0.04 0.0972
0 0.0947 0.6753 0.0449 0.0972
0 0.1538 0.6892 0.0342 0.0799
0 0.312 0.6806 0.0557 0.1215
0 0.2349 0.6415 0.0244 0.0608
0 0.4351 0.6632 0.0479 0.1215
0 0.522 0.7352 0.0596 0.1163
0 0.5728 0.7743 0.0479 0.1111
0 0.5835 0.6806 0.0322 0.0799
0 0.6191 0.6953 0.0332 0.0851
0 0.5215 0.6502 0.0371 0.0885
0 0.6553 0.6736 0.0371 0.0799
0 0.6865 0.8073 0.0469 0.0868
0 0.7622 0.6536 0.0264 0.0538
0 0.8145 0.717 0.0391 0.0938
0 0.8389 0.6571 0.0547 0.1198
0 0.9746 0.6997 0.0469 0.1076
0 0.9341 0.6458 0.0322 0.0625
0 0.2578 0.7318 0.0449 0.1059
