0 0.8408 0.6265 0.0195 0.0336
0 0.6846 0.6455 0.0215 0.0336
0 0.6953 0.633 0.0098 0.0234
0 0.6416 0.6243 0.0117 0.0234
0 0.5547 0.6484 0.0195 0.0336
0 0.5205 0.6477 0.0098 0.0205
0 0.5103 0.6279 0.0068 0.0132
0 0.502 0.6418 0.0059 0.0175
0 0.4668 0.6389 0.0117 0.0205
0 0.4526 0.636 0.0068 0.0146
0 0.4209 0.6192 0.0098 0.0161
0 0.4165 0.6674 0.0186 0.0336
0 0.3823 0.6294 0.0107 0.0219
0 0.353 0.633 0.0107 0.0205
0 0.3398 0.625 0.0059 0.0132
0 0.3276 0.625 0.0068 0.0132
0 0.2793 0.6352 0.0176 0.0336
0 0.271 0.6075 0.0107 0.0219
0 0.2544 0.6279 0.0088 0.0161
0 0.2383 0.6162 0.0098 0.0219
0 0.2124 0.6374 0.0225 0.038
0 0.3022 0.6301 0.0068 0.0146
0 0.1543 0.6433 0.0156 0.0263
0 0.1426 0.617 0.0078 0.0146
0 0.1294 0.6184 0.0088 0.0175
0 0.0913 0.598 0.0146 0.0205
0 0.0293 0.6133 0.0137 0.0249
0 0.041 0.6221 0.0098 0.0249
0 0.0112 0.6096 0.0088 0.0117
0 0.1113 0.6221 0.0156 0.0249
0 0.0771 0.6023 0.0078 0.0146
