0 0.1035 0.3856 0.0371 0.0674
0 0.1245 0.3724 0.0303 0.0645
0 0.105 0.3233 0.0342 0.0513
0 0.1089 0.2133 0.0283 0.0513
0 0.2026 0.3006 0.0303 0.0587
0 0.2422 0.1723 0.0215 0.0455
0 0.2993 0.2016 0.0322 0.0689
0 0.2671 0.3988 0.04 0.0704
0 0.189 0.4868 0.0576 0.0645
0 0.1396 0.4721 0.0449 0.0792
0 0.3452 0.4663 0.04 0.0821
0 0.0503 0.5139 0.0459 0.0806
0 0.0283 0.5916 0.0352 0.0836
0 0.1309 0.621 0.0312 0.0806
0 0.3589 0.5616 0.0596 0.085
0 0.4688 0.849 0.0508 0.1935
0 0.4395 0.8556 0.0449 0.1628
0 0.8413 0.9172 0.0498 0.1628
0 0.4448 0.6745 0.0459 0.085
0 0.8442 0.6334 0.0322 0.0762
0 0.7314 0.5814 0.0469 0.0836
0 0.7383 0.5139 0.0449 0.0924
0 0.7246 0.4941 0.0449 0.0821
0 0.6479 0.5638 0.0459 0.0953
0 0.8237 0.5587 0.0439 0.0645
0 0.8203 0.4949 0.0449 0.0894
0 0.9312 0.4868 0.04 0.0792
0 0.8701 0.4839 0.0332 0.0821
0 0.6821 0.4509 0.0381 0.0748
0 0.6479 0.4399 0.0381 0.088
0 0.6094 0.4267 0.041 0.088
0 0.7197 0.0865 0.0117 0.0264
0 0.8721 0.2023 0.0273 0.0587
0 0.8828 0.162 0.0293 0.0572
0 0.9082 0.2383 0.0312 0.0513
0 0.9824 0.2896 0.0312 0.0748
0 0.9624 0.2163 0.0225 0.0484
0 0.939 0.239 0.0244 0.0381
0 0.9058 0.3578 0.0322 0.0616
0 0.8062 0.3087 0.0381 0.0718
0 0.7314 0.3592 0.0391 0.0616
0 0.748 0.2434 0.0254 0.0557
0 0.7319 0.2823 0.0322 0.066
0 0.7026 0.2243 0.0322 0.0616
0 0.8579 0.4443 0.0439 0.0762
0 0.7485 0.4582 0.0479 0.0777
0 0.4219 0.1342 0.0156 0.0484
0 0.4512 0.2214 0.0312 0.0587
0 0.4907 0.2918 0.0361 0.0587
0 0.5229 0.261 0.0303 0.0587
0 0.5723 0.2295 0.0273 0.0543
0 0.6191 0.2493 0.0312 0.0528
0 0.4292 0.5865 0.0459 0.0792
0 0.4429 0.5674 0.04 0.0762
0 0.5059 0.5257 0.0488 0.0836
0 0.48 0.4311 0.0439 0.0762
0 0.4917 0.3908 0.0303 0.0601
