0 0.2261 0.4362 0.0049 0.0104
0 0.2588 0.4408 0.0059 0.0117
0 0.188 0.5052 0.0068 0.0182
0 0.2393 0.4876 0.0098 0.0221
0 0.2856 0.4668 0.0068 0.0169
0 0.2773 0.4818 0.0098 0.0156
0 0.3271 0.4642 0.0078 0.0169
0 0.3403 0.4596 0.0088 0.0156
0 0.3467 0.4974 0.0078 0.0182
0 0.4858 0.4714 0.0068 0.0156
0 0.5264 0.4583 0.0098 0.0208
0 0.54 0.4753 0.0117 0.0182
0 0.5518 0.457 0.0078 0.0182
0 0.5352 0.4544 0.0098 0.0182
0 0.5703 0.4316 0.0078 0.0169
0 0.5801 0.4375 0.0098 0.0156
0 0.6016 0.4948 0.0195 0.0469
0 0.6313 0.4688 0.0107 0.0234
0 0.6509 0.4941 0.0127 0.0247
0 0.6528 0.3997 0.0088 0.0182
0 0.686 0.4421 0.0127 0.0299
0 0.7168 0.4349 0.0098 0.0182
0 0.7236 0.4434 0.0117 0.0195
0 0.7935 0.4342 0.0186 0.0664
0 0.8032 0.4648 0.0127 0.0339
0 0.8472 0.4147 0.0166 0.0352
0 0.873 0.4401 0.0137 0.0208
0 0.8911 0.5163 0.0225 0.0378
0 0.9731 0.4622 0.0107 0.026
0 0.915 0.4538 0.0117 0.0273
0 0.9912 0.5443 0.0156 0.0286
0 0.6211 0.474 0.0156 0.0182
0 0.2163 0.4766 0.0068 0.013
0 0.1411 0.4948 0.0068 0.0156
0 0.1118 0.4967 0.0068 0.0143
0 0.0288 0.4993 0.0088 0.0169
0 0.103 0.5085 0.0068 0.0169
0 0.0776 0.4961 0.0088 0.013
