0 0.3257 0.3538 0.0557 0.1125
0 0.4448 0.3529 0.042 0.0761
0 0.7832 0.564 0.0605 0.1765
0 0.1831 0.2967 0.0342 0.0709
0 0.019 0.3287 0.0303 0.0657
0 0.2554 0.2535 0.0225 0.0433
0 0.0752 0.1869 0.0215 0.0519
0 0.0552 0.2448 0.0225 0.0467
0 0.5029 0.2465 0.0156 0.0398
0 0.5972 0.231 0.0244 0.0536
0 0.4468 0.1817 0.0166 0.0346
0 0.4761 0.1566 0.0127 0.0294
0 0.4077 0.2128 0.0146 0.0381
0 0.3486 0.1912 0.0117 0.026
0 0.3394 0.1574 0.0088 0.0208
0 0.5132 0.1877 0.0127 0.026
0 0.4946 0.2197 0.0127 0.0311
0 0.5684 0.199 0.0176 0.0381
0 0.7373 0.2258 0.0176 0.0398
0 0.7432 0.2016 0.0156 0.0329
0 0.6758 0.1687 0.0137 0.0294
0 0.6919 0.1834 0.0107 0.0208
0 0.6646 0.1955 0.0107 0.0277
0 0.6333 0.1834 0.0166 0.0346
0 0.6372 0.1566 0.0146 0.0294
0 0.6504 0.1696 0.0098 0.0242
0 0.8008 0.1678 0.0137 0.0311
0 0.8179 0.1713 0.0127 0.0277
0 0.8374 0.1661 0.0107 0.0242
0 0.855 0.1462 0.0107 0.0294
0 0.8833 0.1479 0.0088 0.019
0 0.3735 0.2439 0.0146 0.0311
0 0.353 0.263 0.0244 0.0484
0 0.3184 0.2344 0.0195 0.0433
0 0.2715 0.1747 0.0059 0.0208
0 0.2783 0.1765 0.0078 0.0173
0 0.2915 0.1721 0.0088 0.019
0 0.606 0.1782 0.0088 0.0208
0 0.562 0.141 0.0049 0.0121
0 0.1919 0.2474 0.0205 0.0381
