0 0.0708 0.7057 0.0107 0.0286
0 0.0122 0.7174 0.0146 0.0365
0 0.0215 0.8464 0.0156 0.0443
0 0.1719 0.8913 0.0195 0.0326
0 0.249 0.877 0.0254 0.0404
0 0.2661 0.6419 0.0088 0.026
0 0.2241 0.4688 0.0049 0.0104
0 0.2935 0.4681 0.0049 0.0117
0 0.3018 0.4694 0.0059 0.0117
0 0.3154 0.472 0.0059 0.0117
0 0.3369 0.485 0.0039 0.0091
0 0.2798 0.4648 0.0049 0.0104
0 0.2686 0.4759 0.0039 0.0091
0 0.2378 0.4857 0.0049 0.0078
0 0.2373 0.4961 0.0059 0.0104
0 0.2451 0.4974 0.0059 0.0104
0 0.2529 0.4844 0.0059 0.0104
0 0.2627 0.4928 0.0039 0.0117
0 0.2749 0.4863 0.0068 0.0091
0 0.2881 0.4792 0.0059 0.0078
0 0.2632 0.5723 0.0088 0.0195
0 0.2954 0.4831 0.0068 0.0078
0 0.2998 0.4922 0.0059 0.013
0 0.2329 0.5098 0.0107 0.0143
0 0.2192 0.515 0.0049 0.0117
0 0.2837 0.5059 0.0068 0.0117
0 0.2886 0.5143 0.0068 0.013
0 0.2949 0.5111 0.0059 0.0117
0 0.3008 0.5111 0.0078 0.0117
0 0.3213 0.4993 0.0059 0.0117
0 0.2822 0.5358 0.0078 0.0143
0 0.2861 0.528 0.0059 0.0117
0 0.3018 0.5293 0.0098 0.0143
0 0.2827 0.554 0.0068 0.0117
0 0.3149 0.5195 0.0088 0.013
0 0.333 0.5182 0.0078 0.013
0 0.3164 0.5345 0.0078 0.0143
0 0.2607 0.5202 0.0059 0.0117
0 0.2417 0.5911 0.0088 0.0104
0 0.3062 0.554 0.0107 0.0143
0 0.3008 0.5716 0.0078 0.0156
0 0.2896 0.6348 0.0088 0.0195
0 0.3022 0.6602 0.0088 0.026
0 0.3477 0.6849 0.0137 0.0286
0 0.2642 0.5365 0.0068 0.013
0 0.2495 0.5234 0.0068 0.0104
0 0.3467 0.4779 0.0059 0.0104
0 0.3501 0.5072 0.0068 0.0117
0 0.3652 0.513 0.0059 0.0104
0 0.355 0.5306 0.0068 0.0143
0 0.3315 0.5326 0.0088 0.013
0 0.3252 0.4883 0.0059 0.0078
0 0.3555 0.4941 0.0039 0.0117
0 0.3721 0.4779 0.0059 0.0104
0 0.4087 0.4701 0.0049 0.0078
0 0.4165 0.4707 0.0049 0.0091
0 0.4038 0.4798 0.0068 0.0091
0 0.374 0.4941 0.0059 0.0091
0 0.3726 0.5137 0.0068 0.0117
0 0.3862 0.5059 0.0068 0.0117
0 0.3799 0.5312 0.0059 0.013
0 0.3633 0.5495 0.0078 0.013
0 0.3804 0.5592 0.0068 0.0143
0 0.3672 0.6068 0.0117 0.0182
0 0.3901 0.6582 0.0107 0.0195
0 0.3628 0.623 0.0088 0.0195
0 0.4277 0.474 0.0059 0.0104
0 0.4375 0.4759 0.0059 0.0091
0 0.4531 0.472 0.0059 0.0091
0 0.4712 0.472 0.0068 0.0091
0 0.4668 0.4922 0.0059 0.0104
0 0.4463 0.4909 0.0059 0.013
0 0.418 0.4811 0.0059 0.0091
0 0.439 0.502 0.0049 0.0091
0 0.4116 0.4954 0.0068 0.0091
0 0.4048 0.5026 0.0068 0.0104
0 0.3999 0.4993 0.0068 0.0117
0 0.3965 0.515 0.0059 0.0117
0 0.3882 0.554 0.0049 0.0143
0 0.4185 0.5299 0.0068 0.013
0 0.4258 0.5384 0.0078 0.0143
0 0.4287 0.5736 0.0098 0.0221
0 0.3931 0.5814 0.0068 0.0117
0 0.4473 0.5677 0.0059 0.013
0 0.4946 0.5703 0.0088 0.0156
0 0.4897 0.6178 0.0107 0.0221
0 0.4512 0.6309 0.0117 0.0195
0 0.2808 0.7038 0.0186 0.0273
0 0.0654 0.4694 0.0059 0.0091
0 0.0723 0.4648 0.0039 0.0052
0 0.0698 0.4792 0.0049 0.0078
0 0.0762 0.4863 0.0059 0.0091
0 0.0703 0.5065 0.0059 0.0104
0 0.0767 0.5 0.0068 0.013
0 0.0903 0.4987 0.0049 0.0078
0 0.0859 0.5072 0.0039 0.0065
0 0.0923 0.5098 0.0049 0.0065
0 0.125 0.4896 0.0059 0.0104
0 0.1128 0.498 0.0049 0.0091
0 0.1309 0.5033 0.0039 0.0091
0 0.1074 0.5182 0.0059 0.0104
0 0.1621 0.4954 0.0059 0.0091
0 0.1748 0.4837 0.0059 0.0091
0 0.1602 0.5052 0.0059 0.0104
0 0.1455 0.515 0.0059 0.0091
0 0.064 0.4915 0.0049 0.0091
0 0.0586 0.4863 0.0039 0.0091
0 0.0098 0.4857 0.0059 0.0078
0 0.0161 0.4596 0.0049 0.0104
0 0.062 0.5306 0.0088 0.0169
0 0.1738 0.5169 0.0059 0.0104
0 0.1675 0.5221 0.0068 0.013
0 0.1587 0.5339 0.0068 0.013
0 0.1655 0.5501 0.0049 0.0143
0 0.1392 0.5384 0.0068 0.0143
0 0.1328 0.5326 0.0059 0.013
0 0.0967 0.5599 0.0098 0.0156
0 0.1187 0.5638 0.0068 0.013
0 0.1411 0.5879 0.0068 0.0143
0 0.0947 0.5781 0.0059 0.013
0 0.0981 0.6204 0.0107 0.0195
0 0.0703 0.6126 0.0098 0.0143
0 0.127 0.625 0.0098 0.0208
0 0.1489 0.6354 0.0166 0.026
0 0.103 0.6615 0.0127 0.026
0 0.1826 0.5007 0.0059 0.0091
0 0.4258 0.4954 0.0059 0.0091
0 0.4854 0.5612 0.0059 0.013
0 0.5303 0.5762 0.0098 0.0169
0 0.5508 0.5807 0.0098 0.0208
0 0.5732 0.5605 0.0098 0.0169
0 0.582 0.6003 0.0117 0.0182
0 0.5132 0.7474 0.0088 0.026
0 0.502 0.752 0.0176 0.0299
0 0.5815 0.6634 0.0068 0.0169
0 0.4604 0.8757 0.0264 0.0508
0 0.2451 0.5586 0.0059 0.013
0 0.6079 0.5592 0.0088 0.0169
0 0.6724 0.5951 0.0107 0.0208
0 0.6948 0.6022 0.0068 0.0195
0 0.7075 0.6022 0.0107 0.0195
0 0.6807 0.6133 0.0059 0.0104
0 0.7612 0.6237 0.0127 0.026
0 0.8022 0.6302 0.0127 0.026
0 0.6909 0.6432 0.0088 0.0182
0 0.752 0.6615 0.0059 0.0208
0 0.7324 0.6999 0.0156 0.0221
0 0.6821 0.7734 0.0166 0.0286
0 0.7856 0.7116 0.0107 0.0299
0 0.8589 0.528 0.0049 0.0117
0 0.9019 0.5332 0.0088 0.0169
0 0.9829 0.6302 0.0088 0.0208
0 0.8486 0.612 0.0137 0.0234
0 0.8398 0.6536 0.0137 0.0234
0 0.8848 0.7194 0.0156 0.0299
0 0.9272 0.862 0.0264 0.0469
0 0.938 0.9421 0.0205 0.0534
0 0.2192 0.5397 0.0049 0.0117
0 0.1128 0.4831 0.0049 0.0104
0 0.1392 0.4876 0.0049 0.0091
0 0.1763 0.5579 0.0068 0.0117
0 0.418 0.4525 0.0059 0.0091
0 0.4517 0.459 0.0088 0.0169
0 0.8691 0.6139 0.0078 0.0195
0 0.9399 0.5423 0.0049 0.0117
