0 0.3223 0.3799 0.043 0.0698
0 0.2603 0.453 0.0322 0.0577
0 0.3472 0.4705 0.0439 0.0577
0 0.377 0.3121 0.0293 0.0523
0 0.5957 0.3685 0.0254 0.0389
0 0.606 0.2812 0.0146 0.0201
0 0.481 0.3369 0.0381 0.0537
0 0.4165 0.347 0.0146 0.0228
0 0.4814 0.4383 0.0371 0.0604
0 0.6509 0.4242 0.042 0.0725
0 0.8335 0.5973 0.042 0.0913
0 0.8809 0.4302 0.0527 0.0711
0 0.833 0.4336 0.043 0.0832
0 0.7588 0.4859 0.0469 0.0779
0 0.7285 0.3732 0.0293 0.0483
0 0.7666 0.3826 0.0254 0.0456
0 0.873 0.1215 0.0195 0.0336
0 0.3501 0.7094 0.0635 0.0577
0 0.9648 0.4094 0.041 0.0671
0 0.8989 0.2725 0.0244 0.0349
