0 0.9116 0.9463 0.0146 0.0244
0 0.8145 0.9413 0.0137 0.0229
0 0.8022 0.9628 0.0225 0.0458
0 0.7603 0.9542 0.0264 0.0487
0 0.7451 0.8653 0.0117 0.043
0 0.9077 0.8274 0.0205 0.033
0 0.8945 0.8367 0.0215 0.0315
0 0.7437 0.7307 0.0127 0.0258
0 0.7231 0.8252 0.0146 0.0229
0 0.8848 0.7865 0.0078 0.0258
0 0.0186 0.9699 0.0234 0.0372
0 0.0781 0.9427 0.0234 0.043
0 0.0498 0.904 0.0156 0.0229
0 0.0923 0.8883 0.0166 0.0315
0 0.1089 0.8897 0.0166 0.0344
0 0.022 0.861 0.0186 0.0315
0 0.0303 0.8309 0.0117 0.0229
0 0.0562 0.8238 0.0146 0.0287
0 0.0723 0.8202 0.0117 0.033
0 0.1631 0.9212 0.0176 0.0344
0 0.1411 0.8166 0.0127 0.0229
0 0.167 0.8682 0.0156 0.0258
0 0.1841 0.8403 0.0127 0.0244
0 0.1294 0.8711 0.0166 0.0287
0 0.1128 0.8338 0.0088 0.0143
0 0.0986 0.8481 0.0117 0.0229
0 0.1997 0.9155 0.0166 0.0315
0 0.2222 0.9477 0.0244 0.0387
0 0.2397 0.9069 0.0166 0.0344
0 0.1299 0.7837 0.0117 0.0201
0 0.2046 0.8188 0.0146 0.0186
0 0.2632 0.9277 0.0205 0.0473
0 0.2681 0.8875 0.0166 0.0272
0 0.21 0.8338 0.0156 0.0258
0 0.2603 0.8044 0.0146 0.0215
0 0.0459 0.7858 0.0156 0.0272
0 0.1592 0.8145 0.0098 0.0186
0 0.1406 0.7579 0.0078 0.0143
0 0.0605 0.7557 0.0078 0.0129
0 0.0718 0.7837 0.0088 0.0143
0 0.0781 0.7378 0.0078 0.0143
0 0.168 0.8059 0.0117 0.0215
0 0.2983 0.8403 0.0127 0.0272
0 0.3003 0.9713 0.0264 0.043
0 0.3057 0.9269 0.0195 0.0287
0 0.3262 0.8775 0.0156 0.0272
0 0.3472 0.9026 0.0186 0.0344
0 0.3789 0.9162 0.0195 0.0387
0 0.3823 0.9441 0.0205 0.0315
0 0.3394 0.8625 0.0166 0.0287
0 0.2837 0.8589 0.0107 0.0244
0 0.3706 0.8388 0.0127 0.0215
0 0.3872 0.8252 0.0127 0.0201
0 0.4219 0.9234 0.0234 0.0387
0 0.4404 0.9334 0.0156 0.0358
0 0.4243 0.9835 0.0283 0.0301
0 0.4722 0.9713 0.0264 0.0401
0 0.543 0.9685 0.0254 0.043
0 0.4912 0.7987 0.0156 0.0301
0 0.502 0.9556 0.0195 0.0401
0 0.6489 0.8918 0.0166 0.0415
0 0.6606 0.8481 0.0146 0.0315
0 0.6914 0.8138 0.0117 0.0229
0 0.5884 0.8539 0.0146 0.0258
0 0.5103 0.7564 0.0088 0.0258
0 0.5273 0.7729 0.0117 0.0215
0 0.5146 0.7479 0.0098 0.0201
0 0.5249 0.7471 0.0127 0.0186
0 0.5244 0.7256 0.0078 0.0186
0 0.5601 0.75 0.0107 0.0215
0 0.5454 0.7421 0.0107 0.0201
0 0.5566 0.7292 0.0137 0.0172
0 0.5854 0.7915 0.0146 0.0301
0 0.5996 0.7966 0.0156 0.0287
0 0.6152 0.7686 0.0137 0.0272
0 0.6611 0.7686 0.0137 0.0272
0 0.626 0.7314 0.0117 0.0215
0 0.6294 0.7464 0.0107 0.0201
0 0.644 0.7514 0.0107 0.0215
0 0.6865 0.7593 0.0117 0.0258
0 0.6035 0.7357 0.0098 0.0215
0 0.4707 0.7901 0.0176 0.0272
0 0.4229 0.6862 0.0117 0.0258
0 0.3867 0.7056 0.0117 0.0186
0 0.4688 0.6877 0.0117 0.0172
0 0.4468 0.697 0.0107 0.0244
0 0.4365 0.6891 0.0117 0.0172
0 0.4453 0.6726 0.0117 0.0186
0 0.5376 0.7085 0.0127 0.0272
0 0.5474 0.6934 0.0088 0.0143
0 0.5264 0.6834 0.0098 0.0172
0 0.5132 0.6648 0.0127 0.0229
0 0.4541 0.6461 0.0098 0.0172
0 0.4336 0.6569 0.0117 0.0215
0 0.5635 0.6977 0.0137 0.0201
0 0.5884 0.7135 0.0127 0.0258
0 0.4839 0.7564 0.0127 0.0201
0 0.4326 0.7521 0.0137 0.0287
0 0.5654 0.6583 0.0098 0.0186
0 0.5493 0.6347 0.0107 0.0229
0 0.5474 0.6633 0.0127 0.0229
0 0.5269 0.6347 0.0088 0.0172
0 0.5186 0.6268 0.0117 0.0186
0 0.4722 0.6297 0.0107 0.0158
0 0.4863 0.6318 0.0098 0.0172
0 0.4409 0.6354 0.0127 0.0186
0 0.459 0.6225 0.0117 0.0186
0 0.4028 0.6268 0.0127 0.0186
0 0.416 0.6053 0.0098 0.0129
0 0.5151 0.6991 0.0127 0.0229
0 0.46 0.6734 0.0117 0.0201
0 0.4775 0.6676 0.0098 0.0143
0 0.4287 0.644 0.0098 0.0158
0 0.3823 0.6476 0.0146 0.0229
0 0.5908 0.6777 0.0137 0.0201
0 0.5503 0.6146 0.0107 0.0172
0 0.478 0.6003 0.0107 0.0229
0 0.3638 0.6003 0.0107 0.0172
0 0.3276 0.6153 0.0088 0.0158
0 0.3647 0.5903 0.0088 0.0143
0 0.3936 0.5981 0.0098 0.0158
0 0.4072 0.6146 0.0098 0.0172
0 0.4302 0.5917 0.0107 0.0172
0 0.4341 0.6103 0.0088 0.0172
0 0.3447 0.6103 0.0137 0.0201
0 0.3013 0.6168 0.0107 0.0158
0 0.3506 0.5573 0.0098 0.0201
0 0.3545 0.5766 0.0098 0.0158
0 0.3535 0.591 0.0098 0.0158
0 0.3682 0.5709 0.0098 0.0129
0 0.3848 0.5774 0.0098 0.0172
0 0.4521 0.5895 0.0117 0.0186
0 0.4658 0.5852 0.0098 0.0186
0 0.4487 0.5681 0.0088 0.0158
0 0.4375 0.5738 0.0098 0.0186
0 0.4092 0.5738 0.0117 0.0158
0 0.3984 0.5738 0.0098 0.0158
0 0.458 0.5415 0.0078 0.0172
0 0.4507 0.5251 0.0088 0.0129
0 0.4277 0.5358 0.0098 0.0172
0 0.4199 0.5129 0.0098 0.0143
0 0.3491 0.5451 0.0088 0.0129
0 0.3813 0.5602 0.0088 0.0201
0 0.3867 0.5458 0.0098 0.0172
0 0.3965 0.5609 0.0078 0.0158
0 0.29 0.5466 0.0098 0.0215
0 0.2705 0.5444 0.0098 0.0143
0 0.3013 0.5358 0.0088 0.0172
0 0.2979 0.495 0.0098 0.0158
0 0.2788 0.4979 0.0088 0.0158
0 0.2686 0.5007 0.0078 0.0158
0 0.311 0.5093 0.0088 0.0129
0 0.3535 0.5072 0.0078 0.0172
0 0.3882 0.5236 0.0088 0.0158
0 0.3828 0.5315 0.0078 0.0115
0 0.3945 0.505 0.0078 0.0158
0 0.416 0.5895 0.0098 0.0158
0 0.3364 0.5258 0.0088 0.0143
0 0.4111 0.5 0.0117 0.0172
0 0.4092 0.4792 0.0137 0.0158
0 0.4287 0.5057 0.0078 0.0143
0 0.4297 0.4785 0.0078 0.0115
0 0.4761 0.5444 0.0107 0.0143
0 0.4736 0.5279 0.0078 0.0129
0 0.5073 0.5351 0.0088 0.0158
0 0.4961 0.5738 0.0098 0.0186
0 0.4702 0.4979 0.0088 0.0186
0 0.3301 0.505 0.0078 0.0129
0 0.3306 0.4893 0.0088 0.0158
0 0.3286 0.4713 0.0088 0.0143
0 0.311 0.5989 0.0088 0.0172
0 0.4917 0.649 0.0107 0.0143
0 0.5063 0.6289 0.0088 0.0201
0 0.522 0.5595 0.0107 0.0158
0 0.5166 0.533 0.0078 0.0172
0 0.5146 0.5143 0.0078 0.0143
0 0.5269 0.5122 0.0088 0.0129
0 0.5063 0.4957 0.0088 0.0172
0 0.5049 0.6082 0.0098 0.0186
0 0.5127 0.596 0.0078 0.0143
0 0.4019 0.6784 0.0088 0.0186
0 0.5435 0.5351 0.0088 0.0158
0 0.5361 0.5444 0.0098 0.0172
0 0.5547 0.5408 0.0098 0.0186
0 0.5308 0.5014 0.0107 0.0172
0 0.5542 0.5774 0.0107 0.0229
0 0.583 0.6082 0.0098 0.0244
0 0.5654 0.5967 0.0098 0.0215
0 0.582 0.5401 0.0098 0.0201
0 0.5894 0.5337 0.0088 0.0158
0 0.5566 0.5229 0.0117 0.0201
0 0.6001 0.5337 0.0088 0.0158
0 0.6177 0.5645 0.0088 0.0143
0 0.6362 0.6755 0.0107 0.0186
0 0.6494 0.6791 0.0098 0.0172
0 0.6392 0.7142 0.0107 0.0186
0 0.6494 0.7099 0.0117 0.0215
0 0.667 0.697 0.0137 0.0244
0 0.647 0.6117 0.0107 0.0201
0 0.6157 0.6125 0.0166 0.0244
0 0.6621 0.5917 0.0117 0.0172
0 0.6489 0.5888 0.0107 0.0172
0 0.6597 0.6268 0.0088 0.0215
0 0.6836 0.7077 0.0098 0.0172
0 0.6826 0.6626 0.0098 0.0186
0 0.689 0.6117 0.0127 0.0201
0 0.6846 0.6275 0.0117 0.0201
0 0.7271 0.6268 0.0127 0.0215
0 0.5869 0.5759 0.0098 0.0172
0 0.5718 0.5702 0.0107 0.0143
0 0.646 0.5337 0.0107 0.0215
0 0.7314 0.6848 0.0078 0.0201
0 0.6973 0.7242 0.0117 0.0186
0 0.7148 0.5974 0.0117 0.0201
0 0.7275 0.5759 0.0117 0.0229
0 0.7236 0.5516 0.0098 0.0229
0 0.7334 0.5129 0.0117 0.0201
0 0.6592 0.5158 0.0117 0.0172
0 0.6641 0.4971 0.0098 0.0143
0 0.6074 0.4971 0.0098 0.0172
0 0.5972 0.4907 0.0088 0.0158
0 0.584 0.4871 0.0098 0.0143
0 0.5654 0.4885 0.0078 0.0143
0 0.5605 0.4706 0.0078 0.0158
0 0.6777 0.4885 0.0098 0.0143
0 0.7046 0.5079 0.0088 0.0186
0 0.7554 0.6605 0.0107 0.0201
0 0.7539 0.6218 0.0117 0.0172
0 0.7769 0.6225 0.0107 0.0186
0 0.7847 0.5738 0.0127 0.0272
0 0.7568 0.5623 0.0117 0.0186
0 0.7417 0.5394 0.0107 0.0158
0 0.7627 0.5036 0.0098 0.0158
0 0.7979 0.5222 0.0098 0.0158
0 0.8433 0.6139 0.0107 0.0215
0 0.8569 0.5931 0.0107 0.0201
0 0.8242 0.5723 0.0098 0.0158
0 0.8647 0.5659 0.0107 0.0229
0 0.7681 0.5315 0.0088 0.0172
0 0.7778 0.5294 0.0068 0.0158
0 0.7739 0.5021 0.0088 0.0129
0 0.7388 0.4885 0.0088 0.0201
0 0.8066 0.5473 0.0078 0.0143
0 0.8208 0.543 0.0088 0.0201
0 0.8213 0.5072 0.0098 0.0172
0 0.7109 0.6884 0.0117 0.0244
0 0.8638 0.6246 0.0088 0.0201
0 0.9263 0.5702 0.0107 0.0201
0 0.7422 0.6562 0.0117 0.0201
0 0.7329 0.6619 0.0127 0.0229
0 0.7925 0.6304 0.0088 0.0201
0 0.8745 0.6082 0.0146 0.0215
0 0.917 0.5537 0.0098 0.0186
0 0.9038 0.5774 0.0088 0.0143
0 0.7578 0.644 0.0117 0.0186
0 0.6885 0.6497 0.0156 0.0215
0 0.8457 0.5014 0.0117 0.0143
0 0.6763 0.5709 0.0107 0.0186
0 0.6621 0.5681 0.0098 0.0215
0 0.6694 0.6655 0.0107 0.0186
0 0.689 0.5809 0.0107 0.0215
0 0.6665 0.6067 0.0088 0.0158
0 0.7847 0.611 0.0088 0.0129
0 0.7744 0.6067 0.0078 0.0129
0 0.771 0.4756 0.0088 0.0172
0 0.8062 0.4928 0.0107 0.0201
0 0.6201 0.6841 0.0117 0.0186
0 0.7671 0.457 0.0088 0.0143
0 0.7451 0.467 0.0098 0.0201
0 0.6743 0.4749 0.0088 0.0129
0 0.6182 0.4635 0.0117 0.0186
0 0.5938 0.4649 0.0078 0.0129
0 0.6187 0.51 0.0088 0.0172
0 0.7114 0.5394 0.0107 0.0186
0 0.708 0.644 0.0098 0.0186
0 0.8091 0.5931 0.0107 0.0172
0 0.8721 0.5294 0.0078 0.0158
0 0.854 0.5415 0.0088 0.0172
0 0.7617 0.7106 0.0098 0.0172
0 0.8364 0.5337 0.0127 0.0215
0 0.7939 0.4663 0.0117 0.0186
0 0.6602 0.4728 0.0059 0.0143
0 0.6665 0.4513 0.0088 0.0143
0 0.6924 0.4441 0.0078 0.0143
0 0.6895 0.5122 0.0098 0.0186
0 0.7188 0.5007 0.0098 0.0186
0 0.6045 0.5501 0.0098 0.0172
0 0.7588 0.6074 0.0078 0.0172
0 0.6074 0.5809 0.0117 0.0215
0 0.6318 0.5802 0.0137 0.0172
0 0.6797 0.5509 0.0098 0.0158
0 0.7085 0.4427 0.0088 0.0172
0 0.5957 0.4506 0.0117 0.0158
0 0.9482 0.846 0.0176 0.033
0 0.981 0.6196 0.0107 0.0158
0 0.9644 0.6082 0.0088 0.0158
0 0.96 0.5817 0.0098 0.0172
0 0.9434 0.5781 0.0098 0.0186
0 0.9531 0.5659 0.0078 0.0143
0 0.9707 0.5573 0.0098 0.0201
0 0.9839 0.5616 0.0088 0.0143
0 0.8921 0.4011 0.0146 0.0229
0 0.731 0.4599 0.0068 0.0172
0 0.6997 0.4298 0.0068 0.0143
0 0.7598 0.4563 0.0078 0.0129
0 0.6748 0.4191 0.0078 0.0158
0 0.5815 0.51 0.0088 0.0143
0 0.5488 0.5029 0.0078 0.0143
0 0.5713 0.4585 0.0078 0.0143
0 0.8442 0.4513 0.0049 0.0086
0 0.8232 0.4979 0.0078 0.0129
0 0.9131 0.611 0.0098 0.0186
0 0.7178 0.664 0.0176 0.0244
0 0.2461 0.4728 0.0078 0.0143
0 0.2603 0.4921 0.0068 0.0129
0 0.2397 0.4871 0.0068 0.0115
0 0.2637 0.4706 0.0078 0.0158
0 0.2744 0.4721 0.0078 0.0158
0 0.3057 0.4592 0.0078 0.0158
0 0.293 0.4542 0.0078 0.0143
0 0.2842 0.4685 0.0078 0.0143
0 0.3838 0.4771 0.0078 0.0143
0 0.3887 0.4613 0.0078 0.0143
0 0.2627 0.4448 0.0078 0.0158
0 0.2817 0.4234 0.0088 0.0158
0 0.2417 0.4255 0.0088 0.0143
0 0.3745 0.4255 0.0088 0.0143
0 0.4277 0.457 0.0078 0.0115
0 0.4028 0.6461 0.0088 0.0115
0 0.3145 0.437 0.0078 0.0143
0 0.3047 0.4305 0.0078 0.0129
0 0.3994 0.4226 0.0078 0.0143
0 0.3916 0.4019 0.0078 0.0129
0 0.3369 0.4341 0.0078 0.0143
0 0.2944 0.4033 0.0088 0.0158
0 0.4453 0.4384 0.0078 0.0143
0 0.3828 0.3976 0.0078 0.0129
0 0.3833 0.4384 0.0088 0.0143
0 0.4697 0.4592 0.0078 0.0129
0 0.4229 0.4183 0.0078 0.0143
0 0.4224 0.3997 0.0068 0.0115
0 0.5332 0.4047 0.0039 0.0072
0 0.562 0.4026 0.0068 0.0115
0 0.5591 0.4255 0.0088 0.0172
0 0.6196 0.437 0.0088 0.0143
0 0.5776 0.447 0.0088 0.0201
0 0.5933 0.4105 0.0068 0.0158
0 0.6221 0.3968 0.0078 0.0143
0 0.6245 0.4148 0.0068 0.01
0 0.1646 0.8345 0.0127 0.0244
0 0.5698 0.8288 0.0107 0.033
0 0.6133 0.6834 0.0078 0.0143
