0 0.7852 0.2205 0.0996 0.1836
0 0.2271 0.5878 0.0166 0.0308
0 0.1592 0.6019 0.0195 0.0322
0 0.0371 0.6005 0.0195 0.0322
0 0.5708 0.8753 0.0166 0.0322
0 0.1035 0.8787 0.0391 0.0684
0 0.481 0.5784 0.0186 0.0335
0 0.6182 0.559 0.0137 0.0214
0 0.5483 0.6622 0.0146 0.0268
0 0.5894 0.6475 0.0127 0.0214
0 0.5713 0.6575 0.0098 0.0228
0 0.4478 0.6676 0.0107 0.0188
0 0.4683 0.6709 0.0107 0.0174
0 0.4653 0.6408 0.0107 0.0188
0 0.5361 0.6166 0.0098 0.0161
0 0.5532 0.6327 0.0088 0.0161
0 0.5669 0.634 0.0088 0.0188
0 0.6782 0.5617 0.0166 0.0268
0 0.313 0.6146 0.0146 0.0228
0 0.3477 0.5744 0.0137 0.0228
0 0.2935 0.6012 0.0107 0.0201
0 0.2666 0.5905 0.0117 0.0201
0 0.2495 0.5912 0.0107 0.0188
0 0.1904 0.628 0.0176 0.0255
0 0.1826 0.5965 0.0137 0.0214
0 0.2075 0.5891 0.0127 0.0228
0 0.1865 0.5771 0.0117 0.0201
0 0.0713 0.6294 0.0156 0.0308
0 0.0811 0.5885 0.0117 0.0214
0 0.0933 0.5798 0.0107 0.0174
0 0.1313 0.557 0.0107 0.0201
0 0.0625 0.5871 0.0098 0.0161
0 0.1069 0.6588 0.0127 0.0201
0 0.1108 0.622 0.0146 0.0188
0 0.144 0.618 0.0127 0.0214
0 0.1128 0.6944 0.0146 0.0188
0 0.082 0.7319 0.0137 0.0241
0 0.1006 0.7339 0.0117 0.0201
0 0.2949 0.8599 0.0195 0.0362
