0 0.8677 0.5651 0.0342 0.125
0 0.8569 0.4251 0.0186 0.0482
0 0.5757 0.7741 0.0752 0.1185
0 0.6128 0.474 0.0264 0.0651
0 0.4326 0.5456 0.0234 0.0807
0 0.9126 0.4056 0.0205 0.0456
0 0.978 0.2695 0.0127 0.0208
0 0.8467 0.3809 0.0156 0.0326
0 0.8926 0.3548 0.0195 0.0326
0 0.9355 0.2923 0.0117 0.0169
0 0.8857 0.293 0.0117 0.0208
0 0.833 0.2858 0.0117 0.0195
0 0.8115 0.3236 0.0156 0.0247
0 0.8237 0.3561 0.0146 0.0221
0 0.7822 0.3626 0.0254 0.043
0 0.7905 0.2793 0.0127 0.0169
0 0.7783 0.3249 0.0137 0.0247
0 0.9868 0.3379 0.0107 0.0221
0 0.9849 0.5052 0.0283 0.0833
0 0.73 0.3854 0.0264 0.0365
0 0.7515 0.4577 0.0303 0.0586
0 0.7158 0.3555 0.0195 0.0312
0 0.7461 0.3346 0.0176 0.026
0 0.7549 0.2598 0.0117 0.0195
0 0.7393 0.3158 0.0117 0.0221
0 0.7168 0.2767 0.0117 0.0195
0 0.7002 0.2793 0.0137 0.0195
0 0.6875 0.3281 0.0137 0.0234
0 0.6606 0.321 0.0127 0.0247
0 0.6255 0.3398 0.0127 0.0286
0 0.6606 0.2546 0.0088 0.0169
0 0.6572 0.2754 0.0078 0.0169
0 0.6396 0.2552 0.0098 0.0182
0 0.6289 0.3197 0.0098 0.0195
0 0.6206 0.2526 0.0088 0.0182
0 0.5815 0.3333 0.0068 0.0286
0 0.5942 0.2611 0.0068 0.0143
0 0.5767 0.2624 0.0068 0.0169
0 0.5713 0.2585 0.0098 0.0169
0 0.4966 0.3177 0.0127 0.0208
0 0.5254 0.2533 0.0098 0.0143
0 0.5366 0.3268 0.0107 0.0182
0 0.5342 0.3014 0.0117 0.0169
0 0.4814 0.306 0.0117 0.0234
0 0.5054 0.2643 0.0088 0.0156
0 0.4683 0.265 0.0088 0.0169
0 0.4443 0.248 0.0078 0.0143
0 0.4131 0.2454 0.0098 0.0169
0 0.5249 0.4245 0.0264 0.0469
0 0.4639 0.3516 0.0098 0.0312
0 0.5103 0.3164 0.0088 0.026
0 0.4019 0.4128 0.0205 0.0573
0 0.5923 0.4076 0.0166 0.0417
0 0.2891 0.25 0.0078 0.013
0 0.3335 0.2591 0.0068 0.013
0 0.3511 0.2728 0.0068 0.0117
0 0.2734 0.2637 0.0078 0.0117
0 0.2544 0.2617 0.0068 0.013
0 0.2441 0.2591 0.0078 0.013
0 0.2227 0.2585 0.0078 0.0117
0 0.4546 0.3197 0.0127 0.0247
0 0.4116 0.3118 0.0107 0.0195
0 0.4438 0.3034 0.0107 0.0182
0 0.1479 0.2799 0.0068 0.0104
0 0.0283 0.263 0.0078 0.0182
0 0.1768 0.3008 0.0078 0.013
0 0.9341 0.3424 0.0186 0.0312
0 0.3032 0.252 0.0068 0.0143
0 0.3828 0.2962 0.0078 0.0117
