0 0.8604 0.436 0.0332 0.0581
0 0.8252 0.7827 0.0078 0.016
0 0.8325 0.7733 0.0049 0.0087
0 0.769 0.774 0.0146 0.0247
0 0.6787 0.5371 0.0273 0.0451
0 0.5518 0.5363 0.0215 0.0465
0 0.6411 0.7653 0.0068 0.016
0 0.6157 0.7376 0.0088 0.016
0 0.604 0.819 0.0088 0.016
0 0.6523 0.7812 0.0078 0.0247
0 0.4951 0.7914 0.0176 0.0363
0 0.5029 0.7456 0.0078 0.0203
0 0.4722 0.7529 0.0107 0.0349
0 0.4224 0.7391 0.0088 0.016
0 0.4341 0.7551 0.0068 0.0102
0 0.4048 0.7333 0.0068 0.0189
0 0.3027 0.7529 0.0078 0.0174
0 0.3184 0.7856 0.0078 0.016
0 0.2568 0.5959 0.0195 0.0407
0 0.3779 0.5116 0.0117 0.0349
0 0.0386 0.5414 0.0225 0.0363
0 0.0811 0.7631 0.0098 0.0174
