0 0.9102 0.6356 0.0547 0.1108
0 0.8389 0.7238 0.041 0.0714
0 0.8193 0.6735 0.0215 0.0408
0 0.8379 0.6516 0.0117 0.0204
0 0.8047 0.6895 0.0195 0.0408
0 0.8208 0.7434 0.0264 0.0525
0 0.5796 0.6713 0.0596 0.121
0 0.4995 0.6851 0.0264 0.0525
0 0.4834 0.7544 0.0312 0.0539
0 0.4248 0.6997 0.0723 0.137
0 0.3696 0.7485 0.0303 0.0569
0 0.6323 0.5394 0.1396 0.2711
0 0.3457 0.6844 0.0215 0.0335
0 0.3179 0.7012 0.0361 0.0671
0 0.3691 0.7952 0.043 0.0831
0 0.3433 0.8302 0.0361 0.0743
0 0.2671 0.8112 0.0869 0.1793
0 0.2539 0.6261 0.0234 0.0452
0 0.207 0.6698 0.0625 0.121
0 0.1714 0.6983 0.0459 0.0787
0 0.0859 0.7471 0.0605 0.1064
0 0.022 0.6961 0.0381 0.0802
0 0.1309 0.6669 0.0137 0.0219
0 0.0068 0.7646 0.0156 0.0831
0 0.1426 0.7092 0.0215 0.0481
0 0.127 0.7034 0.0254 0.0539
0 0.8604 0.707 0.0332 0.0641
