0 0.0684 0.1661 0.0156 0.0296
0 0.0088 0.4813 0.0195 0.0608
0 0.1221 0.3963 0.0156 0.0406
0 0.0996 0.422 0.0117 0.0234
0 0.0903 0.4828 0.0225 0.0546
0 0.043 0.525 0.0293 0.0608
0 0.1309 0.5749 0.0273 0.0577
0 0.145 0.5328 0.0127 0.0328
0 0.2041 0.5671 0.0254 0.0608
0 0.1929 0.5023 0.0244 0.0281
0 0.2124 0.4719 0.0225 0.0359
0 0.2246 0.4384 0.0117 0.0218
0 0.2432 0.4704 0.0117 0.0328
0 0.2368 0.5983 0.0303 0.0515
0 0.2871 0.4852 0.0117 0.0281
0 0.2749 0.5265 0.0186 0.0328
0 0.2808 0.6466 0.0283 0.0484
0 0.3438 0.5601 0.0195 0.0374
0 0.3623 0.5289 0.0098 0.0281
0 0.3169 0.4025 0.0088 0.0281
0 0.1367 0.4641 0.0059 0.0234
0 0.3477 0.6498 0.0254 0.0296
0 0.3833 0.6833 0.0244 0.0468
0 0.4146 0.6599 0.0186 0.0468
0 0.4536 0.798 0.0146 0.0359
0 0.5327 0.6576 0.0127 0.0296
0 0.5527 0.6825 0.0156 0.0296
0 0.5874 0.6919 0.0088 0.0203
0 0.6318 0.7847 0.0195 0.0406
0 0.6572 0.8346 0.0234 0.0437
0 0.6621 0.7395 0.0078 0.0218
0 0.687 0.7956 0.0127 0.0312
0 0.6821 0.6334 0.0088 0.0125
0 0.7363 0.7005 0.0117 0.025
0 0.7578 0.6911 0.0098 0.0187
0 0.7695 0.7067 0.0117 0.0187
0 0.8003 0.7332 0.0068 0.0218
0 0.8218 0.7457 0.0088 0.0218
0 0.7251 0.8089 0.0166 0.0234
0 0.7231 0.8424 0.0205 0.025
0 0.7358 0.8931 0.0225 0.0452
0 0.7568 0.8417 0.0215 0.039
0 0.8257 0.869 0.0107 0.0281
0 0.9028 0.7933 0.0068 0.0203
0 0.9727 0.8627 0.0078 0.0218
0 0.8813 0.9197 0.0146 0.0328
0 0.9053 0.9228 0.0117 0.0296
0 0.8496 0.9766 0.0234 0.0343
0 0.8936 0.9719 0.0176 0.0343
0 0.9077 0.9602 0.0107 0.0265
0 0.9648 0.9516 0.0078 0.0218
0 0.9956 0.9852 0.0049 0.014
0 0.6797 0.9041 0.0156 0.0296
