0 0.2168 0.4145 0.0488 0.0998
0 0.0908 0.4599 0.0449 0.0877
0 0.0366 0.3487 0.04 0.0681
0 0.1421 0.4017 0.0283 0.056
0 0.1123 0.3896 0.0215 0.053
0 0.2695 0.3843 0.0254 0.0605
0 0.3462 0.4228 0.0361 0.0832
0 0.1577 0.4697 0.0322 0.0681
0 0.4551 0.4818 0.0547 0.1135
0 0.5439 0.5545 0.0371 0.0893
0 0.5791 0.4796 0.0293 0.0666
0 0.5532 0.5008 0.0186 0.0393
0 0.6206 0.5197 0.0303 0.059
0 0.6494 0.556 0.0293 0.0711
0 0.6948 0.4501 0.1182 0.2345
0 0.9385 0.5772 0.0938 0.1679
0 0.8716 0.5113 0.0596 0.0877
0 0.8208 0.4879 0.0303 0.0499
0 0.7939 0.5144 0.0195 0.0303
0 0.8306 0.5582 0.0342 0.0605
0 0.7876 0.5696 0.042 0.0832
