0 0.6392 0.7833 0.0264 0.0556
0 0.6865 0.7174 0.0176 0.0322
0 0.9575 0.7196 0.0225 0.0395
0 0.8696 0.7057 0.0166 0.0293
0 0.8794 0.6801 0.0186 0.019
0 0.8188 0.6801 0.0127 0.022
0 0.9468 0.6105 0.0146 0.0264
0 0.9194 0.5842 0.0127 0.0264
0 0.9761 0.5703 0.0107 0.019
0 0.9888 0.5717 0.0107 0.019
0 0.7319 0.8602 0.0361 0.0542
0 0.6665 0.5908 0.0146 0.0278
0 0.7007 0.5857 0.0166 0.0264
0 0.5884 0.6237 0.0186 0.0264
0 0.7622 0.6157 0.0205 0.0454
0 0.7979 0.5937 0.0098 0.019
0 0.5483 0.56 0.0088 0.0161
0 0.5806 0.552 0.0068 0.0176
0 0.5928 0.5637 0.0098 0.0146
0 0.2832 0.8792 0.0312 0.0659
0 0.4434 0.937 0.0449 0.0732
0 0.1685 0.9656 0.0342 0.0659
0 0.0996 0.9209 0.041 0.0556
0 0.1724 0.7679 0.0303 0.0542
0 0.0854 0.7423 0.0225 0.0381
0 0.1553 0.6808 0.0215 0.0381
0 0.2402 0.6596 0.0215 0.0337
0 0.0166 0.7811 0.0234 0.06
0 0.0527 0.7123 0.0215 0.0307
0 0.0195 0.6332 0.0195 0.0337
0 0.0776 0.6201 0.0146 0.0337
0 0.2246 0.6252 0.0137 0.0293
0 0.3379 0.6567 0.0449 0.0805
0 0.4819 0.7416 0.0186 0.0454
0 0.5264 0.6662 0.0215 0.041
0 0.5415 0.6201 0.0186 0.0366
0 0.1089 0.5586 0.0127 0.022
0 0.1421 0.6003 0.0146 0.0264
0 0.1533 0.5571 0.0117 0.0249
0 0.2012 0.5549 0.0117 0.0234
0 0.2222 0.5395 0.0107 0.019
0 0.1992 0.5154 0.0098 0.0205
0 0.1748 0.5205 0.0078 0.019
0 0.0967 0.5337 0.0098 0.019
0 0.1245 0.5461 0.0107 0.0176
0 0.0273 0.5908 0.0156 0.0249
0 0.0146 0.549 0.0117 0.0234
0 0.0229 0.5264 0.0088 0.019
0 0.0894 0.4802 0.0068 0.0117
0 0.2236 0.6003 0.0137 0.0293
0 0.396 0.5776 0.0127 0.022
0 0.2642 0.5007 0.0088 0.0146
0 0.2539 0.5351 0.0137 0.022
0 0.7319 0.5615 0.0088 0.0161
0 0.7002 0.5315 0.0078 0.0146
0 0.9609 0.5556 0.0117 0.019
0 0.8394 0.5081 0.0068 0.0146
0 0.7217 0.5307 0.0078 0.0132
0 0.5371 0.5798 0.0117 0.0205
0 0.5156 0.5381 0.0078 0.0161
0 0.4966 0.5505 0.0068 0.0146
0 0.459 0.5234 0.0078 0.019
0 0.457 0.5571 0.0078 0.019
0 0.1523 0.451 0.0059 0.0117
0 0.1938 0.4444 0.0068 0.0132
0 0.2246 0.4392 0.0039 0.0088
0 0.2471 0.429 0.0059 0.0117
0 0.2339 0.5117 0.0088 0.0161
0 0.0552 0.4195 0.0049 0.0102
0 0.04 0.4217 0.0059 0.0088
0 0.0293 0.4187 0.0059 0.0088
0 0.0786 0.4246 0.0029 0.0059
0 0.0825 0.4195 0.0029 0.0073
0 0.1743 0.4217 0.0049 0.0088
0 0.5996 0.4751 0.0078 0.0161
0 0.5625 0.4993 0.0059 0.0117
0 0.6348 0.5534 0.0078 0.0117
0 0.7817 0.6171 0.0107 0.019
0 0.7358 0.5322 0.0068 0.0132
0 0.8657 0.5652 0.0088 0.0176
0 0.8022 0.4605 0.0068 0.0102
0 0.7759 0.4561 0.0068 0.0132
0 0.6646 0.4553 0.0049 0.0088
0 0.9541 0.4751 0.0059 0.0102
0 0.9121 0.4846 0.0059 0.0117
0 0.9116 0.47 0.0049 0.0088
0 0.9004 0.8551 0.0293 0.0586
0 0.5796 0.593 0.0107 0.0176
0 0.0029 0.705 0.0078 0.0366
0 0.0015 0.5659 0.0049 0.022
