0 0.1216 0.6615 0.0049 0.0052
0 0.0488 0.6178 0.0039 0.0039
0 0.0483 0.6751 0.0029 0.0039
0 0.0435 0.6706 0.0029 0.0026
0 0.168 0.6491 0.0039 0.0065
0 0.1323 0.7305 0.0088 0.013
0 0.1016 0.7227 0.0098 0.0182
0 0.1045 0.6901 0.0059 0.0104
0 0.0479 0.6673 0.0039 0.0039
0 0.0264 0.7096 0.0078 0.0104
0 0.0259 0.6595 0.0049 0.0091
0 0.1489 0.6465 0.0029 0.0065
0 0.1274 0.7676 0.0127 0.0195
0 0.1465 0.7454 0.0078 0.0143
0 0.1577 0.7578 0.0107 0.0156
0 0.1509 0.7826 0.0146 0.0234
0 0.2139 0.7721 0.0117 0.0234
0 0.2559 0.819 0.0098 0.0182
0 0.1553 0.8483 0.0156 0.0221
0 0.1978 0.8828 0.0107 0.0286
0 0.0181 0.7988 0.0068 0.0195
0 0.1851 0.8405 0.0068 0.0143
0 0.0195 0.7624 0.0059 0.0143
0 0.3276 0.9147 0.0225 0.0378
0 0.2749 0.8411 0.0186 0.026
0 0.3354 0.8346 0.0166 0.0286
0 0.1445 0.959 0.0137 0.0326
0 0.208 0.8581 0.0078 0.0234
0 0.3027 0.9792 0.0293 0.0339
0 0.3525 0.8001 0.0098 0.0169
0 0.0181 0.9733 0.0068 0.0247
0 0.2837 0.6686 0.0049 0.0091
0 0.21 0.6693 0.0059 0.0078
0 0.2305 0.6966 0.0039 0.0078
0 0.292 0.666 0.0059 0.0091
0 0.3589 0.7454 0.0088 0.0143
0 0.2939 0.7259 0.0078 0.0091
0 0.2549 0.7142 0.0078 0.0117
0 0.2715 0.7116 0.0039 0.0091
0 0.1982 0.7214 0.0098 0.013
0 0.3296 0.6842 0.0088 0.0117
0 0.2856 0.7038 0.0107 0.0117
0 0.4141 0.6745 0.0078 0.013
0 0.4565 0.6797 0.0088 0.0104
0 0.3384 0.6628 0.0049 0.0052
0 0.3311 0.6641 0.0078 0.0052
0 0.4277 0.7018 0.0039 0.013
0 0.3384 0.707 0.0049 0.0104
0 0.3608 0.6712 0.0049 0.0091
0 0.3691 0.6699 0.0059 0.0065
0 0.3906 0.6712 0.0039 0.0039
0 0.4175 0.9714 0.0342 0.0521
0 0.6753 0.9466 0.0244 0.0312
0 0.5503 0.793 0.0068 0.013
0 0.4937 0.7643 0.0088 0.013
0 0.4058 0.75 0.0088 0.0104
0 0.4312 0.7422 0.0107 0.0156
0 0.4951 0.7435 0.0039 0.013
0 0.374 0.8757 0.0156 0.0221
0 0.5146 0.89 0.0117 0.0221
0 0.5352 0.6908 0.0059 0.0091
0 0.6172 0.7767 0.0098 0.0221
0 0.604 0.7389 0.0068 0.0117
0 0.5103 0.6602 0.0107 0.013
0 0.5361 0.6725 0.0039 0.0065
0 0.5894 0.6953 0.0049 0.0078
0 0.6128 0.6927 0.0049 0.0078
0 0.4653 0.6478 0.0029 0.0039
0 0.4824 0.6517 0.0039 0.0065
0 0.478 0.7272 0.0107 0.0143
0 0.4653 0.7025 0.0088 0.0143
0 0.6587 0.8158 0.0107 0.0169
0 0.7251 0.8275 0.0166 0.0195
0 0.5781 0.8249 0.0059 0.0169
0 0.748 0.8177 0.0117 0.0182
0 0.7461 0.612 0.0078 0.013
0 0.8696 0.7559 0.0107 0.0169
0 0.7769 0.8053 0.0146 0.0195
0 0.7993 0.8262 0.0068 0.0169
0 0.7842 0.8971 0.0195 0.0286
0 0.8594 0.89 0.0078 0.0221
0 0.9077 0.9518 0.0244 0.0339
0 0.895 0.8301 0.0146 0.0221
0 0.77 0.7773 0.0127 0.0234
0 0.6826 0.709 0.0059 0.0117
0 0.7754 0.7161 0.0078 0.0104
0 0.8345 0.7168 0.0068 0.0117
0 0.8193 0.722 0.0059 0.0117
0 0.7373 0.7513 0.0039 0.013
0 0.9082 0.6855 0.0078 0.0117
0 0.9634 0.8066 0.0127 0.0195
0 0.9277 0.7773 0.0117 0.0182
0 0.9761 0.7715 0.0049 0.0143
0 0.9819 0.8105 0.0127 0.0169
0 0.9946 0.7324 0.0068 0.0117
0 0.8271 0.6803 0.0059 0.0091
0 0.8037 0.6706 0.0059 0.0078
0 0.8643 0.6406 0.0039 0.0052
0 0.8726 0.6413 0.0049 0.0039
0 0.9644 0.6608 0.0049 0.0065
0 0.8481 0.6419 0.0068 0.0078
0 0.8154 0.6576 0.0059 0.0052
0 0.9541 0.6348 0.0039 0.0065
0 0.8608 0.6667 0.0049 0.0052
0 0.9316 0.6348 0.0039 0.0065
0 0.9395 0.6328 0.0039 0.0052
0 0.8462 0.6348 0.0029 0.0039
0 0.8481 0.6322 0.0029 0.0039
0 0.8784 0.6328 0.0029 0.0052
0 0.8823 0.6296 0.0029 0.0039
0 0.9146 0.6549 0.0049 0.0078
0 0.8169 0.6491 0.0049 0.0039
0 0.8013 0.6842 0.0068 0.0091
0 0.7896 0.6712 0.0049 0.0065
0 0.7925 0.6576 0.0049 0.0052
0 0.7974 0.6608 0.0029 0.0039
0 0.8838 0.6452 0.0059 0.0117
0 0.8945 0.6296 0.0059 0.0091
0 0.959 0.6309 0.002 0.0039
0 0.8608 0.6862 0.0049 0.0078
0 0.9194 0.6602 0.0049 0.0078
0 0.9395 0.6562 0.0039 0.0052
0 0.8521 0.6361 0.0029 0.0039
0 0.6055 0.9876 0.0195 0.0195
0 0.731 0.9902 0.0068 0.0143
0 0.0757 0.7493 0.0088 0.0143
0 0.3032 0.6751 0.0049 0.0091
0 0.9087 0.6699 0.0049 0.0065
0 0.873 0.6621 0.0039 0.0039
0 0.8364 0.6549 0.0049 0.0078
0 0.7998 0.6283 0.0039 0.0065
0 0.9253 0.6426 0.0049 0.0065
0 0.9399 0.6419 0.0049 0.0078
0 0.9849 0.6432 0.0049 0.0078
0 0.894 0.6523 0.0088 0.0104
0 0.9004 0.651 0.0039 0.0078
0 0.834 0.6257 0.0039 0.0065
0 0.8555 0.6217 0.0039 0.0065
0 0.8706 0.6289 0.0049 0.0052
0 0.8652 0.6341 0.0039 0.0052
0 0.8213 0.6732 0.0059 0.0078
0 0.8247 0.6569 0.0029 0.0065
0 0.811 0.6406 0.0029 0.0052
0 0.9009 0.6302 0.0029 0.0052
0 0.5322 0.6491 0.0059 0.0117
0 0.46 0.6654 0.0039 0.0078
0 0.4326 0.666 0.0059 0.0117
0 0.4912 0.6745 0.0059 0.0078
0 0.4727 0.6628 0.0059 0.0078
0 0.4756 0.6439 0.0059 0.0091
0 0.5005 0.6348 0.0049 0.0091
0 0.5225 0.6458 0.0059 0.013
0 0.3994 0.6823 0.0059 0.013
0 0.6133 0.7031 0.0039 0.0078
0 0.6216 0.6888 0.0049 0.0052
0 0.5342 0.6328 0.0039 0.0078
0 0.541 0.6322 0.0039 0.0065
0 0.4961 0.6341 0.0039 0.0104
0 0.3955 0.6589 0.0078 0.0078
0 0.3472 0.6621 0.0049 0.0065
0 0.4907 0.6523 0.0029 0.0052
0 0.354 0.6758 0.0029 0.0078
0 0.3682 0.6576 0.0059 0.0078
0 0.3271 0.6667 0.0098 0.0156
0 0.3276 0.6543 0.0049 0.0065
0 0.1318 0.6712 0.0039 0.0065
0 0.165 0.6641 0.0059 0.0078
0 0.1367 0.6589 0.0059 0.0104
0 0.1323 0.6862 0.0068 0.0104
0 0.1309 0.653 0.0039 0.0091
0 0.1064 0.6465 0.0059 0.0065
0 0.0801 0.6484 0.0039 0.0052
0 0.1763 0.6667 0.0049 0.0078
0 0.1602 0.6497 0.0059 0.0078
0 0.1743 0.6439 0.0049 0.0065
0 0.1445 0.6354 0.0059 0.0104
0 0.0747 0.6777 0.0049 0.0065
0 0.0303 0.6055 0.0039 0.0052
0 0.0435 0.623 0.0049 0.0091
0 0.0308 0.6439 0.0068 0.0117
0 0.0381 0.6641 0.0059 0.0078
0 0.0229 0.6426 0.0068 0.0117
0 0.0215 0.6589 0.0039 0.0104
0 0.0576 0.6836 0.0098 0.0182
0 0.1494 0.6263 0.0059 0.0078
0 0.832 0.7617 0.0078 0.0156
0 0.791 0.6419 0.0078 0.013
0 0.8696 0.7402 0.0088 0.0143
0 0.6636 0.6204 0.0068 0.0143
0 0.5942 0.6615 0.0049 0.0104
0 0.3594 0.7044 0.0059 0.0104
0 0.208 0.6471 0.0078 0.013
0 0.1919 0.6589 0.0088 0.0104
0 0.2178 0.7422 0.0078 0.0156
0 0.105 0.8229 0.0088 0.0182
0 0.2334 0.8216 0.0117 0.0208
0 0.3188 0.7591 0.0107 0.0182
0 0.3281 0.7741 0.0117 0.0169
