0 0.9419 0.7367 0.0186 0.0351
0 0.917 0.6987 0.0156 0.0323
0 0.9365 0.6966 0.0156 0.0253
0 0.8853 0.6903 0.0166 0.0267
0 0.874 0.71 0.0156 0.0323
0 0.8594 0.7486 0.0234 0.0365
0 0.8525 0.71 0.0176 0.0267
0 0.7993 0.7226 0.0205 0.0351
0 0.7896 0.6826 0.0127 0.0197
0 0.7583 0.7317 0.0127 0.0337
0 0.7144 0.7191 0.0146 0.0309
0 0.7256 0.717 0.0137 0.0295
0 0.6909 0.7233 0.0205 0.0309
0 0.6597 0.6833 0.0127 0.0239
0 0.606 0.7177 0.0186 0.0337
0 0.6182 0.7177 0.0137 0.0281
0 0.624 0.7191 0.0137 0.0253
0 0.6489 0.7008 0.0205 0.0281
0 0.5703 0.691 0.0195 0.0309
0 0.5679 0.6475 0.0127 0.0169
0 0.5552 0.6973 0.0127 0.0239
0 0.519 0.7514 0.0205 0.0365
0 0.5337 0.7458 0.0166 0.0309
0 0.5273 0.7044 0.0098 0.0211
0 0.5029 0.6896 0.0117 0.0225
0 0.4849 0.6952 0.0107 0.0197
0 0.4751 0.7247 0.0166 0.0337
0 0.4531 0.7303 0.0215 0.0309
0 0.4707 0.6952 0.0156 0.0197
0 0.4746 0.6412 0.0098 0.0126
0 0.4585 0.6657 0.0107 0.014
0 0.4434 0.6404 0.0078 0.014
0 0.4536 0.639 0.0068 0.0112
0 0.5322 0.6615 0.0078 0.0112
0 0.4326 0.6805 0.0176 0.0267
0 0.4155 0.6917 0.0127 0.0295
0 0.3882 0.7205 0.0205 0.0365
0 0.3652 0.7296 0.0215 0.0379
0 0.2935 0.7444 0.0186 0.0281
0 0.2578 0.7289 0.0156 0.0253
0 0.3018 0.6847 0.0117 0.0183
0 0.2539 0.6812 0.0137 0.0225
0 0.2251 0.7353 0.0088 0.0239
0 0.1938 0.6699 0.0107 0.0169
0 0.2349 0.6692 0.0107 0.0154
0 0.2183 0.6468 0.0068 0.0183
0 0.2651 0.6615 0.0107 0.014
0 0.0967 0.7591 0.0215 0.0407
0 0.2085 0.7402 0.0166 0.0337
0 0.1641 0.6973 0.0195 0.0323
0 0.1011 0.6482 0.0088 0.0126
0 0.0996 0.6728 0.0098 0.014
0 0.0981 0.7072 0.0127 0.0211
0 0.1084 0.6756 0.0098 0.0169
0 0.168 0.6334 0.0098 0.014
0 0.2227 0.6931 0.0078 0.0183
0 0.0435 0.6559 0.0107 0.0197
0 0.0195 0.6671 0.0117 0.0169
0 0.0303 0.7015 0.0137 0.0239
0 0.0054 0.7388 0.0127 0.0225
0 0.0366 0.7795 0.0244 0.0393
0 0.0654 0.7268 0.0137 0.0211
0 0.0532 0.6608 0.0107 0.0154
0 0.0845 0.6348 0.0088 0.014
0 0.1904 0.6376 0.0078 0.0112
0 0.0054 0.6833 0.0127 0.0379
0 0.022 0.6369 0.0107 0.0183
0 0.1172 0.7128 0.0215 0.0435
0 0.0664 0.665 0.0117 0.0211
0 0.8354 0.6938 0.0107 0.0197
0 0.8555 0.6896 0.0137 0.0197
0 0.772 0.6931 0.0146 0.0183
0 0.7349 0.6812 0.0205 0.0281
0 0.8179 0.7037 0.0107 0.0169
0 0.2964 0.9663 0.0498 0.0618
0 0.2051 0.7001 0.0156 0.0211
0 0.519 0.6566 0.0127 0.0183
0 0.9766 0.7247 0.0215 0.0365
0 0.5986 0.6601 0.0117 0.0225
