0 0.439 0.3471 0.0166 0.0367
0 0.4976 0.3846 0.0322 0.0749
0 0.5581 0.3394 0.0186 0.0398
0 0.3794 0.3433 0.0205 0.0443
0 0.2783 0.3287 0.0098 0.0275
0 0.252 0.3242 0.0156 0.0367
0 0.3481 0.341 0.0107 0.0183
0 0.3252 0.4404 0.0098 0.0245
0 0.0249 0.3555 0.0283 0.078
0 0.0562 0.3769 0.0205 0.0566
0 0.1191 0.3081 0.0234 0.0657
0 0.1816 0.3356 0.0195 0.0474
0 0.7124 0.344 0.0146 0.0367
0 0.6343 0.3532 0.0068 0.0153
0 0.6157 0.3379 0.0049 0.0122
0 0.7661 0.3716 0.0205 0.0428
0 0.8281 0.3708 0.0215 0.0566
0 0.8154 0.3463 0.0117 0.0352
0 0.8545 0.3754 0.0254 0.0657
0 0.8687 0.4044 0.0303 0.078
0 0.9844 0.3547 0.0293 0.0642
0 0.9116 0.3219 0.0186 0.0505
0 0.7427 0.3341 0.0146 0.0321
0 0.5972 0.3631 0.0088 0.0229
