0 0.0288 0.6973 0.0557 0.0742
0 0.1484 0.6152 0.0176 0.043
0 0.1201 0.5358 0.0098 0.0169
0 0.1982 0.6224 0.0137 0.0234
0 0.2349 0.5944 0.0166 0.0273
0 0.2378 0.6289 0.0127 0.026
0 0.3247 0.6823 0.0498 0.0885
0 0.3125 0.5625 0.0078 0.013
0 0.3296 0.5931 0.0088 0.0143
0 0.4297 0.7272 0.0469 0.0924
0 0.4644 0.6621 0.0342 0.0508
0 0.4473 0.5898 0.0137 0.0286
0 0.3867 0.5853 0.0156 0.0299
0 0.4072 0.5547 0.0078 0.0156
0 0.4351 0.5508 0.0088 0.0156
0 0.5557 0.6523 0.0293 0.0599
0 0.4912 0.5651 0.0078 0.0156
0 0.4976 0.571 0.0088 0.0143
0 0.5234 0.5443 0.0059 0.013
0 0.5552 0.5293 0.0107 0.0299
0 0.623 0.5508 0.0156 0.026
0 0.7212 0.6823 0.0635 0.1328
0 0.79 0.6159 0.041 0.0807
0 0.8423 0.7513 0.0557 0.1068
0 0.9419 0.6322 0.0479 0.0768
0 0.7036 0.5521 0.0186 0.026
0 0.646 0.5273 0.0088 0.0182
0 0.8423 0.5534 0.0088 0.0182
0 0.8413 0.526 0.0088 0.0156
0 0.8042 0.5495 0.0088 0.0182
0 0.814 0.5267 0.0107 0.0169
0 0.7812 0.5547 0.0117 0.0156
0 0.7769 0.5234 0.0107 0.0182
0 0.7974 0.4941 0.0107 0.0143
0 0.7324 0.554 0.0098 0.0169
0 0.7471 0.5299 0.0078 0.0156
0 0.814 0.474 0.0068 0.0156
0 0.7783 0.4609 0.0098 0.0156
0 0.75 0.4805 0.0098 0.0156
0 0.6992 0.4896 0.0098 0.0156
0 0.7178 0.4635 0.0078 0.013
0 0.7017 0.4505 0.0088 0.013
0 0.6953 0.4688 0.0059 0.0104
0 0.6704 0.4538 0.0088 0.0143
0 0.667 0.4336 0.0059 0.0104
0 0.688 0.4538 0.0088 0.0117
0 0.7241 0.4473 0.0068 0.0117
0 0.7617 0.4219 0.0098 0.013
0 0.7974 0.4557 0.0088 0.013
0 0.834 0.4206 0.0078 0.0156
0 0.7915 0.4036 0.0088 0.013
0 0.7349 0.4193 0.0107 0.013
0 0.7217 0.4102 0.0078 0.013
0 0.7427 0.5052 0.0088 0.013
0 0.6812 0.4792 0.0068 0.0104
0 0.6611 0.4714 0.0078 0.013
0 0.562 0.5098 0.0068 0.0117
0 0.5752 0.4987 0.0078 0.013
0 0.5781 0.5195 0.0078 0.013
0 0.5967 0.515 0.0078 0.0143
0 0.6211 0.4974 0.0078 0.013
0 0.5889 0.5404 0.0059 0.013
0 0.6333 0.5072 0.0088 0.0143
0 0.6504 0.5085 0.0059 0.0117
0 0.6606 0.4889 0.0088 0.0143
0 0.5977 0.4421 0.0078 0.0143
0 0.6323 0.4401 0.0088 0.0156
0 0.6494 0.4316 0.0059 0.0117
0 0.6763 0.3672 0.0068 0.013
0 0.7021 0.3893 0.0078 0.013
0 0.7612 0.3314 0.0068 0.0117
0 0.7837 0.3177 0.0088 0.013
0 0.8164 0.3327 0.0078 0.0117
0 0.7988 0.3307 0.0059 0.0104
0 0.7896 0.3691 0.0068 0.0117
0 0.7588 0.373 0.0078 0.0117
0 0.771 0.3698 0.0068 0.013
0 0.7314 0.3737 0.0059 0.0104
0 0.8511 0.4688 0.0107 0.0156
0 0.8403 0.3223 0.0088 0.0143
0 0.8564 0.3177 0.0078 0.013
0 0.8926 0.2988 0.0098 0.0143
0 0.916 0.2448 0.0078 0.013
0 0.9414 0.2461 0.0098 0.0156
0 0.9116 0.2806 0.0088 0.0143
0 0.8862 0.3346 0.0107 0.0156
0 0.9038 0.3184 0.0088 0.0143
0 0.8623 0.3809 0.0098 0.0143
0 0.894 0.3809 0.0068 0.0143
0 0.9248 0.3268 0.0078 0.013
0 0.9414 0.3171 0.0078 0.0143
0 0.8613 0.4245 0.0078 0.0156
0 0.895 0.4199 0.0088 0.0143
0 0.751 0.4375 0.0098 0.0182
0 0.625 0.4661 0.0078 0.013
0 0.5894 0.4941 0.0088 0.0143
0 0.6089 0.5495 0.0107 0.0182
0 0.9199 0.3743 0.0098 0.0143
0 0.9297 0.4108 0.0098 0.0169
0 0.9458 0.3691 0.0107 0.0143
0 0.9688 0.3893 0.0098 0.013
0 0.9653 0.4258 0.0107 0.0208
0 0.9858 0.3633 0.0127 0.0182
0 0.9878 0.4004 0.0088 0.0143
0 0.9507 0.3229 0.0107 0.0104
0 0.979 0.3242 0.0088 0.013
0 0.9707 0.2975 0.0098 0.0169
0 0.8423 0.3893 0.0088 0.013
0 0.8735 0.5566 0.0107 0.0169
0 0.8945 0.5208 0.0117 0.0182
0 0.8584 0.4935 0.0117 0.0208
0 0.8784 0.4681 0.0088 0.0143
0 0.8574 0.4479 0.0098 0.0156
0 0.9097 0.457 0.0088 0.0156
0 0.9111 0.4382 0.0117 0.0169
0 0.9478 0.4505 0.0107 0.0156
0 0.98 0.459 0.0127 0.0169
0 0.9917 0.4896 0.0146 0.0339
0 0.9448 0.4831 0.0127 0.0208
0 0.9111 0.4876 0.0117 0.0195
0 0.9453 0.4616 0.0098 0.0143
0 0.8799 0.4928 0.0098 0.0169
0 0.9556 0.5371 0.0244 0.0456
0 0.915 0.5586 0.0234 0.0339
0 0.9097 0.5221 0.0127 0.0182
0 0.2544 0.5163 0.0107 0.0143
0 0.0815 0.6647 0.0088 0.0117
0 0.9424 0.3893 0.0098 0.013
0 0.7207 0.5306 0.0117 0.0143
0 0.7715 0.4967 0.0098 0.0143
0 0.7627 0.5072 0.0098 0.0169
0 0.8262 0.5013 0.0098 0.0156
0 0.7905 0.4329 0.0107 0.0169
0 0.8076 0.3359 0.0078 0.013
0 0.7217 0.39 0.0078 0.0143
0 0.6733 0.4082 0.0088 0.0117
0 0.9819 0.3464 0.0107 0.0156
0 0.958 0.4036 0.0117 0.0182
0 0.8901 0.4043 0.0107 0.0169
0 0.9888 0.3854 0.0088 0.0156
0 0.0635 0.6654 0.0098 0.0182
0 0.3945 0.5514 0.0078 0.0143
0 0.7417 0.4056 0.0088 0.0117
0 0.8389 0.3405 0.0078 0.0143
0 0.812 0.4141 0.0088 0.0156
0 0.8071 0.4316 0.0068 0.0143
0 0.7344 0.3984 0.0078 0.013
0 0.8252 0.4447 0.0098 0.0169
0 0.6924 0.4342 0.0137 0.0195
0 0.9106 0.3932 0.0088 0.0156
0 0.8242 0.5781 0.0117 0.026
0 0.9448 0.4108 0.0088 0.0169
0 0.3818 0.6608 0.0215 0.0482
