0 0.9824 0.5469 0.0059 0.0104
0 0.9355 0.5501 0.0059 0.0091
0 0.9028 0.5273 0.0049 0.0078
0 0.876 0.5306 0.0059 0.0091
0 0.9131 0.5566 0.0059 0.0117
0 0.9131 0.5898 0.0059 0.0104
0 0.9424 0.5905 0.0078 0.0117
0 0.9375 0.6035 0.0059 0.0091
0 0.9443 0.627 0.0098 0.0143
0 0.9365 0.6504 0.0098 0.0143
0 0.9321 0.679 0.0088 0.0143
0 0.9282 0.6732 0.0088 0.013
0 0.9106 0.6706 0.0088 0.013
0 0.9727 0.7344 0.0156 0.0286
0 0.8682 0.6647 0.0078 0.0117
0 0.8848 0.5918 0.0078 0.0117
0 0.8638 0.6172 0.0088 0.013
0 0.8545 0.599 0.0078 0.013
0 0.8379 0.5671 0.0059 0.0117
0 0.8169 0.5332 0.0049 0.0065
0 0.7896 0.5169 0.0049 0.0078
0 0.7866 0.5508 0.0049 0.0078
0 0.7524 0.5508 0.0068 0.0104
0 0.7529 0.5658 0.0078 0.0143
0 0.7378 0.584 0.0068 0.0117
0 0.7583 0.6016 0.0068 0.0104
0 0.8027 0.5911 0.0078 0.0104
0 0.7896 0.6406 0.0088 0.013
0 0.8291 0.6647 0.0098 0.0169
0 0.7651 0.6582 0.0107 0.0169
0 0.7378 0.6322 0.0088 0.0117
0 0.8574 0.7422 0.0156 0.0234
0 0.8975 0.7435 0.0137 0.0286
0 0.7993 0.7539 0.0166 0.026
0 0.7124 0.5742 0.0068 0.0104
0 0.6997 0.5508 0.0049 0.0078
0 0.6802 0.5612 0.0049 0.0078
0 0.689 0.5827 0.0068 0.0117
0 0.6523 0.5768 0.0078 0.013
0 0.647 0.5208 0.0049 0.0078
0 0.6143 0.6159 0.0078 0.013
0 0.6812 0.64 0.0088 0.0143
0 0.6943 0.6243 0.0078 0.0117
0 0.5986 0.5579 0.0059 0.0091
0 0.5913 0.5495 0.0049 0.0104
0 0.5933 0.6107 0.0088 0.013
0 0.6001 0.6419 0.0088 0.013
0 0.5742 0.6471 0.0078 0.013
0 0.5591 0.5905 0.0068 0.0117
0 0.5493 0.5697 0.0068 0.0091
0 0.5527 0.498 0.0039 0.0065
0 0.5356 0.5221 0.0049 0.0078
0 0.5303 0.5033 0.0039 0.0091
0 0.5166 0.4993 0.0039 0.0065
0 0.5034 0.4902 0.0049 0.0065
0 0.4961 0.4941 0.0039 0.0091
0 0.4844 0.5312 0.0059 0.0104
0 0.4897 0.5202 0.0049 0.0065
0 0.4932 0.5671 0.0078 0.0143
0 0.5244 0.5671 0.0059 0.0091
0 0.52 0.5885 0.0088 0.013
0 0.5 0.6003 0.0059 0.0104
0 0.5122 0.6172 0.0088 0.013
0 0.5376 0.6432 0.0088 0.013
0 0.4829 0.6426 0.0088 0.0143
0 0.4727 0.612 0.0078 0.013
0 0.4385 0.5189 0.0059 0.0091
0 0.4458 0.5391 0.0068 0.013
0 0.4624 0.5169 0.0068 0.0104
0 0.4614 0.4863 0.0049 0.0065
0 0.4243 0.5215 0.0049 0.0065
0 0.4087 0.554 0.0068 0.0091
0 0.4116 0.5716 0.0088 0.013
0 0.4438 0.5723 0.0068 0.0091
0 0.3906 0.5566 0.0059 0.0091
0 0.3706 0.5632 0.0068 0.0091
0 0.3804 0.5755 0.0068 0.0104
0 0.4038 0.4824 0.0049 0.0065
0 0.4219 0.4772 0.0039 0.0065
0 0.3755 0.4766 0.0049 0.0078
0 0.3574 0.4759 0.0039 0.0065
0 0.353 0.5046 0.0049 0.0065
0 0.3916 0.4798 0.0039 0.0065
0 0.4077 0.4805 0.0049 0.0078
0 0.2744 0.474 0.0039 0.0078
0 0.29 0.4746 0.0039 0.0065
0 0.3057 0.4668 0.0039 0.0065
0 0.3252 0.4642 0.0039 0.0065
0 0.3359 0.5065 0.0039 0.0052
0 0.3354 0.5651 0.0068 0.0104
0 0.3291 0.541 0.0059 0.0091
0 0.3198 0.5729 0.0068 0.0104
0 0.3403 0.5911 0.0088 0.013
0 0.3652 0.6107 0.0078 0.0104
0 0.3926 0.6094 0.0078 0.013
0 0.4058 0.6243 0.0088 0.0143
0 0.3926 0.6341 0.0098 0.013
0 0.3594 0.6452 0.0098 0.0169
0 0.2896 0.5208 0.0049 0.0078
0 0.2695 0.5221 0.0059 0.0078
0 0.2725 0.5482 0.0078 0.0104
0 0.2451 0.528 0.0078 0.0091
0 0.252 0.5853 0.0078 0.0117
0 0.2764 0.5964 0.0078 0.013
0 0.2837 0.6283 0.0068 0.0091
0 0.313 0.6478 0.0088 0.0117
0 0.3276 0.6224 0.0068 0.0104
0 0.2559 0.6296 0.0078 0.0117
0 0.2344 0.6335 0.0078 0.0143
0 0.1699 0.485 0.0039 0.0065
0 0.1836 0.4844 0.0039 0.0052
0 0.2163 0.5085 0.0049 0.0065
0 0.2036 0.5059 0.0049 0.0065
0 0.019 0.5254 0.0049 0.0065
0 0.0376 0.5228 0.0049 0.0065
0 0.0376 0.5 0.0049 0.0052
0 0.0688 0.5163 0.0049 0.0065
0 0.0625 0.4941 0.0039 0.0065
0 0.0796 0.4941 0.0049 0.0065
0 0.0986 0.4961 0.0039 0.0078
0 0.1152 0.4935 0.0039 0.0052
0 0.0591 0.5833 0.0068 0.013
0 0.0854 0.5768 0.0068 0.013
0 0.019 0.502 0.0049 0.0065
0 0.0063 0.599 0.0068 0.0104
0 0.0063 0.6263 0.0107 0.0156
0 0.0942 0.5977 0.0088 0.013
0 0.1362 0.6022 0.0068 0.0117
0 0.105 0.6413 0.0088 0.0117
0 0.0796 0.6758 0.0088 0.0156
0 0.043 0.6732 0.0098 0.0182
0 0.1323 0.6699 0.0107 0.0169
0 0.1685 0.5788 0.0068 0.0091
0 0.1992 0.5892 0.0078 0.0117
0 0.2163 0.5931 0.0068 0.0091
0 0.2246 0.6289 0.0078 0.013
0 0.1982 0.6165 0.0078 0.0117
0 0.1997 0.627 0.0088 0.0143
0 0.1909 0.6393 0.0088 0.0156
0 0.1646 0.6257 0.0068 0.0117
0 0.1519 0.6387 0.0088 0.0169
0 0.2261 0.668 0.0088 0.0156
0 0.2573 0.6712 0.0088 0.0143
0 0.2466 0.6947 0.0107 0.0169
0 0.0459 0.7669 0.0156 0.0208
0 0.0864 0.7793 0.0127 0.0195
0 0.0581 0.7897 0.0186 0.0247
0 0.0088 0.8125 0.0156 0.0234
0 0.0229 0.8587 0.0186 0.0247
0 0.1353 0.8678 0.0205 0.0352
0 0.1641 0.8431 0.0195 0.0247
0 0.1577 0.7389 0.0107 0.0169
0 0.1572 0.7702 0.0156 0.0273
0 0.2119 0.7682 0.0156 0.0234
0 0.2393 0.722 0.0098 0.0169
0 0.292 0.7083 0.0098 0.0182
0 0.334 0.7044 0.0098 0.0156
0 0.3574 0.7051 0.0117 0.0195
0 0.2881 0.7331 0.0098 0.0156
0 0.3398 0.765 0.0156 0.0273
0 0.3315 0.8014 0.0166 0.0326
0 0.3457 0.8411 0.0176 0.0312
0 0.2822 0.8366 0.0176 0.0326
0 0.3037 0.8822 0.0176 0.0326
0 0.3872 0.888 0.0186 0.0339
0 0.4888 0.8555 0.0166 0.0312
0 0.4448 0.7044 0.0107 0.013
0 0.4102 0.7734 0.0156 0.0208
0 0.458 0.7982 0.0176 0.0312
0 0.5288 0.7865 0.0127 0.0234
0 0.5361 0.7441 0.0176 0.0273
0 0.5781 0.7832 0.0156 0.0221
0 0.5933 0.7409 0.0146 0.0286
0 0.5376 0.6953 0.0107 0.013
0 0.5679 0.8685 0.0186 0.026
0 0.665 0.7643 0.0137 0.0208
0 0.6543 0.7161 0.0137 0.0182
0 0.6968 0.7376 0.0166 0.0273
0 0.7051 0.7799 0.0176 0.0234
0 0.7607 0.821 0.0195 0.0299
0 0.7744 0.778 0.0156 0.0273
0 0.8169 0.8255 0.0146 0.0234
0 0.7329 0.7311 0.0146 0.0195
0 0.7085 0.7096 0.0088 0.0156
0 0.7261 0.6901 0.0088 0.0156
0 0.5488 0.6732 0.0078 0.013
0 0.6484 0.6829 0.0098 0.0143
0 0.7158 0.6758 0.0098 0.0156
0 0.9873 0.7923 0.0137 0.0247
0 0.9839 0.8418 0.0205 0.0326
0 0.9102 0.9336 0.0254 0.0443
0 0.9536 0.9727 0.04 0.0521
0 0.8516 0.7891 0.0195 0.0286
0 0.8833 0.8092 0.0186 0.0326
0 0.9077 0.8568 0.0225 0.0312
0 0.8579 0.8984 0.0225 0.0391
0 0.5864 0.5059 0.0029 0.0039
0 0.2183 0.485 0.0068 0.0117
0 0.4561 0.6497 0.0078 0.0182
