0 0.9434 0.6872 0.0293 0.11
0 0.897 0.6847 0.04 0.0952
0 0.8921 0.6691 0.0361 0.0575
0 0.8057 0.6355 0.0625 0.1314
0 0.8364 0.642 0.0439 0.1117
0 0.6597 0.6806 0.0537 0.1232
0 0.5151 0.5772 0.0498 0.11
0 0.5967 0.7209 0.0352 0.1084
0 0.5713 0.9647 0.0781 0.0673
0 0.2827 0.5961 0.0361 0.0624
0 0.2734 0.5238 0.0254 0.0525
0 0.02 0.5296 0.0283 0.0805
0 0.895 0.5123 0.0361 0.0854
0 0.8472 0.4614 0.042 0.0821
0 0.8066 0.4639 0.0254 0.0476
0 0.9502 0.2759 0.0234 0.0394
0 0.9487 0.33 0.0264 0.0558
0 0.7979 0.3186 0.0195 0.0427
0 0.8115 0.3177 0.0156 0.0443
0 0.7363 0.3021 0.0273 0.0558
0 0.7588 0.4631 0.0254 0.0558
0 0.7329 0.413 0.0225 0.0443
0 0.6138 0.4064 0.0381 0.0673
0 0.6597 0.3998 0.0225 0.0476
0 0.5542 0.4516 0.0244 0.0591
0 0.5254 0.2217 0.0312 0.0755
0 0.4102 0.2233 0.0371 0.0854
0 0.2188 0.2841 0.0195 0.0361
0 0.4189 0.4269 0.0332 0.0788
0 0.3076 0.3662 0.0352 0.0657
0 0.3423 0.4425 0.0342 0.0673
0 0.0864 0.4836 0.0283 0.0673
