0 0.9399 0.1859 0.0107 0.0234
0 0.9927 0.3382 0.0127 0.0469
0 0.9072 0.2818 0.0137 0.0307
0 0.9126 0.2182 0.0166 0.0293
0 0.8906 0.2233 0.0098 0.022
0 0.8687 0.2416 0.0127 0.0264
0 0.8608 0.3316 0.0186 0.0366
0 0.8213 0.2174 0.0078 0.019
0 0.7954 0.243 0.0146 0.0293
0 0.7485 0.2482 0.0127 0.0249
0 0.7271 0.2064 0.0088 0.0146
0 0.7236 0.2687 0.0098 0.022
0 0.7007 0.2482 0.0088 0.0132
0 0.8506 0.4312 0.0352 0.063
0 0.7969 0.3851 0.0195 0.041
0 0.6714 0.2753 0.0107 0.0264
0 0.6523 0.3448 0.0215 0.0366
0 0.6274 0.325 0.0186 0.0439
0 0.6431 0.246 0.0107 0.0205
0 0.6045 0.2387 0.0098 0.0176
0 0.5874 0.2592 0.0088 0.0176
0 0.5869 0.2284 0.0059 0.0117
0 0.5332 0.2277 0.0059 0.0102
0 0.4956 0.2372 0.0068 0.0117
0 0.4678 0.2262 0.0059 0.0102
0 0.6416 0.4641 0.0293 0.0556
0 0.5361 0.4129 0.0215 0.0439
0 0.5146 0.3675 0.0156 0.0322
0 0.3511 0.7028 0.0518 0.0849
0 0.3765 0.287 0.0127 0.0264
0 0.3657 0.2899 0.0088 0.0234
0 0.3779 0.3243 0.0137 0.0278
0 0.3301 0.3433 0.0137 0.0249
0 0.3037 0.3492 0.0137 0.0278
0 0.2969 0.3924 0.0176 0.0322
0 0.2588 0.4122 0.0215 0.0395
0 0.4219 0.3272 0.0059 0.0102
0 0.4395 0.317 0.0039 0.0073
0 0.3408 0.2577 0.0098 0.0176
0 0.3462 0.2423 0.0068 0.0132
0 0.3066 0.2672 0.0078 0.0161
0 0.2861 0.2672 0.0078 0.0161
0 0.2778 0.2738 0.0107 0.0205
0 0.2798 0.2401 0.0068 0.0117
0 0.2651 0.2745 0.0068 0.0132
0 0.2534 0.3572 0.0186 0.0322
0 0.4336 0.2518 0.0059 0.0117
0 0.4429 0.2928 0.0049 0.0088
0 0.3916 0.2782 0.0059 0.0088
0 0.3931 0.2965 0.0068 0.0102
0 0.3989 0.3163 0.0049 0.0088
0 0.4038 0.3367 0.0049 0.0088
0 0.4121 0.3338 0.0039 0.0088
0 0.4287 0.3214 0.0059 0.0073
0 0.4482 0.3111 0.0039 0.0073
0 0.1177 0.3887 0.0166 0.0307
0 0.1211 0.3565 0.0117 0.022
0 0.1284 0.3192 0.0088 0.0176
0 0.1035 0.2906 0.0098 0.0161
0 0.1709 0.2621 0.0059 0.0117
0 0.0806 0.3001 0.0088 0.0146
0 0.0312 0.2936 0.0078 0.0132
0 0.0156 0.3433 0.0117 0.019
0 0.1162 0.2811 0.0078 0.0146
0 0.1499 0.2709 0.0088 0.0117
0 0.2402 0.2796 0.0059 0.0117
0 0.2451 0.2753 0.0059 0.0146
0 0.9907 0.2042 0.0166 0.022
