0 0.9165 0.3294 0.0381 0.0369
0 0.853 0.3286 0.0381 0.0369
0 0.8516 0.1594 0.0371 0.0383
0 0.7476 0.1858 0.0615 0.0333
0 0.7729 0.1388 0.0303 0.0275
0 0.707 0.1533 0.0332 0.0318
0 0.6523 0.1782 0.0605 0.0296
0 0.5884 0.1406 0.0381 0.0354
0 0.5303 0.1189 0.0391 0.0369
0 0.5327 0.1884 0.0557 0.0296
0 0.5 0.1461 0.0469 0.0333
0 0.437 0.1161 0.0322 0.0412
0 0.415 0.1851 0.0547 0.0188
0 0.1025 0.0973 0.0371 0.0456
0 0.0659 0.1497 0.0361 0.0419
0 0.0859 0.1453 0.0254 0.0362
0 0.125 0.312 0.0449 0.0369
0 0.3018 0.1988 0.0293 0.0318
0 0.4712 0.9074 0.0557 0.0477
0 0.7739 0.9422 0.0439 0.0463
0 0.5283 0.9787 0.0469 0.0412
