0 0.3052 0.0755 0.0225 0.0425
0 0.4175 0.1334 0.0264 0.044
0 0.5132 0.195 0.0186 0.0411
0 0.4771 0.2969 0.0186 0.0337
0 0.5601 0.2786 0.0166 0.0352
0 0.5806 0.2119 0.0166 0.0279
0 0.6172 0.2911 0.0215 0.0396
0 0.6748 0.3006 0.0137 0.0235
0 0.7832 0.4553 0.0117 0.022
0 0.7314 0.4003 0.0137 0.0235
0 0.7935 0.4523 0.0127 0.0249
0 0.6973 0.4032 0.0059 0.0147
0 0.9082 0.335 0.0078 0.0103
0 0.853 0.3468 0.0068 0.0103
0 0.7954 0.6503 0.0186 0.0425
0 0.9556 0.6833 0.0381 0.0792
0 0.8633 0.6525 0.0078 0.0117
0 0.8755 0.6525 0.0068 0.0117
