0 0.7017 0.4591 0.0537 0.0596
0 0.4224 0.4432 0.0869 0.1163
0 0.9912 0.1766 0.0156 0.0596
0 0.9624 0.1911 0.0342 0.0582
0 0.8999 0.3248 0.0361 0.0512
0 0.8916 0.1641 0.0391 0.0679
0 0.8306 0.1593 0.0361 0.0609
0 0.7861 0.1406 0.0371 0.054
0 0.9717 0.0976 0.0215 0.0706
0 0.9248 0.1295 0.0137 0.0263
0 0.9395 0.1316 0.0117 0.0249
0 0.959 0.1163 0.0117 0.0249
0 0.8228 0.0963 0.0186 0.0485
0 0.9033 0.0582 0.0254 0.0831
0 0.8101 0.0346 0.0303 0.072
0 0.7896 0.0679 0.0166 0.0332
0 0.7612 0.0693 0.0186 0.0499
0 0.729 0.0651 0.0205 0.0554
0 0.689 0.1427 0.0635 0.0942
0 0.6104 0.0699 0.0137 0.0235
0 0.5674 0.0173 0.0195 0.0346
0 0.5527 0.0644 0.0156 0.0263
0 0.6133 0.1946 0.0293 0.0457
0 0.5835 0.1738 0.0264 0.0402
0 0.5576 0.2161 0.0312 0.0416
0 0.5088 0.2361 0.0293 0.0512
0 0.519 0.1981 0.0186 0.036
0 0.4805 0.1717 0.0332 0.0582
0 0.4009 0.1461 0.0322 0.0512
0 0.4067 0.2687 0.0322 0.0637
0 0.4199 0.223 0.0312 0.0554
0 0.3691 0.153 0.0332 0.0623
0 0.3555 0.0693 0.0215 0.0332
0 0.2456 0.072 0.0342 0.0499
0 0.3345 0.1849 0.0518 0.0956
0 0.248 0.1544 0.0352 0.054
0 0.2612 0.2112 0.0264 0.0457
0 0.1875 0.1752 0.041 0.0679
0 0.1465 0.1932 0.0391 0.0623
0 0.1694 0.0325 0.0244 0.0457
0 0.1431 0.0256 0.0342 0.0485
