0 0.3892 0.4307 0.0947 0.1556
0 0.5981 0.6229 0.085 0.1477
0 0.0425 0.3797 0.0107 0.017
0 0.1611 0.4098 0.0098 0.0196
0 0.1772 0.4647 0.0107 0.017
0 0.0962 0.3915 0.0127 0.0222
0 0.6396 0.4163 0.0098 0.017
0 0.6138 0.4111 0.0146 0.0275
0 0.8516 0.4908 0.0312 0.0588
0 0.6826 0.434 0.0098 0.0183
0 0.9946 0.4379 0.0088 0.0157
0 0.9468 0.4438 0.0088 0.0144
0 0.0146 0.3993 0.0098 0.017
0 0.0063 0.3654 0.0088 0.0144
0 0.1982 0.3967 0.0059 0.0092
0 0.4766 0.4176 0.0117 0.0144
0 0.48 0.4124 0.0088 0.0248
