0 0.8892 0.7798 0.0205 0.0387
0 0.9292 0.6161 0.0166 0.0387
0 0.8965 0.59 0.0137 0.0283
0 0.8394 0.6324 0.0107 0.0298
0 0.8228 0.6064 0.0205 0.0372
0 0.9619 0.3676 0.0156 0.0327
0 0.9292 0.4546 0.0107 0.0342
0 0.7861 0.6488 0.0137 0.0387
0 0.7148 0.6458 0.0176 0.0357
0 0.7573 0.6101 0.0146 0.0298
0 0.6997 0.6019 0.0166 0.0312
0 0.644 0.6265 0.0186 0.0357
0 0.6343 0.6079 0.0205 0.0342
0 0.5366 0.558 0.0166 0.0327
0 0.5127 0.631 0.0195 0.0327
0 0.4365 0.6034 0.0215 0.0432
0 0.4385 0.5417 0.0078 0.0268
0 0.3984 0.6391 0.0176 0.0312
0 0.3398 0.5997 0.0176 0.0327
0 0.3037 0.5997 0.0176 0.0357
0 0.3379 0.5647 0.0176 0.0312
0 0.2603 0.6592 0.0225 0.0298
0 0.2178 0.6823 0.0176 0.0312
0 0.1797 0.6213 0.0176 0.0342
0 0.1724 0.6443 0.0146 0.0357
0 0.0996 0.6339 0.0195 0.0387
0 0.0742 0.5893 0.0195 0.0327
0 0.0645 0.5275 0.0176 0.0342
0 0.0059 0.564 0.0098 0.0357
0 0.0449 0.4807 0.0156 0.0298
0 0.2734 0.4918 0.0176 0.0312
0 0.1963 0.4866 0.0156 0.0327
0 0.1587 0.5171 0.0166 0.0372
0 0.1353 0.4144 0.0146 0.0283
0 0.1099 0.4368 0.0146 0.0283
0 0.1875 0.4271 0.0137 0.0238
0 0.2471 0.4137 0.0117 0.0268
0 0.314 0.4308 0.0146 0.0283
0 0.2827 0.4516 0.0127 0.0253
0 0.3501 0.407 0.0146 0.0193
0 0.2939 0.3787 0.0176 0.0312
0 0.2681 0.378 0.0166 0.0357
0 0.2959 0.3512 0.0156 0.0298
0 0.1909 0.3616 0.0146 0.0327
0 0.125 0.3698 0.0137 0.0283
0 0.0161 0.1912 0.0166 0.0283
0 0.0137 0.2254 0.0137 0.0253
0 0.1094 0.1436 0.0117 0.0223
0 0.4336 0.4293 0.0156 0.0312
0 0.4028 0.3571 0.0146 0.0268
0 0.4263 0.4762 0.0146 0.0179
0 0.3774 0.3244 0.0107 0.0298
0 0.0625 0.0595 0.0117 0.0238
0 0.0957 0.0357 0.0117 0.0268
0 0.2715 0.0588 0.0137 0.0283
0 0.2612 0.0387 0.0088 0.0208
0 0.2007 0.0461 0.0127 0.0268
0 0.1318 0.0387 0.0117 0.0238
0 0.2935 0.0268 0.0127 0.0238
0 0.3911 0.1071 0.0127 0.0298
0 0.5049 0.2552 0.0137 0.0312
0 0.4897 0.2946 0.0166 0.0298
0 0.5078 0.2976 0.0156 0.0298
0 0.5254 0.2723 0.0117 0.0238
0 0.5659 0.2872 0.0127 0.0238
0 0.5996 0.2545 0.0156 0.0298
0 0.4888 0.2098 0.0166 0.0387
0 0.4956 0.1935 0.0127 0.0298
0 0.5229 0.1808 0.0107 0.0164
0 0.5107 0.192 0.0098 0.0179
0 0.5952 0.1473 0.0127 0.0238
0 0.5693 0.1376 0.0098 0.0223
0 0.5586 0.1101 0.0137 0.0238
0 0.5156 0.0655 0.0137 0.0238
0 0.4912 0.0722 0.0117 0.0223
0 0.5103 0.0417 0.0127 0.0238
0 0.5186 0.0193 0.0117 0.0238
0 0.5518 0.0097 0.0117 0.0223
0 0.522 0.1124 0.0127 0.0223
0 0.5996 0.1942 0.0117 0.0253
0 0.5298 0.1555 0.0127 0.0253
0 0.7295 0.0476 0.0117 0.0268
0 0.7153 0.0595 0.0107 0.0208
0 0.8228 0.0506 0.0127 0.0238
0 0.8491 0.0342 0.0146 0.0238
0 0.8672 0.0521 0.0098 0.0238
0 0.9346 0.1399 0.0137 0.0208
0 0.9517 0.1109 0.0127 0.0253
0 0.9233 0.0923 0.0146 0.0268
0 0.9121 0.0848 0.0117 0.0238
0 0.9497 0.1763 0.0127 0.0283
0 0.8926 0.0952 0.0117 0.0298
0 0.8398 0.1719 0.0137 0.0283
0 0.8218 0.224 0.0146 0.0312
0 0.8081 0.2403 0.0166 0.0312
0 0.8281 0.2753 0.0156 0.0327
0 0.7803 0.2693 0.0156 0.0327
0 0.7622 0.2083 0.0107 0.0268
0 0.6943 0.2656 0.0156 0.0283
0 0.6636 0.3289 0.0146 0.0298
0 0.6787 0.3028 0.0156 0.0283
0 0.7539 0.34 0.0156 0.0312
0 0.4536 0.2009 0.0107 0.0208
0 0.8115 0.4025 0.0156 0.0312
0 0.748 0.4152 0.0176 0.0357
0 0.7368 0.3802 0.0166 0.0312
0 0.7886 0.465 0.0146 0.0372
0 0.7812 0.4301 0.0117 0.0268
0 0.7217 0.4717 0.0156 0.0327
0 0.8267 0.3534 0.0166 0.0283
0 0.8726 0.2887 0.0166 0.0357
0 0.8545 0.4211 0.0137 0.0298
0 0.6538 0.4665 0.0166 0.0342
0 0.7114 0.3981 0.0107 0.0283
0 0.5742 0.1853 0.0156 0.0312
0 0.8926 0.0141 0.0117 0.0193
0 0.0176 0.404 0.0137 0.0283
0 0.0034 0.4866 0.0088 0.0298
0 0.9404 0.5372 0.0078 0.0149
0 0.9517 0.5231 0.0088 0.0164
0 0.9888 0.4911 0.0186 0.0298
