0 0.9238 0.8543 0.0234 0.0457
0 0.9497 0.7929 0.0225 0.0457
0 0.9321 0.7571 0.0225 0.0457
0 0.8721 0.7736 0.0215 0.0357
0 0.8672 0.8143 0.0215 0.04
0 0.8213 0.8986 0.0176 0.0314
0 0.9785 0.6779 0.0195 0.0386
0 0.9536 0.6721 0.0186 0.0414
0 0.9043 0.6664 0.0176 0.0386
0 0.8896 0.7214 0.0195 0.0371
0 0.7661 0.8379 0.0225 0.0414
0 0.7241 0.8086 0.0205 0.04
0 0.7808 0.7707 0.0205 0.0357
0 0.8252 0.7171 0.0215 0.0371
0 0.7715 0.7229 0.0176 0.0343
0 0.7354 0.7514 0.0176 0.0343
0 0.834 0.6557 0.0176 0.04
0 0.7646 0.6893 0.0156 0.0329
0 0.6313 0.9429 0.0205 0.0286
0 0.6514 0.8879 0.0215 0.0386
0 0.6992 0.8429 0.0234 0.0457
0 0.6738 0.8057 0.0195 0.0371
0 0.6421 0.775 0.0205 0.0357
0 0.6904 0.7679 0.0176 0.0329
0 0.6968 0.7421 0.0186 0.0357
0 0.7012 0.7021 0.0215 0.0414
0 0.6963 0.6721 0.0215 0.0357
0 0.7256 0.6357 0.0215 0.0371
0 0.6016 0.8207 0.0234 0.0414
0 0.5767 0.8036 0.0205 0.0329
0 0.5703 0.75 0.0195 0.0371
0 0.6113 0.71 0.0195 0.0314
0 0.6108 0.6686 0.0205 0.0371
0 0.6387 0.6579 0.0195 0.0357
0 0.6748 0.5943 0.0195 0.0371
0 0.6333 0.6214 0.0205 0.0343
0 0.5781 0.5986 0.0195 0.04
0 0.8281 0.6221 0.0215 0.0386
0 0.7725 0.5943 0.0195 0.0371
0 0.9062 0.5971 0.0215 0.0429
0 0.5371 0.8964 0.0215 0.0443
0 0.4668 0.9393 0.0215 0.0471
0 0.4062 0.9414 0.0215 0.04
0 0.4028 0.8807 0.0166 0.0386
0 0.3389 0.9236 0.0234 0.0386
0 0.3018 0.8843 0.0254 0.0371
0 0.3047 0.7871 0.0215 0.04
0 0.3428 0.7829 0.0215 0.0371
0 0.3862 0.8471 0.0186 0.0314
0 0.3872 0.8079 0.0107 0.0329
0 0.3994 0.79 0.0215 0.0343
0 0.4321 0.7729 0.0146 0.04
0 0.4932 0.8364 0.0176 0.0386
0 0.4717 0.78 0.0195 0.0343
0 0.499 0.7836 0.0215 0.0386
0 0.4424 0.7357 0.0234 0.0371
0 0.3877 0.7429 0.0195 0.04
0 0.3652 0.7443 0.0176 0.0429
0 0.3438 0.6814 0.0215 0.04
0 0.4033 0.6514 0.0215 0.0343
0 0.4614 0.6829 0.0166 0.0429
0 0.5278 0.6921 0.0225 0.0386
0 0.5483 0.7321 0.0166 0.0386
0 0.5527 0.6693 0.0215 0.0414
0 0.5161 0.6557 0.0146 0.0314
0 0.4829 0.6414 0.0186 0.04
0 0.2441 0.9671 0.0195 0.0286
0 0.2612 0.9436 0.0186 0.0386
0 0.2153 0.9479 0.0166 0.0386
0 0.2227 0.9007 0.0195 0.0386
0 0.188 0.9114 0.0205 0.04
0 0.1665 0.9336 0.0225 0.0386
0 0.1064 0.96 0.0254 0.0429
0 0.127 0.9121 0.0137 0.0386
0 0.2778 0.78 0.0205 0.04
0 0.2856 0.7271 0.0186 0.0371
0 0.2554 0.8271 0.0225 0.0429
0 0.0352 0.9521 0.0254 0.0471
0 0.0435 0.8843 0.0244 0.04
0 0.0107 0.8643 0.0234 0.0429
0 0.0327 0.7771 0.0225 0.0343
0 0.0269 0.7436 0.0205 0.0329
0 0.0996 0.7571 0.0215 0.04
0 0.1089 0.8564 0.0205 0.0386
0 0.126 0.8093 0.0215 0.0414
0 0.1187 0.7814 0.0186 0.0343
0 0.1851 0.8171 0.0205 0.04
0 0.2354 0.81 0.0195 0.04
0 0.2085 0.7679 0.0225 0.0414
0 0.2349 0.7629 0.0205 0.04
0 0.2827 0.6486 0.0225 0.04
0 0.2134 0.6814 0.0225 0.0429
0 0.1572 0.6893 0.0234 0.0386
0 0.1235 0.71 0.0146 0.0371
0 0.0483 0.7129 0.0186 0.04
0 0.0166 0.6714 0.0176 0.04
0 0.0435 0.6471 0.0205 0.04
0 0.0664 0.66 0.0195 0.0486
0 0.106 0.6286 0.0225 0.0429
0 0.1475 0.6429 0.0215 0.0343
0 0.209 0.6471 0.0195 0.0371
0 0.0225 0.5829 0.0234 0.0429
0 0.0918 0.6186 0.0215 0.0371
0 0.0645 0.5743 0.0195 0.0429
0 0.0068 0.5286 0.0156 0.0371
0 0.0156 0.4779 0.0195 0.0357
0 0.0493 0.4871 0.0225 0.0429
0 0.165 0.6171 0.0215 0.0371
0 0.1616 0.5714 0.0225 0.0371
0 0.1362 0.5521 0.0225 0.0357
0 0.1436 0.5243 0.0176 0.0343
0 0.1187 0.5014 0.0225 0.0371
0 0.1353 0.4864 0.0186 0.0329
0 0.0044 0.4264 0.0107 0.03
0 0.0381 0.4657 0.0156 0.0343
0 0.2075 0.4979 0.0244 0.0443
0 0.0132 0.3779 0.0205 0.0386
0 0.0488 0.3721 0.0156 0.0357
0 0.1143 0.3964 0.0195 0.0357
0 0.146 0.3929 0.0186 0.04
0 0.1138 0.3457 0.0205 0.0343
0 0.2075 0.4421 0.0146 0.0386
0 0.2207 0.5907 0.0195 0.0386
0 0.2305 0.5571 0.0156 0.04
0 0.2783 0.6 0.0254 0.04
0 0.2964 0.5629 0.0205 0.0429
0 0.3354 0.6271 0.0205 0.04
0 0.2852 0.5257 0.0195 0.0343
0 0.3296 0.5086 0.0205 0.0429
0 0.21 0.4264 0.0137 0.0357
0 0.1943 0.3843 0.0215 0.0371
0 0.292 0.4121 0.0195 0.0386
0 0.2607 0.3764 0.0195 0.0386
0 0.3271 0.435 0.0195 0.0357
0 0.3569 0.4836 0.0225 0.0386
0 0.3862 0.5971 0.0205 0.0371
0 0.4043 0.5814 0.0215 0.0371
0 0.3916 0.5707 0.0195 0.0329
0 0.4287 0.6143 0.0234 0.04
0 0.4438 0.6086 0.0186 0.04
0 0.4751 0.5864 0.0186 0.0329
0 0.4448 0.5586 0.0186 0.0343
0 0.4312 0.4936 0.0205 0.0414
0 0.3823 0.4521 0.0186 0.0357
0 0.3667 0.4136 0.0166 0.0329
0 0.3467 0.3621 0.0176 0.0386
0 0.4463 0.3814 0.0195 0.0429
0 0.4087 0.375 0.0205 0.0386
0 0.4771 0.3814 0.0205 0.0371
0 0.4658 0.4721 0.0156 0.0329
0 0.5249 0.5643 0.0225 0.0371
0 0.5171 0.51 0.0186 0.0343
0 0.542 0.4521 0.0176 0.0414
0 0.5718 0.5057 0.0186 0.0343
0 0.6089 0.4736 0.0205 0.0386
0 0.6475 0.4971 0.0176 0.0343
0 0.6772 0.5436 0.0186 0.0329
0 0.7339 0.5693 0.0225 0.0386
0 0.7119 0.4921 0.0234 0.0414
0 0.6792 0.455 0.0225 0.0386
0 0.6196 0.415 0.0205 0.0329
0 0.5742 0.4043 0.0195 0.0429
0 0.563 0.37 0.0166 0.0286
0 0.6226 0.3736 0.0205 0.0357
0 0.6865 0.41 0.0195 0.0343
0 0.6978 0.3679 0.0186 0.0386
0 0.749 0.5293 0.0176 0.0329
0 0.7803 0.5264 0.0215 0.0357
0 0.8003 0.5257 0.0186 0.0371
0 0.792 0.4657 0.0195 0.0371
0 0.7471 0.455 0.0176 0.0357
0 0.7671 0.4093 0.0186 0.0386
0 0.7788 0.38 0.0186 0.0343
0 0.8486 0.4429 0.0195 0.04
0 0.8452 0.5179 0.0205 0.0329
0 0.7241 0.3243 0.0186 0.0314
0 0.7412 0.3521 0.0156 0.03
0 0.8516 0.3571 0.0215 0.0343
0 0.8789 0.4829 0.0195 0.0371
0 0.895 0.5214 0.0205 0.0371
0 0.9229 0.4986 0.0195 0.0371
0 0.9419 0.4764 0.0166 0.0329
0 0.8335 0.5686 0.0186 0.04
0 0.9204 0.5643 0.0205 0.0343
0 0.9639 0.63 0.0234 0.0457
0 0.958 0.5864 0.0176 0.0386
0 0.9805 0.5379 0.0215 0.0386
0 0.98 0.5021 0.0186 0.03
0 0.8901 0.4357 0.0166 0.0314
0 0.9639 0.415 0.0195 0.0386
0 0.9688 0.36 0.0195 0.0314
0 0.9937 0.4243 0.0107 0.0343
0 0.9131 0.36 0.0195 0.0371
0 0.9097 0.3271 0.0225 0.0343
0 0.8384 0.3221 0.0225 0.0386
0 0.9634 0.2829 0.0205 0.0314
0 0.9736 0.2664 0.0195 0.0357
0 0.9214 0.2693 0.0166 0.03
0 0.9326 0.2364 0.0137 0.0329
0 0.8447 0.2821 0.0195 0.0386
0 0.8701 0.2171 0.0117 0.0314
0 0.8115 0.2493 0.0195 0.0329
0 0.7974 0.2993 0.0166 0.0357
0 0.7583 0.26 0.0205 0.04
0 0.7104 0.2736 0.0205 0.0414
0 0.7026 0.1914 0.0186 0.0286
0 0.6831 0.18 0.0205 0.04
0 0.7397 0.16 0.0205 0.0371
0 0.7632 0.1214 0.0205 0.0371
0 0.8501 0.1643 0.0186 0.0371
0 0.8174 0.1607 0.0156 0.03
0 0.8882 0.0914 0.0205 0.0343
0 0.9746 0.1893 0.0156 0.0329
0 0.9741 0.1464 0.0166 0.0329
0 0.8159 0.0836 0.0166 0.0357
0 0.8135 0.0329 0.0195 0.0343
0 0.7012 0.1307 0.0176 0.0243
0 0.6558 0.1279 0.0186 0.0329
0 0.7476 0.0543 0.0166 0.0314
0 0.9897 0.09 0.0166 0.0371
0 0.96 0.0343 0.0176 0.0314
0 0.9199 0.0121 0.0195 0.0271
0 0.7925 0.22 0.0166 0.0371
0 0.7031 0.0214 0.0176 0.0314
0 0.625 0.285 0.0176 0.0357
0 0.6807 0.3464 0.0117 0.0329
0 0.5576 0.3071 0.0234 0.0371
0 0.4917 0.3064 0.0225 0.0357
0 0.5278 0.195 0.0205 0.0357
0 0.5049 0.1471 0.0215 0.04
0 0.6094 0.2121 0.0195 0.0357
0 0.6313 0.21 0.0186 0.0343
0 0.6099 0.1479 0.0205 0.0357
0 0.5376 0.0893 0.0225 0.0357
0 0.6748 0.3264 0.0098 0.0329
0 0.5879 0.34 0.0215 0.0343
0 0.6519 0.0164 0.0186 0.0357
0 0.583 0.0457 0.0176 0.0343
0 0.4907 0.0264 0.0186 0.0357
0 0.4546 0.1971 0.0225 0.04
0 0.4077 0.11 0.0166 0.0314
0 0.4258 0.1107 0.0176 0.0271
0 0.4165 0.1736 0.0225 0.0329
0 0.3765 0.2043 0.0205 0.0314
0 0.335 0.185 0.0176 0.0357
0 0.3276 0.1157 0.0166 0.0343
0 0.2686 0.1414 0.0215 0.0343
0 0.2778 0.0764 0.0205 0.0357
0 0.3193 0.02 0.0156 0.0257
0 0.3726 0.0314 0.0166 0.0314
0 0.4058 0.03 0.0146 0.0314
0 0.2891 0.0336 0.0156 0.0386
0 0.4658 0.3521 0.0215 0.0271
0 0.4292 0.2821 0.0205 0.0386
0 0.377 0.3329 0.0156 0.0371
0 0.3843 0.2436 0.0186 0.0357
0 0.334 0.325 0.0195 0.0329
0 0.3369 0.2893 0.0195 0.0329
0 0.2837 0.2393 0.0166 0.0329
0 0.269 0.2914 0.0186 0.0286
0 0.2563 0.3193 0.0146 0.0329
0 0.2422 0.3193 0.0137 0.0357
0 0.1655 0.3064 0.0205 0.0386
0 0.1772 0.2914 0.0166 0.0314
0 0.0991 0.265 0.0205 0.0357
0 0.2217 0.185 0.0215 0.0357
0 0.1592 0.1421 0.0176 0.0271
0 0.2319 0.1293 0.0205 0.03
0 0.2236 0.0836 0.0137 0.0243
0 0.126 0.0921 0.0195 0.0329
0 0.1719 0.0621 0.0176 0.0329
0 0.2612 0.075 0.0127 0.0329
0 0.2236 0.0557 0.0176 0.0314
0 0.0879 0.0557 0.0195 0.0343
0 0.0161 0.2721 0.0264 0.0414
0 0.0527 0.2193 0.0176 0.0329
0 0.0454 0.1379 0.0186 0.0357
0 0.0107 0.0564 0.0176 0.0386
0 0.0029 0.1386 0.0078 0.0343
0 0.04 0.0157 0.0195 0.0343
0 0.1724 0.0221 0.0186 0.0329
0 0.2314 0.0114 0.0215 0.0257
0 0.165 0.105 0.0195 0.0357
0 0.4526 0.0557 0.0186 0.0343
0 0.0967 0.4557 0.0078 0.0286
0 0.3735 0.96 0.0244 0.0457
0 0.0972 0.0243 0.0146 0.0286
