0 0.9805 0.5495 0.0312 0.0955
0 0.937 0.4566 0.0244 0.0486
0 0.855 0.6667 0.04 0.0799
0 0.8374 0.4531 0.0166 0.0347
0 0.7788 0.5443 0.0244 0.0538
0 0.7822 0.4167 0.0117 0.0278
0 0.7998 0.4358 0.0117 0.0243
0 0.8511 0.5564 0.0205 0.0573
0 0.7275 0.4375 0.0137 0.0347
0 0.6265 0.5252 0.0303 0.0538
0 0.6909 0.5547 0.0205 0.0503
0 0.561 0.5208 0.0244 0.0521
0 0.5996 0.7726 0.0469 0.0799
0 0.7153 0.6224 0.0186 0.0573
0 0.5137 0.5269 0.0195 0.0538
0 0.5142 0.4818 0.0225 0.0399
0 0.5479 0.4028 0.0117 0.0243
0 0.5156 0.4045 0.0117 0.0278
0 0.4736 0.3941 0.0078 0.0243
0 0.4365 0.6259 0.0352 0.0712
0 0.2739 0.6285 0.0342 0.0764
0 0.2212 0.6016 0.0322 0.0677
0 0.0781 0.6137 0.0254 0.0677
0 0.0156 0.5608 0.0312 0.059
0 0.1206 0.5069 0.0166 0.0347
0 0.0781 0.4705 0.0176 0.0417
0 0.3125 0.6033 0.0273 0.0677
