0 0.312 0.5316 0.0459 0.1096
0 0.2959 0.4552 0.0508 0.0741
0 0.2524 0.5039 0.0322 0.0787
0 0.2017 0.5409 0.0186 0.0355
0 0.105 0.6829 0.0459 0.091
0 0.0532 0.8418 0.1084 0.1836
0 0.0854 0.6019 0.0244 0.0463
0 0.1147 0.6026 0.0088 0.0139
0 0.1431 0.5602 0.0107 0.0154
0 0.2085 0.5278 0.0166 0.0278
0 0.1201 0.5694 0.0137 0.0216
0 0.1011 0.5903 0.0127 0.0201
0 0.0645 0.6103 0.0137 0.0355
0 0.0508 0.6196 0.0098 0.017
0 0.0308 0.6258 0.0088 0.0201
0 0.0122 0.6451 0.0107 0.0154
0 0.2002 0.4869 0.0098 0.017
0 0.1919 0.4892 0.0088 0.0216
0 0.1846 0.4792 0.0098 0.017
0 0.1538 0.5478 0.0127 0.0247
0 0.1475 0.3735 0.0527 0.0957
0 0.2261 0.4622 0.0166 0.0231
0 0.2441 0.4475 0.0098 0.0123
0 0.1807 0.5069 0.0117 0.017
0 0.3711 0.3202 0.0078 0.0108
0 0.3721 0.3827 0.0098 0.0216
0 0.3701 0.4105 0.0156 0.0247
0 0.3911 0.3025 0.0068 0.0154
0 0.3467 0.3164 0.0078 0.0123
0 0.394 0.3279 0.0088 0.017
0 0.3989 0.3056 0.0068 0.0123
0 0.3398 0.4599 0.0098 0.0154
0 0.3608 0.4552 0.0088 0.0154
0 0.3804 0.4506 0.0088 0.0185
0 0.3081 0.4028 0.0068 0.0093
0 0.3462 0.3866 0.0068 0.0139
0 0.356 0.3889 0.0088 0.0185
0 0.3838 0.3542 0.0059 0.0108
0 0.3706 0.3665 0.0049 0.0077
0 0.3618 0.3603 0.0049 0.0077
0 0.793 0.2631 0.0527 0.1096
0 0.8389 0.2168 0.0508 0.091
0 0.6978 0.2068 0.0146 0.037
0 0.6631 0.2269 0.0117 0.0278
0 0.6567 0.2415 0.0107 0.0231
0 0.6694 0.189 0.0146 0.0324
0 0.6899 0.2353 0.0127 0.0231
0 0.751 0.1698 0.0215 0.034
0 0.8086 0.1481 0.0176 0.0309
0 0.7129 0.1906 0.0176 0.0355
0 0.7329 0.189 0.0088 0.0231
0 0.7446 0.1844 0.0107 0.0201
0 0.7056 0.1605 0.0088 0.0185
0 0.7129 0.2716 0.0332 0.0556
0 0.3447 0.2863 0.0039 0.0077
0 0.3633 0.2886 0.0039 0.0062
0 0.8159 0.091 0.0186 0.0463
0 0.8765 0.0802 0.0205 0.037
0 0.9487 0.1775 0.0771 0.1636
0 0.981 0.2515 0.0361 0.108
0 0.6421 0.463 0.251 0.4753
0 0.3911 0.6366 0.085 0.1682
