0 0.6865 0.2904 0.0078 0.013
0 0.6597 0.2884 0.0068 0.0091
0 0.6333 0.2891 0.0068 0.013
0 0.6128 0.2891 0.0049 0.0104
0 0.5913 0.2923 0.0088 0.0117
0 0.5718 0.291 0.0068 0.0091
0 0.5435 0.2865 0.0068 0.0104
0 0.5215 0.2943 0.0078 0.013
0 0.499 0.2878 0.0059 0.0104
0 0.478 0.2858 0.0068 0.0091
0 0.4551 0.2904 0.0059 0.0104
0 0.4341 0.2923 0.0068 0.0117
0 0.5083 0.2103 0.042 0.0638
0 0.8833 0.6953 0.042 0.0755
0 0.1279 0.3874 0.0078 0.0169
0 0.1523 0.3574 0.0098 0.0169
0 0.0225 0.3835 0.0117 0.0221
0 0.0342 0.3314 0.0078 0.0169
0 0.1572 0.2604 0.0078 0.0156
0 0.1528 0.3053 0.0068 0.0117
0 0.1406 0.3021 0.0059 0.0104
0 0.1328 0.3047 0.0059 0.013
0 0.1831 0.3177 0.0068 0.013
0 0.168 0.3184 0.0059 0.0117
0 0.0356 0.2845 0.0088 0.0143
0 0.0312 0.2611 0.0078 0.0143
0 0.0542 0.2598 0.0068 0.0117
0 0.0728 0.2663 0.0068 0.0117
0 0.0811 0.2402 0.0059 0.0117
0 0.1055 0.2285 0.0059 0.0091
0 0.1118 0.2669 0.0068 0.013
0 0.0146 0.2168 0.0059 0.0117
0 0.0352 0.237 0.0078 0.0104
0 0.0059 0.2617 0.0078 0.013
0 0.9404 0.321 0.0078 0.0117
0 0.9653 0.3092 0.0068 0.0117
0 0.9189 0.3236 0.0059 0.0091
0 0.9209 0.306 0.0059 0.0078
0 0.939 0.3053 0.0068 0.0117
0 0.8896 0.3171 0.0059 0.0091
0 0.8774 0.3132 0.0068 0.0091
0 0.9463 0.2676 0.0078 0.0143
0 0.9072 0.2617 0.0059 0.0104
0 0.2524 0.4655 0.0068 0.0195
0 0.874 0.5573 0.0176 0.0443
0 0.9653 0.5254 0.0127 0.0352
0 0.8945 0.4505 0.0098 0.0182
0 0.0571 0.2448 0.0049 0.013
0 0.0625 0.2422 0.0059 0.013
0 0.0122 0.293 0.0107 0.0182
