0 0.2246 0.8658 0.0469 0.0886
0 0.1079 0.7953 0.0518 0.0849
0 0.1382 0.7965 0.0381 0.0824
0 0.1758 0.7422 0.041 0.0637
0 0.2583 0.7197 0.042 0.0811
0 0.3203 0.7004 0.0469 0.0724
0 0.3076 0.7896 0.0469 0.0687
0 0.4009 0.794 0.0439 0.0649
0 0.0269 0.6086 0.0361 0.0562
0 0.1084 0.5961 0.0293 0.0537
0 0.1606 0.5993 0.0342 0.0674
0 0.1934 0.6186 0.0293 0.0612
0 0.2642 0.6155 0.0283 0.0599
0 0.3384 0.618 0.04 0.0649
0 0.3491 0.5456 0.0322 0.0549
0 0.4189 0.6049 0.0332 0.0587
0 0.4395 0.5974 0.0176 0.0587
0 0.4272 0.4913 0.0342 0.0612
0 0.4004 0.7072 0.0488 0.0637
0 0.4292 0.7022 0.0303 0.0687
0 0.4961 0.6973 0.0566 0.0811
0 0.4482 0.5 0.0215 0.0537
0 0.4614 0.5175 0.0166 0.0387
0 0.5469 0.5325 0.0371 0.0562
0 0.4854 0.4213 0.0273 0.0462
0 0.3936 0.3745 0.0176 0.0325
0 0.5469 0.4039 0.0254 0.0362
0 0.54 0.661 0.0391 0.0662
0 0.4741 0.9226 0.0557 0.0724
0 0.4683 0.3427 0.0146 0.0237
0 0.5156 0.3458 0.0156 0.025
0 0.4229 0.3271 0.0098 0.02
0 0.3931 0.3271 0.0107 0.02
0 0.5977 0.4363 0.0195 0.0437
0 0.5752 0.3496 0.0215 0.03
0 0.7119 0.4769 0.0352 0.0499
0 0.7217 0.4288 0.0195 0.0362
0 0.7412 0.4544 0.0234 0.0449
0 0.7778 0.4688 0.0322 0.0487
0 0.7476 0.3708 0.0166 0.0275
0 0.6157 0.6829 0.0498 0.0674
0 0.6919 0.7016 0.04 0.0674
0 0.7549 0.7097 0.0391 0.0612
0 0.7729 0.696 0.0342 0.0637
0 0.5898 0.8333 0.041 0.0637
0 0.5703 0.8283 0.0391 0.0687
0 0.6509 0.8402 0.042 0.0724
0 0.7158 0.8976 0.0664 0.0724
0 0.8169 0.8895 0.042 0.0712
0 0.8628 0.8845 0.0537 0.0886
0 0.7827 0.8321 0.0498 0.0712
0 0.8062 0.7996 0.0361 0.0662
0 0.854 0.7772 0.0361 0.0637
0 0.6304 0.6373 0.0381 0.0637
0 0.9507 0.8752 0.0576 0.0924
0 0.8765 0.5162 0.0225 0.0387
0 0.7573 0.5156 0.0303 0.0449
0 0.8687 0.4763 0.0283 0.0412
0 0.6162 0.5481 0.043 0.0624
0 0.7007 0.397 0.0205 0.03
0 0.8569 0.4014 0.0225 0.0312
0 0.4233 0.3677 0.0225 0.0287
0 0.4346 0.3483 0.0176 0.025
