0 0.0205 0.9062 0.043 0.1026
0 0.1577 0.9333 0.1064 0.1305
0 0.397 0.838 0.085 0.1334
0 0.4502 0.871 0.0566 0.1349
0 0.6353 0.9252 0.0752 0.1232
0 0.561 0.9677 0.0596 0.0616
0 0.6982 0.7683 0.0605 0.1408
0 0.8872 0.6342 0.0498 0.0924
0 0.9741 0.4875 0.0498 0.1745
0 0.9414 0.4648 0.0605 0.1144
0 0.9146 0.415 0.0498 0.0938
0 0.8867 0.4054 0.0293 0.066
0 0.8926 0.2786 0.0371 0.0733
0 0.9795 0.2412 0.0391 0.0806
0 0.9873 0.1268 0.0234 0.0777
0 0.9146 0.1642 0.04 0.0674
0 0.8838 0.2141 0.0449 0.0733
0 0.8438 0.305 0.0312 0.0323
0 0.9712 0.0718 0.0303 0.0674
0 0.8799 0.1019 0.041 0.0718
0 0.8384 0.5007 0.0615 0.1158
0 0.748 0.6283 0.0586 0.1158
0 0.7764 0.5 0.0488 0.088
0 0.7856 0.4098 0.0459 0.0777
0 0.6938 0.5499 0.0674 0.1202
0 0.6572 0.6716 0.0625 0.1144
0 0.6704 0.4531 0.0498 0.0792
0 0.6411 0.4025 0.04 0.0806
0 0.7764 0.2676 0.0469 0.0748
0 0.769 0.3673 0.0459 0.0865
0 0.7427 0.2764 0.0342 0.0718
0 0.7905 0.1913 0.0381 0.0689
0 0.7695 0.176 0.0391 0.0674
0 0.7417 0.1496 0.0361 0.0674
0 0.7139 0.1569 0.0352 0.0645
0 0.5479 0.129 0.0352 0.0616
0 0.5884 0.143 0.0166 0.0484
0 0.6611 0.1782 0.0332 0.0484
0 0.709 0.2705 0.0391 0.0718
0 0.6211 0.1796 0.041 0.066
0 0.6152 0.2485 0.0488 0.0865
0 0.5356 0.1906 0.042 0.0616
0 0.5259 0.2537 0.0459 0.0821
0 0.6455 0.2881 0.043 0.0572
0 0.6523 0.3431 0.0469 0.0909
0 0.5581 0.4106 0.0479 0.0938
0 0.5039 0.4216 0.0488 0.1041
0 0.5493 0.3314 0.0479 0.085
0 0.4634 0.2947 0.0518 0.088
0 0.4946 0.2632 0.0264 0.0601
0 0.4678 0.2009 0.041 0.0733
0 0.4961 0.1921 0.0352 0.0557
0 0.4946 0.0762 0.0342 0.0645
0 0.3833 0.1034 0.0381 0.0572
0 0.3931 0.176 0.042 0.0704
0 0.3335 0.1584 0.042 0.0733
0 0.2671 0.1547 0.0361 0.063
0 0.3911 0.3475 0.0439 0.0733
0 0.416 0.4172 0.0547 0.0836
0 0.3457 0.4003 0.0371 0.0616
0 0.2446 0.0975 0.0322 0.0513
0 0.1562 0.1202 0.0352 0.0645
0 0.2529 0.1466 0.0254 0.0411
0 0.21 0.1496 0.0312 0.0616
0 0.187 0.154 0.0361 0.0528
0 0.1851 0.2104 0.0439 0.0806
0 0.2466 0.2001 0.042 0.0836
0 0.1055 0.1393 0.0293 0.044
0 0.1348 0.2368 0.043 0.0894
0 0.0312 0.1474 0.0391 0.0601
0 0.0332 0.2265 0.0469 0.0806
0 0.228 0.3109 0.0381 0.085
0 0.1997 0.2625 0.042 0.0557
0 0.1426 0.3328 0.0352 0.0557
0 0.1211 0.3893 0.0273 0.0689
0 0.0781 0.2815 0.0391 0.0704
0 0.021 0.3966 0.0439 0.0924
0 0.0688 0.4487 0.0479 0.0968
0 0.189 0.467 0.0459 0.1129
0 0.23 0.4062 0.0518 0.0909
0 0.2515 0.4758 0.0537 0.0836
0 0.2881 0.4516 0.0332 0.0704
0 0.3062 0.5352 0.0439 0.0997
0 0.2349 0.6547 0.0713 0.1364
0 0.0532 0.6826 0.0635 0.1188
0 0.1592 0.7742 0.0664 0.1085
0 0.4932 0.7317 0.0703 0.1261
0 0.4326 0.6818 0.0625 0.1378
0 0.3911 0.6312 0.0322 0.0836
0 0.4468 0.574 0.0635 0.1393
0 0.3755 0.4428 0.0322 0.0587
0 0.5405 0.0169 0.0107 0.022
0 0.3774 0.0491 0.0107 0.0132
