0 0.9282 0.4203 0.0303 0.0651
0 0.8999 0.407 0.0283 0.0651
0 0.813 0.4714 0.0439 0.0717
0 0.7358 0.4024 0.04 0.0691
0 0.6157 0.4356 0.0537 0.093
0 0.5283 0.427 0.0391 0.0651
0 0.478 0.4143 0.0342 0.0637
0 0.3667 0.4382 0.0303 0.0531
0 0.4092 0.3811 0.0215 0.0425
0 0.2495 0.3845 0.0205 0.0279
0 0.2422 0.3386 0.0156 0.0266
0 0.2974 0.3526 0.0127 0.0305
0 0.3623 0.3413 0.0137 0.0239
0 0.4229 0.3413 0.0156 0.0239
0 0.564 0.3772 0.0225 0.0372
0 0.0742 0.2862 0.0098 0.0226
0 0.8398 0.4163 0.0234 0.0412
0 0.7012 0.407 0.0273 0.0465
0 0.3154 0.3207 0.0137 0.0173
0 0.2852 0.3234 0.0117 0.0199
0 0.3828 0.4031 0.0254 0.0465
0 0.2114 0.3413 0.0107 0.0186
0 0.6431 0.4004 0.0322 0.0624
0 0.3213 0.3725 0.0195 0.0332
0 0.3462 0.332 0.0146 0.0239
0 0.4429 0.3307 0.0088 0.0133
