0 0.0625 0.2958 0.0156 0.0293
0 0.0117 0.3221 0.0137 0.0293
0 0.103 0.3258 0.0127 0.022
0 0.1675 0.4531 0.0205 0.0366
0 0.1265 0.4575 0.0166 0.0337
0 0.1289 0.5154 0.0273 0.0469
0 0.0229 0.6032 0.0205 0.0351
0 0.3652 0.3375 0.0098 0.022
0 0.4326 0.3551 0.0137 0.0307
0 0.3662 0.3975 0.0156 0.0307
0 0.3521 0.4275 0.0127 0.0351
0 0.2993 0.4451 0.0205 0.0439
0 0.3647 0.519 0.0127 0.0366
0 0.3223 0.6054 0.0234 0.0542
0 0.4492 0.593 0.0293 0.0615
0 0.4131 0.4575 0.0117 0.0337
0 0.4385 0.3873 0.0117 0.022
0 0.4697 0.4568 0.0215 0.0293
0 0.4146 0.9392 0.0205 0.0659
0 0.5679 0.7943 0.0342 0.0571
0 0.5859 0.3316 0.0117 0.0249
0 0.6025 0.3397 0.0117 0.0234
0 0.6582 0.3638 0.0117 0.0249
0 0.6562 0.3375 0.0098 0.0249
0 0.5239 0.3543 0.0107 0.0264
0 0.5635 0.3433 0.0098 0.022
0 0.5596 0.3704 0.0137 0.0293
0 0.5444 0.3843 0.0166 0.0278
0 0.5107 0.4048 0.0098 0.0249
0 0.5859 0.4107 0.0137 0.0249
0 0.562 0.4078 0.0146 0.0307
0 0.5938 0.4385 0.0195 0.0366
0 0.6855 0.4122 0.0137 0.0278
0 0.6821 0.4597 0.0127 0.0322
0 0.6626 0.4736 0.0186 0.0337
0 0.6567 0.5249 0.0186 0.0425
0 0.6572 0.5871 0.0176 0.0439
0 0.7026 0.6376 0.0264 0.0659
0 0.6616 0.743 0.0303 0.0512
0 0.8325 0.8558 0.0303 0.06
0 0.5986 0.9261 0.0137 0.0542
0 0.793 0.3119 0.0078 0.0146
0 0.7925 0.3426 0.0107 0.0264
0 0.7842 0.3741 0.0137 0.0278
0 0.7793 0.4078 0.0078 0.0278
0 0.7905 0.4488 0.0088 0.0278
0 0.7192 0.4173 0.0166 0.0351
0 0.7134 0.3097 0.0068 0.0161
0 0.708 0.328 0.0059 0.0176
0 0.7378 0.3214 0.0088 0.019
0 0.6846 0.3199 0.0078 0.0132
0 0.6851 0.3558 0.0107 0.0205
0 0.7026 0.3441 0.0088 0.0205
0 0.7534 0.3712 0.0107 0.022
0 0.8647 0.2914 0.0068 0.0146
0 0.8389 0.3199 0.0098 0.019
0 0.8545 0.3236 0.0059 0.0146
0 0.8281 0.3419 0.0078 0.0161
0 0.8477 0.3734 0.0137 0.0234
0 0.8696 0.3968 0.0127 0.0264
0 0.8667 0.3499 0.0068 0.0146
0 0.8228 0.5132 0.0166 0.0366
0 0.7656 0.5608 0.0195 0.0439
0 0.875 0.4605 0.0137 0.0249
0 0.8472 0.5717 0.0186 0.0425
0 0.9727 0.2548 0.0059 0.0146
0 0.9878 0.2921 0.0068 0.0161
0 0.9863 0.3133 0.0098 0.0205
0 0.9512 0.2716 0.0078 0.0132
0 0.9277 0.2738 0.0059 0.0117
0 0.894 0.3001 0.0088 0.0176
0 0.9067 0.3126 0.0088 0.0161
0 0.9492 0.3294 0.0078 0.0146
0 0.9297 0.325 0.0059 0.0146
0 0.9185 0.3346 0.0107 0.019
0 0.9019 0.3367 0.0107 0.0176
0 0.9272 0.3565 0.0107 0.0249
0 0.9473 0.3514 0.0059 0.0205
0 0.958 0.3426 0.0059 0.0146
0 0.9536 0.3917 0.0088 0.0161
0 0.9136 0.3858 0.0088 0.022
0 0.9072 0.4224 0.0117 0.019
0 0.9053 0.369 0.0117 0.0293
0 0.9399 0.298 0.0088 0.0161
0 0.9072 0.2753 0.0059 0.0146
0 0.9214 0.2621 0.0049 0.0117
0 0.8838 0.2833 0.0078 0.0161
0 0.8774 0.3411 0.0088 0.0176
0 0.8379 0.3507 0.0098 0.0161
0 0.8081 0.3529 0.0088 0.0146
0 0.8804 0.6552 0.0244 0.0571
0 0.9775 0.5827 0.0234 0.0556
0 0.9795 0.6332 0.0254 0.0512
0 0.9834 0.675 0.0215 0.0498
0 0.7446 0.3602 0.0127 0.0264
0 0.813 0.3792 0.0088 0.0205
