0 0.9272 0.3852 0.0635 0.098
0 0.9668 0.4218 0.0156 0.0278
0 0.9771 0.4079 0.0107 0.0175
0 0.8721 0.3516 0.041 0.0599
0 0.813 0.3969 0.04 0.0658
0 0.769 0.4013 0.0205 0.0395
0 0.7207 0.356 0.0586 0.1067
0 0.6685 0.3808 0.0342 0.0716
0 0.5986 0.3618 0.0371 0.0716
0 0.5728 0.3889 0.0186 0.0439
0 0.479 0.2617 0.0654 0.1199
0 0.2695 0.3246 0.0586 0.1053
0 0.084 0.3589 0.0703 0.1126
0 0.1582 0.3443 0.0137 0.0307
0 0.1885 0.3648 0.0137 0.0249
0 0.2134 0.3648 0.0127 0.0249
0 0.2324 0.3721 0.0098 0.019
0 0.1367 0.3392 0.0117 0.0292
0 0.3535 0.3794 0.0078 0.0132
0 0.3315 0.375 0.0088 0.0161
