0 0.2656 0.2431 0.0625 0.0978
0 0.1167 0.5131 0.0186 0.0394
0 0.0479 0.5869 0.0234 0.0438
0 0.0146 0.6307 0.0273 0.0526
0 0.0122 0.5905 0.0225 0.0482
0 0.2236 0.7219 0.0312 0.0599
0 0.3882 0.7161 0.0342 0.0569
0 0.3364 0.708 0.0264 0.0526
0 0.3354 0.5723 0.0225 0.0438
0 0.3999 0.492 0.0244 0.0409
0 0.4995 0.4577 0.0303 0.0511
0 0.3218 0.8715 0.0361 0.0467
0 0.3257 0.8496 0.0303 0.0672
0 0.3813 0.8416 0.0342 0.0628
0 0.4058 0.8496 0.0361 0.0672
0 0.4258 0.7964 0.0312 0.0569
0 0.4795 0.7978 0.0312 0.0569
0 0.353 0.7818 0.0361 0.0657
0 0.2944 0.9752 0.04 0.0467
0 0.6416 0.7511 0.0352 0.0628
0 0.9756 0.6818 0.0195 0.0321
0 0.9849 0.5533 0.0283 0.0526
0 0.9458 0.5533 0.0264 0.0438
0 0.814 0.7255 0.0225 0.0526
0 0.8418 0.5964 0.0215 0.0336
0 0.8608 0.5905 0.0166 0.0248
0 0.854 0.5482 0.0186 0.0336
0 0.958 0.4066 0.0176 0.0307
0 0.9941 0.4219 0.0098 0.0321
0 0.9604 0.373 0.0166 0.0336
0 0.9321 0.3693 0.0107 0.0204
0 0.5894 0.6431 0.0205 0.0394
0 0.5718 0.5839 0.0186 0.035
0 0.2827 0.5438 0.0225 0.0365
0 0.3276 0.5007 0.0244 0.0496
0 0.3638 0.4533 0.0186 0.0336
0 0.4038 0.3796 0.0107 0.0175
0 0.4341 0.4438 0.0146 0.0263
0 0.252 0.3672 0.0137 0.0219
0 0.2822 0.392 0.0098 0.019
0 0.2759 0.4854 0.0146 0.0336
0 0.3384 0.3912 0.0127 0.0204
0 0.5435 0.5978 0.0225 0.0423
0 0.5967 0.8343 0.0273 0.054
0 0.9136 0.7226 0.0381 0.073
0 0.0786 0.7876 0.04 0.0832
0 0.0459 0.4766 0.0156 0.0365
0 0.0693 0.592 0.0215 0.0511
0 0.314 0.4234 0.0088 0.0175
0 0.3672 0.3854 0.0117 0.0234
0 0.2441 0.427 0.0098 0.0248
0 0.4551 0.5022 0.0215 0.0467
