0 0.9209 0.1441 0.0332 0.0647
0 0.8496 0.2941 0.0508 0.0912
0 0.7925 0.1735 0.0303 0.0588
0 0.7246 0.0176 0.0234 0.0382
0 0.6689 0.2221 0.0312 0.0618
0 0.5991 0.4309 0.0479 0.0971
0 0.5454 0.389 0.0361 0.0721
0 0.5093 0.3051 0.0322 0.0632
0 0.5493 0.0485 0.0166 0.0353
0 0.4932 0.0699 0.0176 0.0338
0 0.3701 0.3551 0.0332 0.0603
0 0.4321 0.1331 0.0146 0.025
0 0.3975 0.1235 0.0137 0.0294
0 0.3716 0.1118 0.0107 0.0265
0 0.4346 0.0154 0.0098 0.0191
0 0.3906 0.011 0.0098 0.0191
0 0.3516 0.0206 0.0098 0.0206
0 0.314 0.0294 0.0107 0.0206
0 0.332 0.1324 0.0098 0.0176
0 0.272 0.0566 0.0088 0.0221
0 0.376 0.2162 0.0254 0.0471
0 0.2915 0.2478 0.0146 0.0279
0 0.2651 0.2419 0.0205 0.0338
0 0.2939 0.3037 0.0215 0.0368
0 0.582 0.1949 0.0195 0.0338
0 0.25 0.4426 0.0332 0.0618
0 0.1255 0.4537 0.0361 0.0603
0 0.1406 0.3706 0.0352 0.0618
0 0.124 0.3449 0.0234 0.0397
0 0.0117 0.425 0.0254 0.05
0 0.0625 0.3412 0.0195 0.0353
0 0.0684 0.2993 0.0156 0.0279
0 0.0762 0.2809 0.0156 0.0265
0 0.1143 0.2691 0.0117 0.0176
0 0.1177 0.3228 0.0127 0.025
0 0.1279 0.2985 0.0156 0.0235
0 0.1323 0.3199 0.0166 0.025
0 0.1777 0.3191 0.0098 0.0206
0 0.1851 0.2662 0.0166 0.0294
0 0.0747 0.1831 0.0146 0.0309
0 0.1064 0.1654 0.0117 0.025
0 0.0938 0.1787 0.0098 0.0132
0 0.0645 0.1618 0.0059 0.0118
0 0.1289 0.1574 0.0098 0.0206
0 0.2017 0.0919 0.0088 0.0191
0 0.2324 0.0941 0.0098 0.0176
0 0.2778 0.1647 0.0088 0.0147
0 0.2407 0.1765 0.0166 0.0235
0 0.167 0.1706 0.0117 0.0206
0 0.146 0.1154 0.0088 0.0162
0 0.1318 0.1287 0.0098 0.0162
0 0.1055 0.1265 0.0098 0.0176
0 0.0278 0.2125 0.0107 0.0191
0 0.2007 0.1713 0.0107 0.0191
