0 0.0171 0.8857 0.0107 0.0215
0 0.0381 0.9473 0.0117 0.0273
0 0.0859 0.9385 0.0098 0.0215
0 0.1006 0.9736 0.0156 0.0332
0 0.125 0.9561 0.0098 0.0254
0 0.2109 0.9443 0.0117 0.0371
0 0.1509 0.8008 0.0088 0.0195
0 0.1377 0.7822 0.0078 0.0176
0 0.1167 0.7793 0.0068 0.0195
0 0.1597 0.875 0.0107 0.0195
0 0.2236 0.8037 0.0078 0.0176
0 0.2354 0.7354 0.0059 0.0137
0 0.104 0.8135 0.0068 0.0215
0 0.1616 0.7842 0.0029 0.0137
0 0.2935 0.9189 0.0146 0.0371
0 0.354 0.9414 0.0107 0.0312
0 0.3696 0.9141 0.0088 0.0273
0 0.3994 0.8926 0.0078 0.0312
0 0.4062 0.9883 0.0137 0.0195
0 0.394 0.8379 0.0088 0.0234
0 0.3457 0.8252 0.0059 0.0176
0 0.3608 0.8213 0.0068 0.0137
0 0.3457 0.79 0.0098 0.0215
0 0.3018 0.8555 0.0059 0.0156
0 0.3066 0.8232 0.0078 0.0176
0 0.2598 0.8916 0.0059 0.0176
0 0.2715 0.9717 0.0078 0.0254
0 0.2632 0.7861 0.0068 0.0176
0 0.2363 0.7842 0.0059 0.0137
0 0.3828 0.9053 0.0078 0.0137
0 0.335 0.7686 0.0039 0.0137
0 0.5405 0.875 0.0127 0.0273
0 0.4463 0.9199 0.0078 0.0273
0 0.4268 0.8516 0.0078 0.0195
0 0.4438 0.7793 0.0107 0.0234
0 0.5244 0.833 0.0059 0.0254
0 0.5366 0.8301 0.0088 0.0195
0 0.4775 0.7568 0.0059 0.0137
0 0.5938 0.7666 0.0078 0.0215
0 0.5752 0.834 0.0078 0.0195
0 0.583 0.7373 0.0059 0.0176
0 0.4951 0.7949 0.0078 0.0195
0 0.4927 0.8721 0.0068 0.0293
0 0.4316 0.7988 0.0078 0.0156
0 0.4492 0.7197 0.0039 0.0098
0 0.4189 0.7393 0.0039 0.0137
0 0.5581 0.7959 0.0068 0.0215
0 0.709 0.9482 0.0156 0.0371
0 0.7417 0.9648 0.0205 0.043
0 0.6338 0.9795 0.0156 0.0371
0 0.6265 0.8955 0.0068 0.0215
0 0.6206 0.874 0.0088 0.0176
0 0.6021 0.8779 0.0107 0.0215
0 0.7324 0.8389 0.0117 0.0254
0 0.6982 0.8916 0.0098 0.0332
0 0.7197 0.8105 0.0098 0.0273
0 0.6836 0.7998 0.0078 0.0254
0 0.6299 0.7891 0.0059 0.0195
0 0.6509 0.7812 0.0068 0.0195
0 0.6919 0.7666 0.0088 0.0176
0 0.832 0.96 0.0137 0.0332
0 0.8247 0.8535 0.0146 0.0312
0 0.856 0.835 0.0146 0.0293
0 0.8916 0.8281 0.0156 0.0312
0 0.9058 0.9668 0.0146 0.043
0 0.9326 0.8477 0.0156 0.043
0 0.9746 0.8369 0.0098 0.0332
0 0.7876 0.8359 0.0127 0.0273
0 0.7974 0.8564 0.0088 0.0215
0 0.7744 0.7988 0.0098 0.0234
0 0.8252 0.7725 0.0117 0.0293
0 0.9253 0.7432 0.0107 0.0293
0 0.8413 0.7383 0.0068 0.0195
0 0.9546 0.7383 0.0068 0.0195
0 0.666 0.7529 0.0098 0.0254
0 0.5366 0.7158 0.0088 0.0254
0 0.5142 0.7363 0.0088 0.0195
0 0.4824 0.7217 0.0078 0.0176
0 0.1738 0.7725 0.0098 0.0176
0 0.2075 0.7725 0.0088 0.0215
0 0.1748 0.8965 0.0098 0.0273
