0 0.4238 0.3195 0.0137 0.0266
0 0.3955 0.3164 0.0117 0.0297
0 0.3677 0.4133 0.0186 0.0266
0 0.3564 0.3781 0.0137 0.0281
0 0.3164 0.3305 0.0195 0.0297
0 0.2886 0.3172 0.0146 0.0312
0 0.332 0.3984 0.0156 0.0375
0 0.2251 0.318 0.0166 0.0234
0 0.188 0.2977 0.0146 0.0297
0 0.1958 0.3859 0.0186 0.0312
0 0.2407 0.4016 0.0166 0.0344
0 0.1133 0.3555 0.0215 0.0359
0 0.1353 0.2836 0.0166 0.0328
0 0.0859 0.307 0.0156 0.0234
0 0.0117 0.3141 0.0254 0.0531
0 0.0381 0.3227 0.0156 0.0297
0 0.8613 0.1805 0.0312 0.0422
0 0.4751 0.3219 0.0127 0.0188
