0 0.4863 0.7643 0.0645 0.123
0 0.4199 0.5081 0.0527 0.1025
0 0.1914 0.4693 0.0547 0.0747
0 0.0684 0.1808 0.0449 0.0776
0 0.7847 0.1303 0.0381 0.0791
0 0.4414 0.1611 0.0332 0.0615
0 0.645 0.0688 0.0322 0.0586
0 0.6997 0.1691 0.0322 0.0688
0 0.6162 0.3551 0.0625 0.0747
0 0.7202 0.4656 0.0459 0.0996
0 0.6948 0.3038 0.0342 0.06
0 0.8169 0.0761 0.0166 0.0469
0 0.8008 0.0366 0.0273 0.0586
0 0.8628 0.1076 0.0322 0.0571
0 0.9082 0.0988 0.0273 0.0542
0 0.7769 0.052 0.0205 0.0454
0 0.9058 0.1991 0.0283 0.0586
0 0.9336 0.4429 0.0332 0.101
0 0.9751 0.0395 0.0127 0.0351
0 0.6504 0.1684 0.0137 0.0556
0 0.7856 0.7928 0.0498 0.101
0 0.9609 0.7365 0.0488 0.0937
0 0.6646 0.5498 0.0479 0.101
0 0.938 0.5857 0.0576 0.1054
0 0.8359 0.9553 0.0352 0.0864
0 0.3018 0.47 0.0469 0.0937
0 0.2837 0.3228 0.04 0.0688
0 0.9946 0.1984 0.0088 0.0542
0 0.7197 0.0242 0.0195 0.0307
