0 0.9785 0.4068 0.0098 0.0216
0 0.9717 0.376 0.0117 0.0233
0 0.9316 0.3611 0.0098 0.0166
0 0.9297 0.3827 0.0098 0.0166
0 0.9023 0.3669 0.0117 0.025
0 0.895 0.3719 0.0088 0.0216
0 0.8721 0.3719 0.0176 0.0316
0 0.8486 0.3677 0.0117 0.02
0 0.8198 0.3569 0.0088 0.0183
0 0.8042 0.3952 0.0166 0.0349
0 0.8057 0.3544 0.0078 0.0133
0 0.791 0.3469 0.0078 0.015
0 0.7227 0.4052 0.0215 0.0449
0 0.7456 0.3502 0.0146 0.0316
0 0.7085 0.3461 0.0146 0.0266
0 0.6699 0.3777 0.0352 0.0765
0 0.6367 0.3436 0.0273 0.0582
0 0.5044 0.2479 0.0322 0.0799
0 0.4683 0.3111 0.0166 0.0333
0 0.3125 0.3195 0.0293 0.0599
0 0.3896 0.2438 0.0371 0.0749
0 0.2432 0.2488 0.0137 0.0316
0 0.1787 0.2138 0.0391 0.0749
0 0.0474 0.1922 0.0303 0.0582
