0 0.5469 0.3662 0.0254 0.0658
0 0.6401 0.345 0.0244 0.0658
0 0.6299 0.3397 0.0117 0.034
0 0.6631 0.3652 0.0156 0.0552
0 0.7026 0.3684 0.0205 0.0616
0 0.7173 0.3546 0.0303 0.0637
0 0.7681 0.3089 0.0186 0.0828
0 0.855 0.3206 0.0205 0.0637
0 0.9629 0.3323 0.0273 0.0786
0 0.9785 0.4809 0.0391 0.1295
0 0.6274 0.7357 0.0381 0.0955
0 0.7407 0.8163 0.0576 0.1975
0 0.3779 0.3599 0.0117 0.087
0 0.3472 0.3344 0.0342 0.0998
0 0.2915 0.3323 0.0166 0.0786
0 0.2402 0.3631 0.0391 0.1019
0 0.2017 0.3291 0.0264 0.0807
0 0.1704 0.3832 0.0205 0.0658
0 0.1157 0.327 0.0381 0.1062
0 0.0332 0.3864 0.0352 0.1401
0 0.0479 0.311 0.0273 0.0786
