0 0.2158 0.5232 0.0859 0.1684
0 0.3638 0.3985 0.0439 0.0782
0 0.0361 0.4158 0.0547 0.1101
0 0.0991 0.2918 0.0166 0.0398
0 0.1929 0.2653 0.0225 0.0371
0 0.2461 0.2752 0.0332 0.0544
0 0.248 0.3501 0.0352 0.0531
0 0.1904 0.3946 0.0391 0.0544
0 0.3154 0.38 0.0391 0.0676
0 0.4263 0.3846 0.0518 0.1061
0 0.3564 0.2473 0.0293 0.0438
0 0.2886 0.242 0.0244 0.0491
0 0.2485 0.2235 0.0264 0.0438
0 0.2144 0.1989 0.0166 0.0265
0 0.3364 0.321 0.0381 0.0477
0 0.292 0.195 0.0234 0.0345
0 0.4336 0.2142 0.0273 0.0332
0 0.3765 0.2029 0.0127 0.0159
0 0.8149 0.4509 0.1084 0.1777
0 0.9492 0.6903 0.0938 0.2082
0 0.6655 0.3216 0.0381 0.0782
0 0.6274 0.3176 0.04 0.0517
0 0.7583 0.2633 0.0381 0.0438
0 0.7935 0.2712 0.0264 0.0491
0 0.5049 0.2036 0.0234 0.0279
0 0.5972 0.1883 0.0186 0.0212
0 0.5249 0.2434 0.0244 0.0305
0 0.5688 0.2792 0.0264 0.0358
0 0.5088 0.3574 0.043 0.0889
0 0.7686 0.3985 0.0332 0.057
0 0.7031 0.2825 0.0254 0.0265
0 0.5493 0.1286 0.0107 0.0159
0 0.4873 0.1916 0.0176 0.0279
0 0.5093 0.1194 0.0107 0.0186
0 0.4966 0.1101 0.0068 0.008
0 0.5171 0.063 0.0088 0.0146
0 0.8384 0.2241 0.0225 0.0584
0 0.875 0.2513 0.0234 0.0544
0 0.9297 0.3415 0.0293 0.0782
0 0.939 0.2434 0.0381 0.0597
0 0.2002 0.1353 0.0098 0.0186
0 0.2183 0.118 0.0049 0.008
0 0.2266 0.1194 0.0059 0.0106
0 0.1865 0.1499 0.0059 0.0106
0 0.1631 0.0756 0.0039 0.0053
0 0.0801 0.1558 0.0078 0.0119
0 0.146 0.189 0.0068 0.0066
0 0.1426 0.189 0.0039 0.0066
0 0.0986 0.0597 0.0059 0.0053
0 0.082 0.0756 0.0039 0.0053
0 0.2017 0.1054 0.0049 0.0066
0 0.1772 0.1174 0.0049 0.0066
0 0.166 0.1207 0.0059 0.008
0 0.2437 0.1605 0.0049 0.008
0 0.2681 0.1638 0.0068 0.0119
0 0.9771 0.2056 0.0166 0.0345
0 0.8823 0.1585 0.0107 0.0146
0 0.9854 0.1664 0.0234 0.0225
0 0.9019 0.1691 0.0127 0.0199
0 0.811 0.1393 0.0068 0.008
0 0.8281 0.124 0.0039 0.0066
0 0.9321 0.134 0.0068 0.008
0 0.9092 0.1976 0.0176 0.0398
0 0.936 0.2023 0.0244 0.0385
0 0.4146 0.1021 0.0068 0.008
0 0.4517 0.1306 0.0068 0.0119
0 0.4282 0.1214 0.0049 0.0066
0 0.4302 0.1074 0.0049 0.0053
0 0.3535 0.0948 0.0039 0.004
0 0.3477 0.0902 0.002 0.0027
0 0.3169 0.1485 0.0088 0.0133
0 0.0112 0.2281 0.0186 0.0212
0 0.0859 0.2115 0.0254 0.0279
0 0.0508 0.2255 0.0195 0.0424
0 0.1714 0.7102 0.1104 0.2029
0 0.5728 0.8203 0.0791 0.1446
0 0.3501 0.8296 0.1045 0.1472
0 0.5107 0.4927 0.0938 0.1658
0 0.6851 0.5405 0.0342 0.1127
0 0.4331 0.2951 0.0225 0.0279
0 0.7358 0.3541 0.0225 0.0345
0 0.7197 0.3488 0.0195 0.0451
0 0.8613 0.1618 0.0137 0.0212
0 0.8311 0.189 0.0195 0.0252
0 0.6919 0.2493 0.0107 0.0292
0 0.7607 0.3289 0.0156 0.0371
0 0.7168 0.311 0.0156 0.0225
0 0.9536 0.1127 0.0049 0.008
0 0.9438 0.128 0.0068 0.0119
0 0.9395 0.124 0.0059 0.0093
0 0.8774 0.1273 0.0088 0.0106
0 0.8838 0.1154 0.0059 0.008
0 0.875 0.1147 0.0059 0.0066
0 0.853 0.1048 0.0029 0.0053
0 0.8472 0.1187 0.0049 0.0066
0 0.8535 0.1141 0.0059 0.008
0 0.8369 0.134 0.0078 0.0106
0 0.8662 0.187 0.0078 0.0106
0 0.8193 0.1771 0.0156 0.0332
0 0.7847 0.1459 0.0127 0.0239
0 0.8047 0.1313 0.0059 0.0106
0 0.793 0.1247 0.0059 0.0106
0 0.7881 0.2142 0.0234 0.0332
0 0.7432 0.2168 0.0215 0.0332
0 0.71 0.2129 0.0156 0.0225
0 0.9204 0.1844 0.0166 0.0345
0 0.9707 0.1293 0.0059 0.0066
0 0.6309 0.1983 0.0156 0.0358
0 0.5938 0.2215 0.0176 0.0318
0 0.4639 0.1194 0.0059 0.008
0 0.5664 0.116 0.0059 0.0093
0 0.5801 0.1247 0.0059 0.0106
0 0.5342 0.1267 0.0059 0.0093
0 0.4834 0.1233 0.0078 0.0133
0 0.4526 0.1001 0.0049 0.0066
0 0.4644 0.1048 0.0049 0.008
0 0.4297 0.0955 0.0039 0.008
0 0.5337 0.0981 0.0088 0.0133
0 0.416 0.0862 0.0059 0.008
0 0.4219 0.0822 0.0059 0.0106
0 0.4102 0.1134 0.0059 0.0093
0 0.4023 0.1273 0.0039 0.008
0 0.1831 0.1386 0.0088 0.0119
0 0.1665 0.1439 0.0068 0.0146
0 0.1562 0.134 0.0059 0.0133
0 0.1504 0.1426 0.0059 0.0093
0 0.0894 0.1426 0.0088 0.0119
0 0.186 0.1094 0.0088 0.0119
0 0.2241 0.0889 0.0068 0.008
0 0.2314 0.0763 0.0039 0.0066
0 0.25 0.0849 0.0059 0.0106
0 0.2295 0.1519 0.0059 0.0093
0 0.2554 0.1598 0.0088 0.0119
0 0.2783 0.1565 0.0078 0.0133
0 0.2886 0.1538 0.0049 0.0133
0 0.3257 0.1346 0.0049 0.0093
0 0.376 0.1538 0.0098 0.0133
0 0.2061 0.0915 0.0059 0.008
0 0.1489 0.0955 0.0068 0.0106
0 0.1616 0.0922 0.0049 0.0093
0 0.1382 0.0729 0.0049 0.008
0 0.2588 0.1041 0.0059 0.0093
0 0.04 0.1048 0.0039 0.0053
0 0.0332 0.1446 0.0059 0.0106
0 0.0234 0.1678 0.0078 0.0093
0 0.0967 0.122 0.0059 0.0106
0 0.104 0.1088 0.0068 0.0106
0 0.1108 0.0869 0.0049 0.0093
0 0.0908 0.1001 0.0059 0.0093
0 0.0806 0.1107 0.0068 0.0093
0 0.0786 0.1426 0.0049 0.0093
0 0.0474 0.0962 0.0068 0.0093
0 0.1597 0.1684 0.0049 0.008
0 0.1675 0.1976 0.0068 0.0159
0 0.3208 0.2599 0.0146 0.0292
0 0.0664 0.1008 0.0059 0.0106
0 0.0522 0.1399 0.0068 0.0093
0 0.0249 0.124 0.0049 0.0093
0 0.041 0.1207 0.0059 0.0106
0 0.0146 0.124 0.0059 0.0119
0 0.043 0.0776 0.0039 0.0066
0 0.0552 0.0782 0.0049 0.008
0 0.0767 0.0922 0.0049 0.0066
0 0.0889 0.0922 0.0059 0.0093
0 0.0273 0.0975 0.0039 0.0066
0 0.1533 0.0656 0.0039 0.004
0 0.1729 0.0902 0.0039 0.0053
0 0.1304 0.1446 0.0068 0.008
0 0.123 0.1313 0.0059 0.0106
0 0.1016 0.1306 0.0039 0.0093
0 0.0771 0.0723 0.0039 0.0066
0 0.0674 0.0703 0.0039 0.0053
0 0.0498 0.0643 0.0039 0.0066
0 0.0312 0.0782 0.0039 0.008
0 0.0361 0.1247 0.0039 0.0053
0 0.0439 0.1333 0.0059 0.0119
0 0.1904 0.122 0.0059 0.008
0 0.1968 0.1021 0.0049 0.0133
0 0.1987 0.0855 0.0049 0.0066
0 0.1821 0.061 0.0029 0.0053
0 0.1694 0.0736 0.0049 0.0093
0 0.1973 0.055 0.0039 0.0093
0 0.2153 0.0796 0.0049 0.008
0 0.2002 0.0749 0.0039 0.0066
0 0.1099 0.0537 0.0029 0.0066
0 0.1431 0.0597 0.0049 0.0053
0 0.061 0.059 0.0029 0.004
0 0.02 0.0928 0.0029 0.0053
0 0.0552 0.1094 0.0049 0.0066
0 0.0542 0.128 0.0049 0.0066
0 0.0479 0.1585 0.0059 0.0119
0 0.0693 0.1359 0.0059 0.0172
0 0.0757 0.1227 0.0049 0.0093
0 0.0195 0.1074 0.0059 0.0106
0 0.0137 0.1592 0.0059 0.0133
0 0.0146 0.183 0.0059 0.008
0 0.0562 0.1797 0.0049 0.0066
0 0.1553 0.1054 0.0078 0.0093
0 0.1421 0.1446 0.0049 0.008
0 0.1704 0.1041 0.0049 0.0093
0 0.1846 0.0962 0.0059 0.0066
0 0.1665 0.0842 0.0068 0.0093
0 0.1465 0.0836 0.0059 0.0106
0 0.0776 0.0849 0.0049 0.008
0 0.0605 0.0942 0.0059 0.0106
0 0.0576 0.0822 0.0078 0.008
0 0.019 0.0809 0.0049 0.008
0 0.0161 0.0696 0.0029 0.0066
0 0.0278 0.0471 0.0049 0.0066
0 0.0371 0.0471 0.0059 0.0066
0 0.1694 0.0398 0.0049 0.008
0 0.2085 0.0603 0.0068 0.0093
0 0.2002 0.0617 0.0039 0.0066
0 0.2148 0.0577 0.0059 0.0119
0 0.1631 0.0557 0.0039 0.008
0 0.1431 0.0656 0.0049 0.004
0 0.1309 0.069 0.0039 0.008
0 0.1548 0.0908 0.0049 0.0066
0 0.835 0.122 0.0039 0.0053
0 0.9277 0.116 0.0039 0.0066
0 0.2637 0.0842 0.0059 0.0066
0 0.293 0.0928 0.0059 0.008
0 0.5796 0.1041 0.0068 0.0093
0 0.4717 0.0882 0.0059 0.0119
0 0.4233 0.1817 0.0127 0.0159
0 0.1631 0.242 0.0156 0.0385
0 0.1821 0.2493 0.0166 0.0345
