0 0.0928 0.4666 0.0137 0.0295
0 0.1602 0.4433 0.0137 0.0233
0 0.1714 0.4216 0.0107 0.0171
0 0.1108 0.4457 0.0107 0.0217
0 0.2705 0.3991 0.0117 0.0217
0 0.2534 0.4581 0.0479 0.0932
0 0.2637 0.3766 0.0059 0.0109
0 0.2583 0.3766 0.0049 0.0109
0 0.2876 0.3727 0.0068 0.0155
0 0.3174 0.3672 0.0059 0.0109
0 0.4092 0.4068 0.0391 0.0932
0 0.4604 0.3843 0.0244 0.0606
0 0.4883 0.3571 0.0156 0.0342
0 0.5044 0.3921 0.0303 0.073
0 0.5498 0.3214 0.0156 0.0342
0 0.5674 0.3012 0.0098 0.0217
0 0.5762 0.3439 0.0234 0.0543
0 0.6113 0.2888 0.0098 0.0217
0 0.6216 0.288 0.0068 0.014
0 0.7432 0.2624 0.0156 0.0497
0 0.7295 0.1242 0.0117 0.0248
0 0.3408 0.9224 0.0879 0.1522
0 0.5908 0.6848 0.0703 0.1553
