0 0.9219 0.0425 0.0488 0.0885
0 0.8286 0.0677 0.0459 0.0903
0 0.7612 0.0373 0.0439 0.0781
0 0.7031 0.0312 0.0469 0.066
0 0.5957 0.0677 0.0508 0.0764
0 0.6172 0.1562 0.0449 0.0903
0 0.668 0.1345 0.0449 0.0781
0 0.6846 0.1788 0.0449 0.0833
0 0.7109 0.2552 0.0332 0.0868
0 0.8218 0.1606 0.0498 0.099
0 0.9033 0.2405 0.0312 0.1128
0 0.8691 0.2561 0.0488 0.0885
0 0.8213 0.2804 0.0547 0.1267
0 0.8418 0.3941 0.0527 0.1111
0 0.7207 0.3759 0.0332 0.0885
0 0.6792 0.3394 0.0596 0.1059
0 0.6528 0.4245 0.0557 0.1615
0 0.8687 0.4514 0.0674 0.1181
0 0.9736 0.3333 0.0508 0.1215
0 0.8887 0.546 0.0645 0.1198
0 0.7319 0.5998 0.0732 0.1788
0 0.9727 0.5035 0.0527 0.1354
0 0.9785 0.6693 0.041 0.1337
0 0.8208 0.7509 0.0791 0.1962
0 0.6206 0.6536 0.0791 0.1615
0 0.9365 0.8828 0.0898 0.2031
0 0.5342 0.0503 0.043 0.0833
0 0.5044 0.1241 0.042 0.0885
0 0.5859 0.2318 0.041 0.1094
0 0.5044 0.2318 0.0596 0.1372
0 0.4531 0.1762 0.0488 0.1024
0 0.4141 0.0712 0.0508 0.1007
0 0.3481 0.0547 0.042 0.092
0 0.3765 0.3116 0.0557 0.1128
0 0.3379 0.1545 0.0488 0.1111
0 0.3442 0.2778 0.0439 0.0972
0 0.5049 0.4436 0.0664 0.1163
0 0.4482 0.3394 0.0508 0.092
0 0.436 0.6259 0.0654 0.1337
0 0.4287 0.7457 0.084 0.1719
0 0.4971 0.9306 0.0879 0.1354
0 0.5659 0.8976 0.0693 0.1736
0 0.2949 0.0477 0.0449 0.0955
0 0.2515 0.0608 0.0361 0.0903
0 0.2285 0.1198 0.0352 0.1042
0 0.2549 0.2292 0.0469 0.1215
0 0.2783 0.2023 0.0254 0.092
0 0.2051 0.0538 0.043 0.0972
0 0.1777 0.1163 0.0527 0.1285
0 0.0957 0.1189 0.0508 0.1024
0 0.1499 0.0373 0.0322 0.0712
0 0.0596 0.1545 0.043 0.0903
0 0.0347 0.178 0.0439 0.1024
0 0.1387 0.204 0.0508 0.1198
0 0.0908 0.2726 0.0508 0.1146
0 0.0415 0.27 0.0596 0.1094
0 0.209 0.3325 0.0566 0.1233
0 0.2705 0.4097 0.0488 0.1181
0 0.1689 0.5017 0.0488 0.125
0 0.1309 0.553 0.0586 0.1233
0 0.0693 0.3924 0.043 0.1076
0 0.0303 0.3863 0.0605 0.1198
0 0.0601 0.5503 0.0752 0.1285
0 0.2524 0.717 0.0693 0.1319
0 0.1987 0.9045 0.0791 0.1875
0 0.041 0.7569 0.0625 0.1667
0 0.0146 0.0651 0.0312 0.099
0 0.3735 0.1354 0.0322 0.0938
0 0.4062 0.2257 0.0371 0.1042
0 0.5723 0.4731 0.0449 0.1094
0 0.4395 0.0347 0.0371 0.0694
0 0.5239 0.3715 0.0557 0.0972
0 0.2812 0.5408 0.0684 0.158
0 0.0811 0.0408 0.041 0.0608
0 0.1992 0.9583 0.0723 0.0799
0 0.9834 0.145 0.0312 0.1094
0 0.9336 0.125 0.041 0.0868
