0 0.0771 0.5114 0.0156 0.0189
0 0.123 0.5082 0.0273 0.0215
0 0.1562 0.5134 0.0156 0.015
0 0.1489 0.515 0.0127 0.0131
0 0.1841 0.5088 0.0127 0.0124
0 0.2017 0.5072 0.0166 0.0157
0 0.2095 0.5323 0.0166 0.0137
0 0.2446 0.5085 0.0127 0.0117
0 0.314 0.5235 0.0186 0.0183
0 0.3457 0.5144 0.0098 0.0131
0 0.3022 0.5046 0.0049 0.0065
0 0.3237 0.501 0.0068 0.0072
0 0.3447 0.499 0.0059 0.0072
0 0.3901 0.5052 0.0107 0.0091
0 0.46 0.4905 0.0098 0.0085
0 0.4819 0.4993 0.0088 0.0078
0 0.4346 0.5013 0.0098 0.0078
0 0.4932 0.4918 0.0117 0.0085
0 0.5674 0.4899 0.0078 0.0072
0 0.5732 0.4964 0.0078 0.0072
0 0.6055 0.5082 0.0156 0.0124
0 0.5977 0.4993 0.0156 0.0144
0 0.7148 0.4931 0.0078 0.0085
0 0.7827 0.5007 0.042 0.0326
0 0.8555 0.5003 0.0117 0.0124
0 0.9116 0.498 0.0107 0.0091
0 0.9702 0.4896 0.0107 0.0104
0 0.9834 0.4879 0.0078 0.0098
