0 0.02 0.5593 0.04 0.0878
0 0.0229 0.6603 0.0342 0.0878
0 0.0986 0.9546 0.082 0.0878
0 0.3062 0.6676 0.0596 0.1025
0 0.356 0.5944 0.0479 0.0996
0 0.4189 0.7328 0.0566 0.1215
0 0.4868 0.6091 0.0596 0.1113
0 0.4497 0.9034 0.0908 0.1464
0 0.5933 0.6772 0.0537 0.0922
0 0.6323 0.7086 0.0518 0.0996
0 0.7295 0.5754 0.041 0.082
0 0.7588 0.7394 0.0508 0.1201
0 0.7407 0.7738 0.0498 0.104
0 0.811 0.4832 0.0381 0.0791
0 0.8579 0.5798 0.0537 0.0966
0 0.4927 0.9341 0.0361 0.0791
0 0.4941 0.877 0.0469 0.0908
0 0.0918 0.8119 0.0488 0.0747
0 0.9814 0.5637 0.0332 0.0732
0 0.9307 0.6179 0.041 0.082
0 0.9644 0.7709 0.0674 0.1654
0 0.8491 0.9568 0.0771 0.0835
0 0.9521 0.5337 0.0508 0.101
