0 0.9434 0.2971 0.0156 0.0324
0 0.9116 0.3191 0.0146 0.0265
0 0.8442 0.3066 0.0127 0.025
0 0.8857 0.3096 0.0098 0.0221
0 0.7798 0.2993 0.0146 0.0191
0 0.8169 0.3154 0.0088 0.0162
0 0.7666 0.3125 0.0117 0.0221
0 0.7148 0.2919 0.0137 0.0279
0 0.6616 0.2794 0.0127 0.0235
0 0.6934 0.3029 0.0098 0.0176
0 0.6279 0.2978 0.0156 0.0338
0 0.54 0.2853 0.0137 0.0265
0 0.4512 0.2934 0.0137 0.025
0 0.4907 0.2993 0.0146 0.0279
0 0.3936 0.3184 0.0215 0.0485
0 0.3579 0.2949 0.0127 0.0221
0 0.3672 0.2662 0.0156 0.0265
0 0.354 0.3934 0.0322 0.0485
0 0.3115 0.4051 0.0195 0.0485
0 0.2642 0.3324 0.0244 0.0529
0 0.2847 0.3279 0.0205 0.0353
0 0.2617 0.2838 0.0117 0.0176
0 0.2178 0.3581 0.0215 0.0221
0 0.0386 0.2191 0.0107 0.0206
0 0.1665 0.3213 0.0166 0.0397
0 0.1035 0.2853 0.0059 0.0147
0 0.0908 0.2875 0.0078 0.0162
