0 0.9868 0.2064 0.0244 0.0703
0 0.9873 0.1384 0.0234 0.0454
0 0.9395 0.2562 0.0488 0.082
0 0.8735 0.2482 0.0518 0.101
0 0.8384 0.1911 0.0713 0.101
0 0.8921 0.1603 0.0361 0.06
0 0.7847 0.2299 0.0615 0.1083
0 0.7402 0.2474 0.0391 0.0761
0 0.7383 0.1083 0.0156 0.0234
0 0.6963 0.2269 0.0605 0.1318
0 0.6006 0.1801 0.0508 0.0966
0 0.604 0.2694 0.0518 0.0937
0 0.6479 0.1266 0.0146 0.0249
0 0.5791 0.0725 0.0156 0.0278
0 0.5347 0.2247 0.0557 0.1069
0 0.4468 0.0527 0.0166 0.0234
0 0.4229 0.0769 0.0156 0.0249
0 0.3608 0.0542 0.0146 0.0234
0 0.376 0.2877 0.0586 0.1069
0 0.3999 0.2291 0.0381 0.0776
0 0.3335 0.3448 0.0615 0.1069
0 0.2983 0.1955 0.0439 0.0776
0 0.3276 0.0469 0.0146 0.0205
0 0.3174 0.2731 0.0449 0.0717
0 0.2754 0.3214 0.0508 0.1098
0 0.2075 0.3192 0.0596 0.1083
0 0.165 0.2833 0.0508 0.0922
0 0.1226 0.3499 0.0635 0.1142
0 0.3428 0.2042 0.0273 0.0483
0 0.146 0.0395 0.0186 0.0322
0 0.1821 0.0366 0.0146 0.0234
0 0.356 0.1025 0.0166 0.0264
0 0.0205 0.2804 0.043 0.1127
0 0.021 0.052 0.0186 0.0278
0 0.7002 0.0908 0.0176 0.0264
