0 0.394 0.1252 0.0889 0.121
0 0.6118 0.1399 0.083 0.1139
0 0.0332 0.782 0.0156 0.0281
0 0.0532 0.7834 0.0146 0.0253
0 0.0747 0.8966 0.0693 0.0999
0 0.061 0.7975 0.0166 0.0281
0 0.1772 0.8214 0.0928 0.1941
0 0.2598 0.8383 0.0234 0.0422
0 0.2744 0.775 0.0137 0.0281
0 0.2778 0.8024 0.0146 0.0239
0 0.3003 0.8305 0.0166 0.0352
0 0.3257 0.8094 0.0146 0.0211
0 0.3237 0.7736 0.0068 0.0141
0 0.375 0.8249 0.0605 0.1083
0 0.3994 0.775 0.0234 0.045
0 0.5942 0.7883 0.0225 0.0464
0 0.5815 0.8129 0.0303 0.0534
0 0.6196 0.7729 0.0107 0.0211
0 0.6338 0.7876 0.0156 0.0281
0 0.6743 0.77 0.0225 0.0436
0 0.7007 0.8249 0.0303 0.0661
0 0.7192 0.8122 0.0186 0.0352
0 0.7349 0.7961 0.0146 0.0281
0 0.5327 0.9198 0.0928 0.1575
0 0.7544 0.7736 0.0068 0.0113
0 0.793 0.7996 0.0156 0.0323
0 0.7837 0.8249 0.0303 0.0436
0 0.833 0.8277 0.0488 0.0633
0 0.9424 0.7848 0.0879 0.1294
0 0.9854 0.782 0.0273 0.0759
0 0.3057 0.7707 0.0078 0.0141
