0 0.1758 0.8618 0.0117 0.0249
0 0.146 0.8238 0.0107 0.0219
0 0.1191 0.8772 0.0117 0.0234
0 0.1152 0.9232 0.0117 0.019
0 0.0571 0.8633 0.0127 0.0249
0 0.1152 0.7105 0.0098 0.0205
0 0.189 0.7734 0.0088 0.0175
0 0.0283 0.7873 0.0117 0.0249
0 0.0605 0.7332 0.0098 0.0219
0 0.0044 0.7507 0.0088 0.019
0 0.1592 0.6323 0.0098 0.019
0 0.2612 0.6615 0.0088 0.019
0 0.2998 0.6455 0.0098 0.019
0 0.4761 0.9298 0.0107 0.0263
0 0.4712 0.9028 0.0127 0.0219
0 0.5034 0.8838 0.0127 0.0249
0 0.5747 0.9437 0.0107 0.019
0 0.5225 0.8399 0.0098 0.019
0 0.4893 0.818 0.0098 0.0249
0 0.4136 0.8231 0.0107 0.0234
0 0.3442 0.7734 0.0107 0.0234
0 0.3965 0.7705 0.0078 0.0175
0 0.5996 0.9313 0.0098 0.0205
0 0.6309 0.9145 0.0117 0.0249
0 0.6362 0.8684 0.0107 0.0205
0 0.7017 0.9225 0.0127 0.0234
0 0.7139 0.7639 0.0098 0.0219
0 0.6816 0.7668 0.0098 0.019
0 0.647 0.761 0.0068 0.019
0 0.6753 0.7368 0.0088 0.0205
0 0.6372 0.7405 0.0088 0.019
0 0.5957 0.8268 0.0078 0.019
0 0.5776 0.7851 0.0088 0.0205
0 0.5269 0.799 0.0127 0.0219
0 0.752 0.8238 0.0098 0.019
0 0.7837 0.8224 0.0107 0.0249
0 0.8335 0.8545 0.0107 0.0249
0 0.8647 0.8684 0.0107 0.0205
0 0.9155 0.8114 0.0107 0.0234
0 0.939 0.777 0.0107 0.0219
0 0.9912 0.8567 0.0117 0.0234
0 0.9077 0.7361 0.0107 0.0219
0 0.8784 0.7719 0.0107 0.0205
0 0.8555 0.7844 0.0098 0.0219
0 0.7744 0.7515 0.0117 0.0205
0 0.8364 0.739 0.0088 0.019
0 0.7437 0.7537 0.0088 0.019
0 0.7129 0.7244 0.0098 0.019
0 0.729 0.6988 0.0088 0.0205
0 0.7988 0.7376 0.0098 0.019
0 0.7583 0.7039 0.0088 0.019
0 0.8008 0.6667 0.0098 0.0175
0 0.3638 0.7646 0.0088 0.0146
0 0.4326 0.7456 0.0098 0.0205
0 0.5059 0.7493 0.0078 0.0161
0 0.5181 0.7208 0.0088 0.0146
0 0.479 0.6601 0.0088 0.0161
0 0.519 0.6667 0.0068 0.0146
0 0.541 0.6579 0.0078 0.0146
0 0.5586 0.655 0.0098 0.0175
0 0.4482 0.6966 0.0098 0.0161
0 0.4609 0.6491 0.0098 0.0175
0 0.5161 0.6382 0.0088 0.0161
0 0.3462 0.7434 0.0127 0.0219
0 0.3213 0.6996 0.0078 0.0161
0 0.9941 0.6586 0.0078 0.019
0 0.9546 0.6447 0.0107 0.0205
0 0.915 0.636 0.0078 0.0175
0 0.9683 0.5541 0.0088 0.0146
0 0.9458 0.5424 0.0068 0.0175
0 0.9243 0.5556 0.0068 0.0117
0 0.9233 0.5475 0.0068 0.0132
0 0.873 0.6148 0.0078 0.0161
0 0.7715 0.6418 0.0098 0.0175
0 0.8179 0.5797 0.0088 0.0161
0 0.8335 0.5702 0.0068 0.0146
0 0.8804 0.5468 0.0068 0.0146
0 0.8447 0.5424 0.0078 0.0117
0 0.812 0.5431 0.0068 0.0161
0 0.6958 0.6864 0.0088 0.0161
0 0.7202 0.6162 0.0088 0.0161
0 0.7041 0.5906 0.0098 0.0175
0 0.73 0.6009 0.0088 0.0175
0 0.897 0.6089 0.0107 0.0161
0 0.8633 0.5789 0.0078 0.0175
0 0.6387 0.6637 0.0078 0.0175
0 0.6733 0.6462 0.0088 0.0205
0 0.647 0.6221 0.0088 0.0161
0 0.6475 0.6038 0.0078 0.0146
0 0.6694 0.598 0.0088 0.0175
0 0.8389 0.4751 0.0059 0.0117
0 0.7856 0.5132 0.0068 0.0117
0 0.7495 0.5205 0.0068 0.0146
0 0.7251 0.4949 0.0068 0.0161
0 0.7632 0.4795 0.0068 0.0146
0 0.7739 0.4554 0.0068 0.0132
0 0.791 0.4583 0.0059 0.0102
0 0.8804 0.4254 0.0068 0.0117
0 0.9048 0.4247 0.0068 0.0132
0 0.666 0.4203 0.0078 0.0132
0 0.6528 0.4189 0.0068 0.0132
0 0.6421 0.4181 0.0068 0.0146
0 0.9824 0.4254 0.0059 0.0146
0 0.9741 0.3626 0.0049 0.0088
0 0.9429 0.3684 0.0049 0.0088
0 0.9282 0.3677 0.0049 0.0102
0 0.9189 0.3604 0.0039 0.0073
0 0.8828 0.3684 0.0059 0.0117
0 0.8599 0.3977 0.0049 0.0088
0 0.8086 0.3099 0.0039 0.0088
0 0.7969 0.3004 0.0039 0.0073
0 0.8306 0.3099 0.0049 0.0088
0 0.8252 0.3209 0.0059 0.0073
0 0.8472 0.3151 0.0049 0.0102
0 0.7437 0.3063 0.0049 0.0073
0 0.7119 0.2734 0.0039 0.0088
0 0.6909 0.2712 0.0049 0.0102
0 0.1816 0.5322 0.0078 0.0175
0 0.2183 0.5336 0.0068 0.0146
0 0.2388 0.5643 0.0088 0.0175
0 0.2476 0.5037 0.0068 0.0132
0 0.4175 0.6301 0.0107 0.0175
0 0.4438 0.6316 0.0088 0.0205
0 0.5239 0.6126 0.0088 0.0175
0 0.5273 0.5797 0.0078 0.0161
0 0.3291 0.5972 0.0078 0.0132
0 0.2988 0.6045 0.0098 0.0132
0 0.5479 0.6075 0.0059 0.0102
0 0.498 0.5811 0.0059 0.0102
0 0.4126 0.6038 0.0088 0.0146
0 0.5562 0.5746 0.0088 0.0175
0 0.4951 0.5621 0.0078 0.0132
0 0.6465 0.7127 0.0078 0.0132
0 0.6035 0.6915 0.0078 0.0146
0 0.6143 0.6871 0.0078 0.0175
0 0.6045 0.6484 0.0078 0.0161
0 0.6152 0.5877 0.0059 0.0117
0 0.6055 0.5716 0.0078 0.0146
0 0.2559 0.5906 0.0078 0.0175
0 0.2627 0.549 0.0078 0.0161
0 0.127 0.5015 0.0098 0.0175
0 0.1704 0.4985 0.0088 0.0146
0 0.2085 0.4876 0.0088 0.0161
0 0.3018 0.5336 0.0078 0.0146
0 0.2764 0.5387 0.0078 0.0161
0 0.2925 0.5132 0.0068 0.0146
0 0.1846 0.4876 0.0078 0.0132
0 0.3633 0.6206 0.0078 0.0161
0 0.3872 0.6118 0.0068 0.019
0 0.313 0.5577 0.0068 0.0132
0 0.3335 0.5234 0.0068 0.0175
0 0.3398 0.5029 0.0078 0.0146
0 0.3413 0.4839 0.0088 0.0146
0 0.3022 0.4839 0.0068 0.0146
0 0.231 0.5124 0.0068 0.0161
0 0.3545 0.5417 0.0078 0.0161
0 0.3691 0.5365 0.0059 0.0117
0 0.3955 0.5329 0.0078 0.0132
0 0.4395 0.5051 0.0078 0.0161
0 0.4053 0.5117 0.0078 0.0175
0 0.4155 0.4693 0.0068 0.0117
0 0.4658 0.5504 0.0098 0.0161
0 0.4336 0.5424 0.0078 0.0146
0 0.4678 0.5344 0.0078 0.0161
0 0.4712 0.5022 0.0068 0.0132
0 0.3525 0.4912 0.0078 0.0146
0 0.4004 0.4766 0.0078 0.0146
0 0.4438 0.5541 0.0049 0.0146
0 0.4224 0.5358 0.0068 0.0102
0 0.5034 0.5439 0.0088 0.0146
0 0.5269 0.549 0.0068 0.0132
0 0.4136 0.5855 0.0107 0.0161
0 0.5815 0.6294 0.0107 0.019
0 0.5747 0.5804 0.0088 0.0146
0 0.686 0.5731 0.0068 0.0146
0 0.6138 0.5541 0.0068 0.0175
0 0.5005 0.5278 0.0088 0.0146
0 0.5859 0.5972 0.0078 0.0161
0 0.4995 0.6243 0.0068 0.0175
0 0.4878 0.4971 0.0068 0.0117
0 0.5229 0.4766 0.0107 0.0175
0 0.5195 0.5395 0.0078 0.0175
0 0.5571 0.5373 0.0068 0.0132
0 0.5498 0.5234 0.0078 0.0146
0 0.5156 0.5724 0.0078 0.0161
0 0.6411 0.5899 0.0088 0.0161
0 0.624 0.6184 0.0078 0.0146
0 0.5728 0.6192 0.0088 0.019
0 0.6284 0.5753 0.0088 0.0161
0 0.6016 0.5168 0.0078 0.0132
0 0.6055 0.3977 0.0059 0.0117
0 0.1904 0.5629 0.0078 0.0175
0 0.5405 0.5702 0.0088 0.0175
0 0.644 0.5446 0.0088 0.0161
0 0.7275 0.4605 0.0059 0.0117
0 0.1084 0.4423 0.0059 0.0132
0 0.1143 0.4035 0.0059 0.0146
0 0.1709 0.7719 0.0117 0.0205
0 0.8281 0.7039 0.0098 0.019
0 0.4863 0.6469 0.0098 0.0219
0 0.4663 0.6118 0.0107 0.0219
0 0.4878 0.5819 0.0068 0.0146
0 0.3647 0.5972 0.0088 0.0161
0 0.4722 0.7588 0.0107 0.0205
0 0.6143 0.7756 0.0098 0.0249
0 0.5918 0.75 0.0117 0.0205
0 0.209 0.4576 0.0098 0.0146
0 0.23 0.4569 0.0088 0.019
0 0.3086 0.443 0.0078 0.0146
0 0.2896 0.4466 0.0068 0.0161
0 0.4219 0.4949 0.0098 0.019
0 0.3848 0.4518 0.0078 0.0146
0 0.3911 0.4825 0.0088 0.0146
0 0.4126 0.4525 0.0088 0.0161
0 0.3623 0.5738 0.0078 0.0132
0 0.3647 0.655 0.0088 0.0175
0 0.3413 0.4627 0.0088 0.0161
0 0.3135 0.5102 0.0078 0.0146
0 0.2026 0.4963 0.0068 0.0161
0 0.4546 0.4898 0.0088 0.0175
0 0.4424 0.4722 0.0098 0.0175
0 0.4678 0.5687 0.0078 0.0175
0 0.4565 0.5928 0.0088 0.0219
0 0.3579 0.5044 0.0088 0.0175
0 0.3242 0.4832 0.0078 0.0161
0 0.2822 0.4949 0.0078 0.0161
0 0.2422 0.4518 0.0078 0.0205
0 0.3486 0.7032 0.0078 0.0175
0 0.4629 0.4554 0.0098 0.0161
0 0.3584 0.4576 0.0098 0.0175
0 0.5986 0.6075 0.0078 0.0219
0 0.5791 0.6718 0.0098 0.0161
0 0.5957 0.6535 0.0078 0.0175
0 0.5791 0.6447 0.0078 0.0175
0 0.6416 0.6425 0.0078 0.0161
0 0.4238 0.7654 0.0098 0.019
0 0.4224 0.7032 0.0088 0.0175
0 0.3853 0.5753 0.0088 0.0161
0 0.4082 0.5782 0.0078 0.0132
0 0.5747 0.508 0.0088 0.019
0 0.5796 0.5497 0.0088 0.0175
0 0.0869 0.4211 0.0078 0.0146
0 0.186 0.3999 0.0068 0.0132
0 0.2056 0.4174 0.0088 0.019
0 0.1646 0.394 0.0068 0.0132
0 0.1445 0.4386 0.0078 0.0146
0 0.2773 0.3823 0.0078 0.0132
0 0.2705 0.3823 0.0078 0.0161
0 0.2778 0.4042 0.0068 0.0132
0 0.2446 0.3728 0.0088 0.0146
0 0.2568 0.4094 0.0078 0.0146
0 0.146 0.3399 0.0088 0.0161
0 0.1577 0.3765 0.0068 0.0132
0 0.1948 0.3487 0.0068 0.0161
0 0.0654 0.3531 0.0078 0.0132
0 0.0742 0.3904 0.0059 0.0146
0 0.0347 0.4232 0.0068 0.0132
0 0.0562 0.3801 0.0068 0.0146
0 0.0439 0.326 0.0059 0.0117
0 0.0312 0.3275 0.0059 0.0117
0 0.061 0.3282 0.0068 0.0132
0 0.1006 0.3311 0.0059 0.0132
0 0.1182 0.3289 0.0059 0.0117
0 0.1226 0.3026 0.0068 0.0146
0 0.334 0.405 0.0078 0.0146
0 0.4014 0.3406 0.0078 0.0146
0 0.2065 0.3874 0.0107 0.0175
0 0.1948 0.3765 0.0107 0.0161
0 0.498 0.3589 0.0059 0.0132
0 0.3525 0.3852 0.0078 0.0161
0 0.3101 0.5811 0.0088 0.0219
0 0.1729 0.4393 0.0098 0.019
0 0.1567 0.4488 0.0088 0.0175
0 0.1655 0.5541 0.0088 0.0175
0 0.4531 0.5249 0.0078 0.0175
0 0.5127 0.4861 0.0098 0.0249
0 0.7036 0.7098 0.0088 0.019
0 0.8296 0.6879 0.0107 0.0219
0 0.6909 0.6016 0.0107 0.019
0 0.3911 0.7346 0.0107 0.0219
0 0.3848 0.6681 0.0098 0.0175
0 0.3813 0.5139 0.0088 0.019
0 0.3135 0.5022 0.0098 0.0161
0 0.3286 0.6192 0.0088 0.0161
0 0.4717 0.5965 0.0137 0.0175
0 0.8755 0.5826 0.0088 0.0161
0 0.9634 0.6133 0.0088 0.019
