0 0.2534 0.1589 0.0146 0.0234
0 0.2715 0.1432 0.0098 0.0156
0 0.2773 0.1419 0.0137 0.0208
0 0.3252 0.1719 0.0137 0.0182
0 0.3521 0.1504 0.0107 0.0247
0 0.3809 0.1107 0.0117 0.0156
0 0.3906 0.1523 0.0137 0.0234
0 0.3394 0.0996 0.0127 0.0195
0 0.3496 0.1309 0.0137 0.0195
0 0.0962 0.3626 0.0205 0.0326
0 0.1084 0.3835 0.0273 0.0378
0 0.1333 0.3561 0.0225 0.0326
0 0.0586 0.3932 0.0312 0.0443
0 0.0825 0.4466 0.0361 0.0443
0 0.2402 0.4186 0.0312 0.0508
0 0.2646 0.3366 0.0254 0.0482
0 0.3242 0.3197 0.0234 0.0326
0 0.3281 0.377 0.0273 0.043
0 0.3652 0.3366 0.0254 0.0456
0 0.3721 0.4225 0.0293 0.0586
0 0.4087 0.3548 0.0264 0.0534
0 0.4883 0.2611 0.0234 0.0378
0 0.5083 0.3333 0.0225 0.0417
0 0.4858 0.375 0.0264 0.0339
0 0.54 0.3932 0.0293 0.0469
0 0.4756 0.4102 0.0234 0.0469
0 0.5156 0.2109 0.0176 0.026
0 0.5591 0.2324 0.0205 0.0326
0 0.4565 0.2389 0.0107 0.0273
0 0.4878 0.2305 0.0146 0.026
0 0.6279 0.334 0.0254 0.0456
0 0.666 0.2077 0.0215 0.0352
0 0.686 0.2357 0.0186 0.0339
0 0.6304 0.4219 0.0342 0.0599
0 0.6885 0.3607 0.0312 0.0469
0 0.688 0.3952 0.0342 0.0586
0 0.71 0.2819 0.0195 0.0326
0 0.7017 0.3145 0.0303 0.0404
0 0.7432 0.3431 0.0352 0.0404
0 0.7495 0.2565 0.0244 0.0365
0 0.8438 0.2949 0.0195 0.0352
0 0.8755 0.2565 0.0303 0.0339
0 0.8779 0.3086 0.0273 0.0443
0 0.9219 0.2617 0.0195 0.0312
0 0.9727 0.2546 0.0254 0.043
0 0.9912 0.2292 0.0156 0.0365
0 0.937 0.3073 0.0264 0.0469
0 0.9033 0.3405 0.0293 0.0534
0 0.856 0.3965 0.0381 0.069
0 0.9907 0.3542 0.0166 0.0443
0 0.4775 0.4635 0.0312 0.0312
0 0.4814 0.6172 0.0488 0.0729
0 0.7383 0.7324 0.0527 0.0846
0 0.2881 0.778 0.0566 0.0924
0 0.5044 0.776 0.0635 0.0964
0 0.085 0.8809 0.0723 0.1419
0 0.6748 0.1608 0.0156 0.0273
0 0.6597 0.0918 0.0127 0.0169
0 0.5771 0.0553 0.0156 0.0169
0 0.5796 0.1165 0.0166 0.0273
0 0.5967 0.181 0.0117 0.0208
0 0.6377 0.1693 0.0117 0.0208
