0 0.8091 0.7956 0.04 0.0573
0 0.7544 0.752 0.04 0.0664
0 0.3843 0.5319 0.0732 0.1185
0 0.3687 0.9622 0.0869 0.0729
0 0.1699 0.9863 0.0859 0.0247
0 0.0713 0.9805 0.1016 0.0365
0 0.145 0.944 0.0713 0.1016
0 0.0566 0.9323 0.084 0.125
0 0.2539 0.9733 0.0527 0.0508
0 0.3203 0.9635 0.0625 0.0703
0 0.3535 0.9023 0.0508 0.0781
0 0.2324 0.8835 0.041 0.0638
0 0.1675 0.8542 0.0381 0.0625
0 0.0801 0.7624 0.0352 0.0482
0 0.5527 0.9551 0.0859 0.0872
0 0.5532 0.9499 0.0791 0.0977
0 0.7905 0.9492 0.0439 0.0677
0 0.7427 0.9714 0.085 0.0547
0 0.917 0.9831 0.0898 0.0312
0 0.8525 0.9792 0.0742 0.0391
