0 0.9741 0.4609 0.0186 0.0312
0 0.8779 0.4792 0.0137 0.0208
0 0.7822 0.4772 0.0156 0.0221
0 0.7598 0.4642 0.0137 0.0247
0 0.6943 0.4746 0.0137 0.0221
0 0.5703 0.3978 0.0312 0.0508
0 0.6362 0.3984 0.0146 0.0234
0 0.4541 0.4023 0.0117 0.0234
0 0.4834 0.4688 0.0156 0.026
0 0.3901 0.4629 0.0146 0.0247
0 0.3369 0.4655 0.0137 0.0221
0 0.2778 0.4753 0.0127 0.026
0 0.2271 0.4805 0.0146 0.0208
0 0.1885 0.4831 0.0156 0.026
0 0.1279 0.4674 0.0156 0.0234
0 0.166 0.4238 0.0137 0.0221
0 0.1011 0.4701 0.0107 0.0208
0 0.0542 0.4635 0.0166 0.026
0 0.7241 0.4857 0.0127 0.0234
