0 0.0161 0.265 0.0342 0.063
0 0.1313 0.1927 0.0303 0.053
0 0.1992 0.2586 0.0645 0.1074
0 0.3662 0.3173 0.0449 0.0788
0 0.3301 0.265 0.0293 0.0487
0 0.3726 0.2393 0.0225 0.0372
0 0.4668 0.2328 0.0566 0.096
0 0.5894 0.2393 0.042 0.0831
0 0.5034 0.2156 0.0361 0.0702
0 0.6909 0.255 0.0361 0.0688
0 0.791 0.2908 0.0391 0.0716
0 0.8413 0.2493 0.0518 0.0831
0 0.9312 0.265 0.0439 0.0688
0 0.9009 0.2285 0.0322 0.0587
0 0.0854 0.212 0.0107 0.0172
0 0.2344 0.2457 0.0273 0.0559
0 0.4316 0.2966 0.0234 0.043
0 0.604 0.2758 0.0186 0.0415
0 0.6235 0.2378 0.0127 0.0229
0 0.6514 0.2479 0.0156 0.0287
0 0.5391 0.2514 0.0098 0.0186
0 0.7153 0.245 0.0107 0.0201
0 0.77 0.24 0.0088 0.0129
0 0.7891 0.2292 0.0117 0.0172
0 0.9644 0.2278 0.0068 0.0172
0 0.9575 0.2292 0.0088 0.0172
