0 0.8638 0.819 0.0107 0.0182
0 0.9565 0.7077 0.0088 0.0143
0 0.9165 0.7012 0.0068 0.0143
0 0.936 0.6953 0.0068 0.0104
0 0.897 0.7083 0.0088 0.0156
0 0.7383 0.7878 0.0117 0.0182
0 0.6494 0.8001 0.0137 0.0247
0 0.6328 0.7643 0.0117 0.0182
0 0.4907 0.8796 0.0146 0.0221
0 0.4556 0.8887 0.0127 0.0195
0 0.9868 0.5905 0.0127 0.0221
0 0.978 0.6738 0.0088 0.0195
0 0.1104 0.9655 0.0176 0.0326
0 0.0122 0.9303 0.0127 0.0299
0 0.0454 0.9954 0.0205 0.0065
0 0.2651 0.7617 0.0107 0.0208
0 0.5483 0.6895 0.0068 0.0143
0 0.1382 0.5781 0.0068 0.013
0 0.0728 0.5775 0.0068 0.0117
0 0.1929 0.5703 0.0049 0.0104
0 0.2085 0.5026 0.0088 0.013
0 0.0825 0.5436 0.0088 0.0143
0 0.1982 0.6055 0.0078 0.013
0 0.2998 0.6589 0.0039 0.0104
0 0.0874 0.7012 0.0068 0.0169
0 0.6685 0.64 0.0049 0.0117
