0 0.3174 0.8643 0.0254 0.0508
0 0.3936 0.873 0.0254 0.0537
0 0.1787 0.8824 0.0234 0.0493
0 0.249 0.8186 0.0195 0.0377
0 0.1733 0.7983 0.0186 0.0377
0 0.1362 0.7576 0.0107 0.029
0 0.1753 0.7453 0.0049 0.016
0 0.1841 0.7489 0.0088 0.0203
0 0.0635 0.82 0.0176 0.0406
0 0.1235 0.8135 0.0166 0.0363
0 0.0796 0.7453 0.0088 0.0218
0 0.1123 0.7896 0.0176 0.0319
0 0.6353 0.9456 0.0166 0.0624
0 0.4507 0.8476 0.0205 0.0435
0 0.625 0.8657 0.0234 0.045
0 0.5107 0.836 0.0254 0.0406
0 0.4893 0.8875 0.0215 0.045
0 0.5503 0.8193 0.0146 0.0363
0 0.603 0.8389 0.0205 0.0435
0 0.3237 0.7975 0.0146 0.0334
0 0.9824 0.9028 0.0254 0.0464
0 0.9351 0.8556 0.0283 0.0508
0 0.7925 0.8665 0.0303 0.0522
0 0.7129 0.8723 0.0195 0.0464
0 0.8765 0.7707 0.0127 0.0261
0 0.6846 0.844 0.0254 0.0334
0 0.8896 0.8113 0.0215 0.0493
0 0.9946 0.8541 0.0088 0.0276
0 0.6382 0.7583 0.0127 0.0218
0 0.605 0.6451 0.0068 0.0131
0 0.584 0.6684 0.0078 0.0131
0 0.5718 0.8149 0.0225 0.0421
0 0.4946 0.7366 0.0107 0.0189
0 0.3892 0.8266 0.0186 0.0334
0 0.4268 0.7358 0.0137 0.0232
0 0.2549 0.8657 0.0254 0.0421
0 0.2256 0.8062 0.0215 0.0392
0 0.1479 0.6401 0.0107 0.0203
0 0.0596 0.6313 0.0078 0.0174
0 0.0293 0.6357 0.0098 0.0174
0 0.105 0.6248 0.0068 0.016
0 0.1699 0.6379 0.0078 0.0131
0 0.0923 0.6451 0.0068 0.0131
0 0.0376 0.6197 0.0068 0.0116
0 0.3735 0.6524 0.0088 0.016
0 0.355 0.6626 0.0088 0.016
0 0.5791 0.7388 0.0078 0.0174
0 0.8696 0.8222 0.0225 0.0421
0 0.6372 0.6749 0.0107 0.0174
0 0.5322 0.648 0.0117 0.0247
0 0.6055 0.7562 0.0176 0.0261
0 0.6001 0.672 0.0088 0.0203
0 0.3413 0.8208 0.0205 0.0334
0 0.1475 0.7315 0.0078 0.0174
0 0.1572 0.7329 0.0078 0.0174
0 0.7617 0.8411 0.0234 0.0392
0 0.0371 0.754 0.0098 0.0276
