0 0.1929 0.901 0.0479 0.1424
0 0.2188 0.7925 0.043 0.1094
0 0.2974 0.5512 0.0283 0.0365
0 0.1982 0.5295 0.0195 0.0347
0 0.1445 0.7483 0.0234 0.0486
0 0.127 0.5339 0.0215 0.0469
0 0.2119 0.0321 0.0156 0.0295
0 0.2368 0.0208 0.0146 0.0347
0 0.2622 0.0373 0.0166 0.033
0 0.3008 0.1033 0.0176 0.0399
0 0.3159 0.1016 0.0107 0.0226
0 0.3477 0.0929 0.0137 0.026
0 0.3604 0.0911 0.0176 0.0399
0 0.3716 0.1146 0.0107 0.0243
0 0.3999 0.1311 0.0127 0.0365
0 0.3281 0.1424 0.0117 0.0243
0 0.3242 0.1285 0.0078 0.0243
0 0.2676 0.0981 0.0117 0.033
0 0.2573 0.1293 0.0186 0.0399
0 0.2324 0.0938 0.0156 0.0278
0 0.1929 0.1033 0.0146 0.026
0 0.1738 0.1797 0.0117 0.0295
0 0.2734 0.1233 0.0117 0.0208
0 0.2925 0.2465 0.0186 0.0347
0 0.3384 0.2786 0.0186 0.0573
0 0.2856 0.3021 0.0205 0.0382
0 0.2334 0.2656 0.0195 0.0521
0 0.2158 0.2604 0.0156 0.0417
0 0.1899 0.2882 0.0244 0.0486
0 0.1616 0.3455 0.0166 0.0347
0 0.1255 0.2622 0.0186 0.0417
0 0.1167 0.2778 0.0107 0.0278
0 0.3789 0.3073 0.0117 0.0486
0 0.397 0.2743 0.0107 0.0208
0 0.4243 0.3082 0.0127 0.0399
0 0.4624 0.3047 0.0166 0.0295
0 0.4487 0.2648 0.0068 0.0156
0 0.5845 0.2752 0.0107 0.0191
0 0.4282 0.2049 0.0088 0.0139
0 0.436 0.2083 0.0068 0.0139
0 0.502 0.2786 0.0156 0.0295
0 0.5679 0.283 0.0088 0.0174
0 0.4419 0.2917 0.0088 0.0243
0 0.4995 0.3776 0.0107 0.026
0 0.5146 0.3585 0.0098 0.0191
0 0.7407 0.5373 0.0068 0.0156
0 0.7876 0.5547 0.0088 0.0156
0 0.7705 0.5712 0.0117 0.0347
0 0.7788 0.5625 0.0107 0.0174
0 0.6934 0.5599 0.0117 0.0295
0 0.6997 0.5469 0.0088 0.0174
0 0.6738 0.579 0.0137 0.033
0 0.6997 0.5712 0.0146 0.0382
0 0.7144 0.5642 0.0088 0.0139
0 0.7686 0.5286 0.0117 0.0156
0 0.9004 0.5095 0.0078 0.0156
0 0.8682 0.5417 0.0117 0.0208
0 0.8901 0.5582 0.0107 0.026
0 0.9116 0.5182 0.0088 0.0156
0 0.8594 0.5182 0.0059 0.0156
0 0.8545 0.5191 0.0078 0.0208
0 0.8506 0.4991 0.0078 0.0156
0 0.814 0.5747 0.0166 0.0347
0 0.8169 0.5391 0.0049 0.0087
0 0.8345 0.5139 0.0068 0.0139
0 0.8311 0.5087 0.0059 0.0104
0 0.8237 0.5243 0.0049 0.0104
0 0.8481 0.5512 0.0166 0.0295
0 0.9507 0.5113 0.0049 0.0087
0 0.9458 0.5339 0.0068 0.0122
0 0.9673 0.5712 0.0166 0.0451
0 0.9219 0.5139 0.0059 0.0139
0 0.9155 0.5 0.0049 0.0069
0 0.9551 0.5781 0.0195 0.0486
0 0.9585 0.5269 0.0107 0.0226
0 0.9395 0.5356 0.0059 0.0156
0 0.8989 0.5877 0.0146 0.0399
0 0.894 0.5729 0.0146 0.0382
0 0.834 0.5877 0.0156 0.033
0 0.8711 0.678 0.041 0.099
0 0.9092 0.6016 0.0215 0.0365
0 0.8911 0.5356 0.0068 0.0122
0 0.8384 0.5547 0.0088 0.0191
0 0.7598 0.5868 0.0176 0.0312
0 0.7529 0.6458 0.0273 0.0556
0 0.7188 0.5981 0.0156 0.033
0 0.7388 0.6233 0.0166 0.0278
0 0.6641 0.5694 0.0098 0.0278
0 0.6787 0.6476 0.0156 0.0312
0 0.0889 0.5972 0.0137 0.0417
0 0.0981 0.6406 0.0127 0.0278
0 0.6143 0.6849 0.0176 0.0573
0 0.0391 0.7144 0.0195 0.0469
