0 0.249 0.8342 0.0527 0.1302
0 0.3633 0.724 0.0312 0.0625
0 0.0288 0.77 0.0303 0.0677
0 0.3477 0.6372 0.0254 0.0556
0 0.292 0.6007 0.0137 0.0278
0 0.3989 0.5972 0.0205 0.0382
0 0.4668 0.6319 0.0273 0.0556
0 0.4487 0.7865 0.04 0.0799
0 0.7368 0.8446 0.1104 0.2691
0 0.8975 0.572 0.0684 0.1302
0 0.7417 0.572 0.0479 0.0781
0 0.5596 0.5434 0.0215 0.066
0 0.5039 0.6189 0.0293 0.0747
0 0.7808 0.4601 0.0186 0.0417
0 0.936 0.4062 0.0186 0.0278
0 0.8447 0.395 0.0176 0.0295
0 0.981 0.5061 0.0342 0.0885
0 0.9858 0.355 0.0146 0.026
0 0.9214 0.3898 0.0205 0.0295
0 0.6978 0.5061 0.0186 0.026
0 0.7378 0.4887 0.0205 0.0365
0 0.6763 0.2196 0.0342 0.0677
0 0.7959 0.4323 0.0176 0.0382
