0 0.1699 0.1083 0.0117 0.0234
0 0.0747 0.0959 0.0127 0.0249
0 0.0688 0.0739 0.0146 0.0249
0 0.2842 0.1852 0.0117 0.0249
0 0.2939 0.2635 0.0156 0.0322
0 0.3223 0.2943 0.0195 0.0322
0 0.3999 0.2753 0.0205 0.041
0 0.3892 0.2401 0.0146 0.0264
0 0.4141 0.1801 0.0156 0.0293
0 0.2983 0.202 0.0186 0.0293
0 0.2617 0.2174 0.0137 0.0249
0 0.2676 0.3119 0.0215 0.0381
0 0.3774 0.3719 0.0225 0.0469
0 0.3657 0.3719 0.001 0.0
0 0.335 0.4158 0.0215 0.0439
0 0.3838 0.4531 0.0254 0.0425
0 0.3813 0.5051 0.0225 0.0527
0 0.4932 0.396 0.0254 0.0512
0 0.4272 0.4129 0.0225 0.0556
0 0.4326 0.3375 0.0234 0.0454
0 0.4263 0.2782 0.0186 0.0351
0 0.5063 0.2899 0.0166 0.0381
0 0.5132 0.2255 0.0127 0.0322
0 0.6382 0.2152 0.0146 0.0322
0 0.5991 0.2211 0.0146 0.0293
0 0.5659 0.2291 0.0166 0.0278
0 0.5352 0.1611 0.0156 0.0293
0 0.479 0.2167 0.0146 0.0293
0 0.4688 0.1808 0.0156 0.0395
0 0.4263 0.1245 0.0146 0.0264
0 0.499 0.1706 0.0117 0.0307
0 0.5576 0.1332 0.0137 0.0322
0 0.6606 0.1618 0.0166 0.0337
0 0.7275 0.1676 0.0176 0.0366
0 0.71 0.2079 0.0156 0.0322
0 0.7798 0.3075 0.0166 0.0293
0 0.7388 0.3616 0.0205 0.0439
0 0.7827 0.2613 0.0186 0.0425
0 0.7998 0.3646 0.0234 0.0469
0 0.7871 0.4056 0.0254 0.0469
0 0.8438 0.3646 0.0156 0.0351
0 0.8984 0.3551 0.0176 0.0395
0 0.8896 0.3975 0.0234 0.0454
0 0.9214 0.44 0.0244 0.0395
0 0.9775 0.3895 0.0234 0.0469
0 0.8594 0.2328 0.0176 0.0351
0 0.9243 0.3177 0.0166 0.0322
0 0.729 0.328 0.0205 0.041
0 0.8408 0.1962 0.0156 0.0351
0 0.7129 0.4268 0.0254 0.0483
0 0.7632 0.4378 0.0225 0.0556
0 0.4956 0.5198 0.0264 0.0586
0 0.5532 0.4868 0.0225 0.0454
0 0.6167 0.4597 0.0225 0.0469
0 0.6265 0.4136 0.0244 0.0454
0 0.5542 0.4165 0.0244 0.0395
0 0.6519 0.4963 0.0225 0.0498
0 0.7388 0.5322 0.0244 0.0425
0 0.5317 0.3909 0.0225 0.0469
0 0.5732 0.3104 0.0156 0.0322
0 0.5239 0.2855 0.0166 0.0293
0 0.7368 0.4202 0.0244 0.0498
0 0.7905 0.4832 0.0264 0.0527
0 0.813 0.4839 0.0225 0.0512
0 0.8428 0.4978 0.0234 0.0498
0 0.9189 0.5146 0.0254 0.0454
0 0.8745 0.4919 0.0205 0.041
0 0.9385 0.5015 0.0176 0.0425
0 0.9233 0.3719 0.0205 0.0351
0 0.9229 0.4114 0.0234 0.041
0 0.8354 0.4466 0.0186 0.0351
0 0.3579 0.6493 0.0205 0.0483
0 0.3799 0.6406 0.0332 0.0659
0 0.5933 0.6457 0.0322 0.0673
0 0.0742 0.1881 0.0215 0.0337
0 0.0542 0.2826 0.0225 0.041
0 0.0874 0.3353 0.0205 0.041
0 0.0781 0.4078 0.0273 0.0512
0 0.1172 0.4019 0.0215 0.0454
0 0.144 0.3653 0.0205 0.0454
0 0.1748 0.3675 0.0215 0.041
0 0.2642 0.4422 0.0244 0.0498
0 0.04 0.1567 0.0137 0.0264
0 0.1016 0.1881 0.0156 0.0249
0 0.0508 0.2365 0.0195 0.0337
0 0.0215 0.3726 0.0234 0.0454
0 0.1343 0.4854 0.0225 0.0425
0 0.9004 0.7152 0.0332 0.063
0 0.2075 0.3067 0.0244 0.0483
0 0.1216 0.1142 0.0146 0.0351
0 0.1987 0.1113 0.0146 0.0293
0 0.8823 0.3419 0.0146 0.0278
0 0.8735 0.2818 0.0146 0.019
0 0.8159 0.377 0.0205 0.0366
0 0.8687 0.1808 0.0107 0.022
0 0.9697 0.3082 0.0117 0.0307
0 0.9917 0.0498 0.0146 0.0293
0 0.9966 0.5278 0.0049 0.0249
0 0.9463 0.6859 0.0312 0.06
0 0.9932 0.4641 0.0098 0.0234
0 0.9917 0.0132 0.0088 0.0176
0 0.9731 0.0161 0.0068 0.0117
0 0.8574 0.1515 0.0137 0.0249
0 0.8306 0.0205 0.0088 0.0117
0 0.7598 0.1757 0.0137 0.0234
0 0.7466 0.0051 0.0068 0.0102
0 0.6968 0.0073 0.0107 0.0176
0 0.6494 0.0395 0.0117 0.0146
0 0.6562 0.0351 0.0078 0.0146
0 0.6514 0.0212 0.0059 0.0073
0 0.6606 0.0725 0.0068 0.0161
0 0.6592 0.1032 0.0117 0.019
0 0.646 0.0893 0.0088 0.0146
0 0.4414 0.2299 0.0137 0.0264
0 0.2476 0.549 0.0283 0.041
0 0.1675 0.7401 0.0225 0.0425
0 0.0659 0.623 0.0283 0.0571
0 0.208 0.4656 0.0215 0.0439
0 0.2246 0.369 0.0273 0.0498
0 0.249 0.3507 0.0195 0.0512
0 0.2715 0.3807 0.0195 0.0322
0 0.3062 0.3397 0.0166 0.0381
0 0.3228 0.3521 0.0244 0.0425
0 0.1416 0.4407 0.0215 0.0381
0 0.0874 0.2877 0.0146 0.0366
0 0.1006 0.2518 0.0137 0.0234
0 0.1016 0.2189 0.0195 0.0278
0 0.0752 0.1479 0.0117 0.0176
0 0.186 0.0842 0.0107 0.0161
0 0.4565 0.3111 0.0166 0.022
0 0.4795 0.3939 0.0195 0.0556
0 0.4224 0.2247 0.0107 0.019
0 0.3843 0.1837 0.0146 0.0278
0 0.2539 0.1479 0.0078 0.0176
0 0.2676 0.1149 0.0117 0.0307
0 0.272 0.093 0.0088 0.0161
0 0.2832 0.1171 0.0078 0.0205
0 0.2998 0.1091 0.0098 0.0249
0 0.6284 0.09 0.0088 0.019
0 0.6245 0.0644 0.0107 0.0205
0 0.6309 0.0359 0.0078 0.0132
0 0.627 0.0132 0.0078 0.0117
0 0.5889 0.03 0.0078 0.0132
0 0.5991 0.0505 0.0088 0.0161
0 0.5977 0.0673 0.0059 0.0088
0 0.5376 0.0373 0.0088 0.0161
0 0.5449 0.0366 0.0078 0.0205
0 0.563 0.0066 0.0127 0.0161
0 0.543 0.1266 0.0098 0.0249
0 0.5269 0.1464 0.0127 0.0205
0 0.5898 0.2277 0.0137 0.0249
0 0.5923 0.2635 0.0146 0.0205
0 0.6372 0.1332 0.0107 0.0234
0 0.6772 0.4553 0.0166 0.0264
0 0.6123 0.1728 0.0156 0.0264
0 0.5034 0.1157 0.0127 0.0264
0 0.4819 0.1142 0.0088 0.0234
0 0.6094 0.112 0.0098 0.019
0 0.5034 0.0315 0.0107 0.022
0 0.5127 0.0322 0.0098 0.0146
0 0.542 0.0081 0.0059 0.0102
0 0.4644 0.0373 0.0088 0.019
0 0.4819 0.0425 0.0088 0.0205
0 0.4658 0.09 0.0117 0.0278
0 0.4507 0.1003 0.0107 0.019
0 0.458 0.0659 0.0078 0.0117
0 0.4189 0.0564 0.0156 0.0278
0 0.4058 0.0337 0.0068 0.0117
0 0.396 0.0161 0.0088 0.0205
0 0.4248 0.0154 0.0078 0.019
0 0.4482 0.0088 0.0078 0.0176
0 0.4956 0.0059 0.0146 0.0146
0 0.4009 0.0776 0.0068 0.0117
0 0.4165 0.0944 0.0107 0.019
0 0.4033 0.1266 0.0098 0.019
0 0.4048 0.1735 0.0146 0.0307
0 0.3818 0.112 0.0137 0.022
0 0.3599 0.052 0.0068 0.0132
0 0.3555 0.0198 0.0098 0.0132
0 0.3916 0.0483 0.0117 0.0205
0 0.3477 0.1991 0.0176 0.0381
0 0.5576 0.3375 0.0195 0.0337
0 0.2856 0.0703 0.0088 0.0146
0 0.2588 0.0432 0.0059 0.0132
0 0.2676 0.049 0.0078 0.0132
0 0.208 0.0593 0.0117 0.0132
0 0.209 0.0922 0.0117 0.0176
0 0.2119 0.1171 0.0098 0.0146
0 0.2358 0.1384 0.0088 0.019
0 0.2192 0.0469 0.0068 0.0205
0 0.1597 0.0329 0.0068 0.0132
0 0.1885 0.022 0.0059 0.0117
0 0.3027 0.0498 0.0117 0.0234
0 0.3169 0.0351 0.0088 0.0176
0 0.3306 0.0337 0.0088 0.0176
0 0.064 0.0381 0.0107 0.0176
0 0.0527 0.0351 0.0078 0.0176
0 0.0405 0.049 0.0107 0.019
0 0.0977 0.052 0.0098 0.0161
0 0.1401 0.1003 0.0107 0.0278
0 0.1553 0.1149 0.0098 0.0278
0 0.1592 0.0652 0.0078 0.022
0 0.1724 0.0578 0.0127 0.022
0 0.8872 0.3155 0.0186 0.0307
0 0.8989 0.2233 0.0166 0.0278
0 0.9204 0.2284 0.0166 0.0293
0 0.7876 0.0483 0.0146 0.0234
0 0.6821 0.1018 0.0107 0.022
0 0.7007 0.0864 0.0107 0.0234
0 0.7065 0.2518 0.0146 0.0322
0 0.8242 0.1091 0.0156 0.0307
0 0.8423 0.2687 0.0186 0.0366
0 0.8506 0.2877 0.0195 0.0366
0 0.0322 0.1969 0.0195 0.0278
0 0.5728 0.0695 0.0107 0.022
0 0.728 0.0454 0.0107 0.0234
0 0.8203 0.2723 0.0195 0.041
0 0.9829 0.1296 0.0146 0.0249
0 0.9453 0.0593 0.0117 0.019
0 0.9668 0.0769 0.0117 0.022
0 0.9561 0.0871 0.0117 0.0278
0 0.8711 0.0776 0.0098 0.0205
0 0.8604 0.0666 0.0117 0.0249
0 0.0288 0.093 0.0127 0.022
