0 0.0293 0.5825 0.0312 0.0642
0 0.1021 0.6302 0.0205 0.0521
0 0.1592 0.5816 0.0254 0.0417
0 0.1338 0.5955 0.0137 0.0347
0 0.0254 0.8342 0.0469 0.092
0 0.0938 0.7986 0.0352 0.0799
0 0.189 0.8212 0.0752 0.1632
0 0.2197 0.645 0.0332 0.0677
0 0.2695 0.5651 0.0117 0.0399
0 0.2495 0.5009 0.0088 0.0191
0 0.2598 0.5035 0.0098 0.0208
0 0.2876 0.4688 0.0107 0.0243
0 0.3052 0.4714 0.0166 0.0399
0 0.3325 0.4505 0.0107 0.026
0 0.3394 0.428 0.0088 0.0191
0 0.3506 0.4306 0.0098 0.0208
0 0.3716 0.4375 0.0088 0.0243
0 0.3887 0.4262 0.0078 0.0191
0 0.4141 0.4392 0.0137 0.0312
0 0.2881 0.4462 0.0137 0.0347
0 0.3706 0.467 0.0107 0.0278
0 0.4043 0.467 0.0195 0.0451
0 0.3784 0.5564 0.0361 0.0712
0 0.3545 0.6806 0.0469 0.1007
0 0.4072 0.5321 0.0273 0.0712
0 0.4409 0.4384 0.0146 0.0295
0 0.4546 0.4062 0.0049 0.0174
0 0.4624 0.4036 0.0088 0.026
0 0.4922 0.3941 0.0098 0.0174
0 0.5112 0.3802 0.0088 0.0174
0 0.4648 0.4462 0.0117 0.0312
0 0.4761 0.4392 0.0146 0.0347
0 0.501 0.441 0.0117 0.0243
0 0.5317 0.4271 0.0166 0.0417
0 0.5488 0.4167 0.0156 0.0451
0 0.5767 0.395 0.0146 0.033
0 0.5581 0.3733 0.0068 0.0174
0 0.5352 0.3672 0.0078 0.0191
0 0.4707 0.3741 0.0078 0.0156
0 0.4819 0.5191 0.0146 0.0382
0 0.5269 0.5234 0.0264 0.0538
0 0.5205 0.5738 0.0273 0.0642
0 0.4697 0.6892 0.0332 0.0903
0 0.5151 0.4089 0.0088 0.026
0 0.6118 0.4974 0.0205 0.0503
0 0.7979 0.7196 0.0625 0.1372
0 0.2969 0.428 0.0078 0.0191
