0 0.9873 0.3697 0.0234 0.0873
0 0.9487 0.3268 0.0732 0.1004
0 0.8916 0.4083 0.1074 0.1849
0 0.7461 0.4098 0.0566 0.0946
0 0.6929 0.3857 0.0381 0.0553
0 0.6401 0.3792 0.042 0.0626
0 0.5811 0.4301 0.0449 0.0888
0 0.6079 0.3661 0.0186 0.0277
0 0.5205 0.3108 0.0977 0.1645
0 0.3994 0.3683 0.0645 0.1077
0 0.3472 0.3705 0.0186 0.0364
0 0.3252 0.3588 0.0273 0.0451
0 0.3208 0.3239 0.0186 0.0335
0 0.2891 0.3785 0.0332 0.0495
0 0.2495 0.3297 0.0537 0.083
0 0.1768 0.2525 0.084 0.147
0 0.127 0.3151 0.0586 0.1004
0 0.0137 0.1798 0.0293 0.2344
0 0.0459 0.3435 0.0566 0.0932
