0 0.8975 0.5816 0.0312 0.059
0 0.9199 0.553 0.0254 0.0608
0 0.9316 0.4939 0.0137 0.026
0 0.9165 0.4809 0.0127 0.0278
0 0.8687 0.4905 0.0146 0.0295
0 0.8501 0.5894 0.0186 0.0399
0 0.8345 0.5521 0.0166 0.0347
0 0.8037 0.5938 0.0234 0.0417
0 0.7856 0.6042 0.0166 0.0347
0 0.7573 0.6068 0.0283 0.0469
0 0.7349 0.5998 0.0186 0.0365
0 0.7285 0.5929 0.0117 0.0295
0 0.6709 0.605 0.0273 0.0538
0 0.6538 0.6163 0.0166 0.0382
0 0.5947 0.6458 0.0137 0.0278
0 0.6025 0.7075 0.0195 0.0295
0 0.6294 0.6519 0.0127 0.0295
0 0.5474 0.6962 0.0166 0.0417
0 0.5278 0.6597 0.0186 0.0417
0 0.5889 0.6102 0.0117 0.0226
0 0.4663 0.6944 0.0225 0.0521
0 0.3994 0.6892 0.0215 0.0486
0 0.3862 0.7005 0.0088 0.026
0 0.3481 0.7014 0.0166 0.0451
0 0.375 0.6927 0.0098 0.0278
0 0.4492 0.7092 0.0176 0.0399
0 0.3135 0.7622 0.0176 0.0451
0 0.2793 0.7648 0.0176 0.0365
0 0.293 0.7161 0.0137 0.026
0 0.2529 0.7474 0.0156 0.0399
0 0.2754 0.7092 0.0098 0.0226
0 0.499 0.6745 0.0156 0.026
0 0.2065 0.8056 0.0146 0.0347
0 0.1172 0.7995 0.0117 0.033
0 0.147 0.783 0.0146 0.0312
0 0.1675 0.7752 0.0107 0.0295
0 0.0786 0.8021 0.0107 0.0278
0 0.5557 0.6337 0.0117 0.0278
0 0.6338 0.6189 0.0098 0.0191
0 0.9424 0.526 0.0176 0.0451
