0 0.0737 0.134 0.0127 0.0346
0 0.1064 0.129 0.0293 0.0533
0 0.1494 0.1239 0.0312 0.0461
0 0.1001 0.3905 0.0557 0.098
0 0.1489 0.389 0.0342 0.0807
0 0.21 0.3991 0.0684 0.0922
0 0.3066 0.3566 0.043 0.0879
0 0.3857 0.3365 0.0566 0.1081
0 0.4976 0.3012 0.04 0.0634
0 0.5796 0.379 0.0693 0.1441
0 0.3374 0.1369 0.0283 0.049
0 0.4829 0.1318 0.0244 0.0303
0 0.5581 0.1189 0.0264 0.0533
0 0.6411 0.1009 0.0225 0.0375
0 0.605 0.1189 0.0205 0.0389
0 0.3696 0.1578 0.0225 0.0418
0 0.0278 0.4251 0.0479 0.0922
0 0.0513 0.6297 0.1025 0.3919
0 0.0107 0.1369 0.0234 0.0663
0 0.6841 0.3336 0.0459 0.0908
0 0.731 0.0829 0.0264 0.0533
0 0.7969 0.1045 0.0215 0.0533
0 0.8584 0.3235 0.043 0.085
0 0.8862 0.2702 0.0283 0.0504
0 0.9473 0.2968 0.043 0.0692
0 0.9478 0.0915 0.0225 0.0447
0 0.9824 0.0886 0.0234 0.0447
0 0.7588 0.3098 0.0293 0.072
