0 0.4858 0.5787 0.0088 0.025
0 0.5039 0.594 0.0078 0.025
0 0.5098 0.6238 0.0098 0.0269
0 0.4697 0.5547 0.0078 0.0192
0 0.3979 0.6612 0.0107 0.0211
0 0.3618 0.6008 0.0088 0.0192
0 0.2974 0.5787 0.0088 0.0173
0 0.3335 0.5595 0.0088 0.0173
0 0.1235 0.6257 0.0088 0.0192
0 0.1143 0.6459 0.0098 0.025
0 0.0962 0.6056 0.0068 0.0173
0 0.084 0.6017 0.0078 0.0173
0 0.0122 0.6075 0.0088 0.0211
0 0.1738 0.5912 0.0059 0.0192
0 0.1138 0.5873 0.0068 0.0192
0 0.0913 0.5576 0.0068 0.0173
0 0.2056 0.5806 0.0088 0.0211
0 0.3828 0.5393 0.0078 0.023
0 0.4038 0.5422 0.0107 0.025
0 0.5742 0.5701 0.0059 0.0154
0 0.5195 0.62 0.0098 0.0269
0 0.5376 0.6574 0.0107 0.025
0 0.603 0.5537 0.0068 0.0211
0 0.6694 0.5893 0.0107 0.023
0 0.5518 0.5768 0.0078 0.0173
0 0.2046 0.6862 0.0127 0.0288
0 0.1323 0.9702 0.0244 0.0518
0 0.2827 0.9031 0.0186 0.048
0 0.4751 0.4789 0.0068 0.0211
0 0.335 0.5326 0.0078 0.0173
0 0.3457 0.5221 0.0059 0.0154
0 0.2915 0.7601 0.0107 0.0345
0 0.2881 0.6152 0.0117 0.0288
0 0.2656 0.5509 0.0098 0.023
0 0.2095 0.5374 0.0068 0.0192
0 0.2749 0.8724 0.0166 0.0326
0 0.6162 0.6142 0.0078 0.0269
0 0.5869 0.5672 0.0098 0.025
0 0.5938 0.5547 0.0059 0.0154
0 0.4683 0.9798 0.0225 0.0365
0 0.4033 0.7313 0.0137 0.0345
0 0.5635 0.7975 0.0176 0.048
0 0.6777 0.6689 0.0117 0.0288
0 0.1577 0.6881 0.0127 0.025
0 0.1323 0.5969 0.0068 0.0154
0 0.2959 0.5451 0.0098 0.023
0 0.3057 0.5557 0.0078 0.025
0 0.3115 0.5451 0.0059 0.0154
0 0.3613 0.548 0.0078 0.0173
0 0.3232 0.644 0.0098 0.0211
0 0.4731 0.5096 0.0088 0.0211
0 0.4321 0.6113 0.0107 0.0288
0 0.6245 0.548 0.0088 0.0211
0 0.7188 0.7217 0.0117 0.0269
0 0.645 0.5355 0.0068 0.0192
0 0.0039 0.7754 0.0098 0.0269
0 0.9961 0.618 0.0059 0.0307
0 0.9932 0.6747 0.0098 0.025
0 0.2031 0.6161 0.0098 0.0269
0 0.248 0.596 0.0078 0.0288
0 0.2627 0.6641 0.0098 0.0269
0 0.2412 0.6238 0.0098 0.0269
0 0.8843 0.4079 0.0361 0.1094
0 0.0527 0.9155 0.0234 0.0614
0 0.0815 0.858 0.0186 0.0422
0 0.147 0.8733 0.0225 0.0461
0 0.1719 0.8455 0.0215 0.0403
0 0.2144 0.8244 0.0186 0.048
0 0.2036 0.9357 0.0225 0.048
0 0.3296 0.8666 0.0166 0.0403
0 0.3271 0.8071 0.0156 0.0441
0 0.2256 0.7716 0.0195 0.0345
0 0.042 0.7102 0.0156 0.0345
0 0.064 0.6641 0.0127 0.0269
0 0.084 0.763 0.0117 0.0288
0 0.0864 0.8119 0.0205 0.0422
0 0.0044 0.8695 0.0107 0.0461
0 0.0195 0.6603 0.0137 0.0345
0 0.0347 0.6382 0.0127 0.0326
0 0.0571 0.6276 0.0107 0.023
0 0.0713 0.6382 0.0098 0.0288
0 0.124 0.7092 0.0137 0.0326
0 0.1826 0.7332 0.0156 0.0345
0 0.1533 0.7831 0.0137 0.0307
0 0.1338 0.8407 0.0195 0.0384
0 0.1382 0.8013 0.0146 0.0326
0 0.1533 0.7457 0.0156 0.0288
0 0.2183 0.7217 0.0107 0.0269
0 0.2773 0.8369 0.0176 0.0345
0 0.377 0.8023 0.0156 0.0422
0 0.3657 0.7754 0.0146 0.0384
0 0.353 0.7131 0.0127 0.0326
0 0.2861 0.6929 0.0117 0.0269
0 0.2495 0.6996 0.0146 0.0326
0 0.1606 0.6238 0.0088 0.023
0 0.167 0.6123 0.0078 0.023
0 0.4512 0.6679 0.0098 0.0269
0 0.5376 0.9203 0.0205 0.0557
0 0.5522 0.8349 0.0146 0.0384
0 0.6001 0.8944 0.0166 0.0422
0 0.626 0.8964 0.0117 0.0384
0 0.6328 0.8215 0.0156 0.0461
0 0.6128 0.7697 0.0146 0.0422
0 0.5815 0.763 0.0146 0.048
0 0.5273 0.7601 0.0117 0.0384
0 0.5054 0.7869 0.0146 0.0422
0 0.4619 0.7898 0.0176 0.0441
0 0.4497 0.834 0.0146 0.0441
0 0.4199 0.8599 0.0215 0.0461
0 0.4243 0.7946 0.0127 0.0384
0 0.4131 0.7514 0.0137 0.0365
0 0.3311 0.763 0.0137 0.0365
0 0.3896 0.691 0.0117 0.0307
0 0.2246 0.5365 0.0078 0.0211
0 0.666 0.4818 0.0059 0.0154
0 0.6797 0.5221 0.0059 0.0154
0 0.5068 0.4702 0.0078 0.0154
0 0.6567 0.4501 0.0049 0.0134
0 0.6543 0.4405 0.0059 0.0134
0 0.7134 0.5365 0.0068 0.0173
0 0.6909 0.5537 0.0068 0.0173
0 0.7124 0.4866 0.0049 0.0134
0 0.7168 0.4779 0.0078 0.0192
0 0.7515 0.4616 0.0049 0.0134
0 0.6968 0.4587 0.0049 0.0154
0 0.0732 0.5739 0.0078 0.0192
0 0.4399 0.7073 0.0127 0.0326
0 0.4761 0.6929 0.0107 0.0269
0 0.499 0.7332 0.0117 0.0384
0 0.4692 0.7534 0.0107 0.0288
0 0.5298 0.7207 0.0127 0.0288
0 0.5527 0.6823 0.0117 0.0288
0 0.5806 0.7159 0.0127 0.0307
0 0.6045 0.7025 0.0137 0.0307
0 0.5088 0.6862 0.0137 0.0326
0 0.6455 0.7476 0.0137 0.0403
0 0.6938 0.7486 0.0107 0.0345
0 0.709 0.9012 0.0137 0.0365
0 0.6821 0.6987 0.0107 0.0307
0 0.6968 0.6977 0.0107 0.0326
0 0.6533 0.6795 0.0117 0.0307
0 0.6406 0.6977 0.0117 0.0288
0 0.6494 0.6363 0.0098 0.025
0 0.6621 0.6113 0.0078 0.025
0 0.6821 0.6209 0.0088 0.025
0 0.7119 0.643 0.0117 0.0307
0 0.6958 0.6056 0.0088 0.0211
0 0.6899 0.5758 0.0088 0.023
0 0.6113 0.6775 0.0098 0.023
0 0.5864 0.6315 0.0107 0.0269
0 0.606 0.6248 0.0088 0.025
0 0.5723 0.6603 0.0117 0.0269
0 0.5723 0.6123 0.0078 0.023
0 0.5366 0.5816 0.0107 0.0269
0 0.6367 0.5893 0.0078 0.023
0 0.4258 0.6468 0.0098 0.023
0 0.4585 0.5806 0.0088 0.0211
0 0.4473 0.572 0.0098 0.023
0 0.3525 0.619 0.0098 0.0211
0 0.373 0.5681 0.0078 0.0192
0 0.3804 0.6305 0.0107 0.025
0 0.3994 0.6046 0.0078 0.0192
0 0.2778 0.6372 0.0107 0.023
0 0.2622 0.594 0.0068 0.0173
0 0.2285 0.5816 0.0078 0.0192
0 0.2407 0.5557 0.0068 0.0173
0 0.2554 0.5605 0.0068 0.0192
