0 0.8047 0.511 0.0469 0.0852
0 0.6699 0.4559 0.0957 0.1571
0 0.8555 0.5095 0.0293 0.047
0 0.4805 0.5411 0.043 0.069
0 0.3716 0.8767 0.0205 0.0352
0 0.3379 0.7871 0.0234 0.0411
0 0.27 0.757 0.0146 0.0308
0 0.293 0.746 0.0117 0.0264
0 0.228 0.768 0.0166 0.0294
0 0.1831 0.7357 0.0107 0.0206
0 0.168 0.7416 0.0117 0.0206
0 0.1553 0.7269 0.0156 0.0235
0 0.1523 0.6982 0.0137 0.022
0 0.3657 0.732 0.0146 0.0279
0 0.3369 0.7379 0.0137 0.022
0 0.311 0.7048 0.0127 0.0235
0 0.2617 0.674 0.0098 0.0206
0 0.4263 0.7643 0.0166 0.0338
0 0.4043 0.7746 0.0156 0.025
0 0.4287 0.7283 0.0117 0.0206
0 0.4268 0.6784 0.0098 0.0147
0 0.4258 0.9112 0.0195 0.0308
0 0.3188 0.5529 0.0088 0.0162
0 0.3887 0.5477 0.0098 0.0176
