0 0.8164 0.6172 0.0098 0.0182
0 0.8462 0.6152 0.0088 0.0221
0 0.8247 0.599 0.0107 0.0078
0 0.8721 0.6068 0.0098 0.013
0 0.8862 0.5697 0.0068 0.0143
0 0.8975 0.5469 0.0078 0.0078
0 0.9014 0.5579 0.0059 0.0117
0 0.9053 0.5573 0.002 0.0078
0 0.8628 0.4922 0.0049 0.0078
0 0.8823 0.5124 0.0049 0.0091
0 0.9014 0.5182 0.0039 0.0078
0 0.9175 0.5124 0.0049 0.0091
0 0.8774 0.5827 0.0088 0.0143
0 0.8716 0.5775 0.0068 0.0143
0 0.7402 0.5332 0.0039 0.0065
0 0.9565 0.5469 0.0088 0.013
0 0.8467 0.4753 0.0059 0.0104
0 0.9702 0.5293 0.0049 0.0117
0 0.9238 0.5202 0.0059 0.0091
0 0.8589 0.7174 0.0166 0.026
0 0.8467 0.7565 0.0195 0.0339
0 0.8784 0.7578 0.0166 0.0365
0 0.9053 0.7526 0.0137 0.0365
0 0.9722 0.6374 0.0127 0.0195
0 0.8853 0.9629 0.0244 0.056
0 0.9868 0.8522 0.0244 0.0456
0 0.0312 0.5944 0.0078 0.0195
0 0.0708 0.5684 0.0127 0.0221
0 0.0547 0.6126 0.0117 0.0247
0 0.1519 0.5996 0.0088 0.0169
0 0.1841 0.5299 0.0107 0.0156
0 0.0825 0.6608 0.0166 0.0299
0 0.1133 0.7168 0.0117 0.0273
0 0.1982 0.6888 0.0195 0.0286
0 0.2173 0.6589 0.0166 0.026
0 0.0137 0.7266 0.0195 0.0339
0 0.0874 0.7513 0.0186 0.0339
0 0.2144 0.7865 0.0225 0.0312
0 0.1953 0.8301 0.0137 0.0404
0 0.0806 0.8646 0.0107 0.0417
0 0.1689 0.9069 0.0195 0.0299
0 0.1694 0.9792 0.0361 0.0365
0 0.3032 0.5326 0.0088 0.0156
0 0.311 0.5566 0.0107 0.0195
0 0.3184 0.6055 0.0156 0.0182
0 0.3599 0.5501 0.0088 0.0143
0 0.4009 0.5944 0.0107 0.0195
0 0.3984 0.5332 0.0078 0.0117
0 0.5073 0.8646 0.0264 0.0469
0 0.27 0.8177 0.0244 0.0495
0 0.3369 0.7852 0.0234 0.0443
0 0.3857 0.7754 0.0176 0.0378
0 0.3213 0.8854 0.0352 0.0625
0 0.4097 0.8555 0.0068 0.0339
0 0.4409 0.9447 0.0186 0.0508
0 0.5742 0.6973 0.0176 0.0326
0 0.6333 0.7663 0.0088 0.0221
0 0.7334 0.791 0.0176 0.0378
0 0.6177 0.8086 0.0244 0.0417
0 0.5591 0.9538 0.0303 0.0534
0 0.6411 0.8978 0.0166 0.0508
0 0.4849 0.75 0.0166 0.0286
0 0.4917 0.7721 0.0166 0.0417
0 0.7695 0.6803 0.0156 0.0221
0 0.624 0.6634 0.0176 0.0273
0 0.4951 0.543 0.0098 0.013
0 0.6108 0.5508 0.0107 0.0182
0 0.52 0.6042 0.0127 0.0208
0 0.5229 0.6204 0.0107 0.0221
0 0.5859 0.5521 0.0059 0.013
0 0.541 0.5397 0.0117 0.0143
0 0.6362 0.5566 0.0068 0.0117
0 0.6445 0.5579 0.0078 0.0117
0 0.9126 0.5938 0.0127 0.0208
0 0.8154 0.4733 0.0059 0.0065
0 0.8198 0.4941 0.0049 0.0091
0 0.8262 0.4902 0.0059 0.0117
0 0.7705 0.528 0.0098 0.0117
0 0.8481 0.5137 0.0049 0.0091
0 0.7485 0.6185 0.0127 0.0286
0 0.7637 0.597 0.0117 0.0195
0 0.8062 0.5645 0.0029 0.0091
0 0.0005 0.653 0.0029 0.0143
0 0.8491 0.5918 0.0088 0.0117
0 0.9326 0.4727 0.0059 0.0104
0 0.8853 0.6211 0.0107 0.0208
