0 0.2012 0.5586 0.082 0.0835
0 0.3257 0.604 0.0342 0.041
0 0.5669 0.5622 0.0322 0.0366
0 0.8584 0.5608 0.0234 0.0293
0 0.5352 0.4908 0.0117 0.011
0 0.5703 0.4813 0.0117 0.0095
0 0.5918 0.4601 0.0117 0.011
0 0.5996 0.4762 0.0098 0.0124
0 0.6338 0.4722 0.0098 0.0117
0 0.6514 0.4828 0.0098 0.011
0 0.6904 0.4854 0.0098 0.0102
0 0.8174 0.5699 0.0391 0.0315
0 0.7871 0.5732 0.0215 0.0278
0 0.9453 0.6859 0.1074 0.0952
0 0.2783 0.545 0.0352 0.0417
0 0.4199 0.5362 0.0059 0.0051
0 0.4556 0.5022 0.0068 0.0073
0 0.4375 0.5066 0.0059 0.0059
0 0.5449 0.4835 0.0098 0.0095
0 0.1387 0.7083 0.1582 0.2116
0 0.6294 0.556 0.0146 0.0124
