0 0.0112 0.9195 0.0166 0.0578
0 0.0376 0.9125 0.0264 0.05
0 0.1035 0.925 0.0215 0.0375
0 0.1592 0.6227 0.0098 0.0234
0 0.1763 0.6328 0.0127 0.0188
0 0.1865 0.7094 0.0137 0.025
0 0.2715 0.7516 0.0137 0.0312
0 0.2246 0.7883 0.0137 0.0391
0 0.3232 0.7461 0.0117 0.0328
0 0.1685 0.8047 0.0127 0.0344
0 0.1919 0.8234 0.0166 0.0344
0 0.1895 0.8734 0.0254 0.0438
0 0.2573 0.9742 0.0303 0.0484
0 0.2432 0.8633 0.0176 0.0391
0 0.3008 0.8469 0.0254 0.0531
0 0.3188 0.8313 0.0127 0.0344
0 0.376 0.6484 0.0176 0.0156
0 0.3506 0.6781 0.0176 0.0281
0 0.3477 0.7484 0.0176 0.0375
0 0.3799 0.7273 0.0176 0.0328
0 0.3838 0.6867 0.0098 0.0234
0 0.4067 0.7289 0.0127 0.0297
0 0.4028 0.7039 0.0107 0.0203
0 0.3994 0.818 0.0215 0.0422
0 0.4292 0.8039 0.0166 0.0328
0 0.3892 0.9203 0.0244 0.0563
0 0.4492 0.8766 0.0234 0.0469
0 0.4854 0.7891 0.0156 0.0344
0 0.521 0.8984 0.0166 0.0312
0 0.457 0.6219 0.0078 0.0188
0 0.4424 0.65 0.0078 0.0156
0 0.4883 0.5789 0.0078 0.0172
0 0.4399 0.7375 0.0127 0.0312
0 0.4609 0.7313 0.0117 0.0312
0 0.5605 0.6594 0.0078 0.0219
0 0.5786 0.7047 0.0146 0.0281
0 0.457 0.6969 0.0098 0.0063
0 0.5679 0.8602 0.0166 0.0359
0 0.6074 0.8156 0.0156 0.0281
0 0.6772 0.7945 0.0127 0.0328
0 0.5747 0.7586 0.0107 0.0266
0 0.5923 0.693 0.0107 0.0234
0 0.6255 0.7047 0.0166 0.0281
0 0.686 0.6453 0.0068 0.0188
0 0.7251 0.6484 0.0088 0.0219
0 0.7466 0.6555 0.0107 0.0203
0 0.7856 0.6516 0.0107 0.0219
0 0.7593 0.6313 0.0088 0.0156
0 0.7529 0.7766 0.0156 0.0312
0 0.7881 0.7125 0.0156 0.025
0 0.8359 0.7258 0.0117 0.0266
0 0.8135 0.6352 0.0078 0.0141
0 0.7729 0.8953 0.0186 0.0406
0 0.7974 0.8766 0.0146 0.0406
0 0.7256 0.7203 0.0117 0.0312
0 0.8003 0.6133 0.0088 0.0172
0 0.8501 0.5938 0.0088 0.0156
0 0.8979 0.5977 0.0049 0.0141
0 0.9194 0.5891 0.0088 0.0188
0 0.9756 0.5695 0.0059 0.0141
0 0.8701 0.6805 0.0137 0.0234
0 0.9395 0.7477 0.0176 0.0359
0 0.9219 0.8398 0.0156 0.0359
0 0.8418 0.7898 0.0195 0.0453
