0 0.7754 0.3971 0.1777 0.3529
0 0.6016 0.561 0.0371 0.0544
0 0.501 0.5574 0.0234 0.0382
0 0.3887 0.5324 0.0234 0.0412
0 0.4072 0.5816 0.0195 0.0456
0 0.459 0.5338 0.0273 0.0471
0 0.481 0.511 0.0205 0.0368
0 0.3013 0.5596 0.0283 0.0397
0 0.2651 0.536 0.0186 0.0397
0 0.2378 0.5184 0.0146 0.0279
0 0.2007 0.5404 0.0205 0.0368
0 0.1968 0.511 0.0146 0.0338
0 0.147 0.5434 0.0166 0.0309
0 0.3501 0.5044 0.0186 0.0353
0 0.3584 0.5551 0.0156 0.0279
0 0.6973 0.6066 0.041 0.0632
0 0.0552 0.5375 0.0205 0.0338
0 0.0083 0.5331 0.0146 0.0309
0 0.0293 0.5485 0.0156 0.0235
0 0.0786 0.5316 0.0225 0.0515
