0 0.9819 0.6237 0.0342 0.1083
0 0.9868 0.4488 0.0225 0.0512
0 0.8882 0.4671 0.0381 0.0673
0 0.9077 0.3939 0.0088 0.0205
0 0.894 0.3807 0.0068 0.0117
0 0.937 0.4012 0.0107 0.0205
0 0.8359 0.396 0.0098 0.0161
0 0.8501 0.3858 0.0088 0.0132
0 0.8208 0.3902 0.0088 0.019
0 0.8081 0.3931 0.0146 0.0249
0 0.7949 0.4107 0.0137 0.0307
0 0.7661 0.4451 0.0381 0.0586
0 0.7642 0.5988 0.0791 0.1406
0 0.6367 0.3851 0.0391 0.0732
0 0.7642 0.3843 0.0225 0.0366
0 0.7241 0.3968 0.0127 0.0205
0 0.6953 0.4012 0.0156 0.0322
0 0.6802 0.4246 0.0205 0.0351
0 0.6758 0.3909 0.0117 0.0205
0 0.7856 0.3741 0.0107 0.0161
0 0.7285 0.3755 0.0078 0.0132
0 0.5176 0.6303 0.0781 0.1567
0 0.5103 0.4327 0.0381 0.0717
0 0.5518 0.4012 0.0215 0.041
0 0.5752 0.3734 0.0137 0.0234
0 0.5278 0.3785 0.0127 0.022
0 0.4883 0.4246 0.0176 0.0381
0 0.4619 0.4649 0.0254 0.0483
0 0.0972 0.5198 0.0771 0.1288
0 0.2632 0.5908 0.0713 0.1245
0 0.269 0.4458 0.042 0.063
0 0.2266 0.4151 0.0215 0.0395
0 0.1621 0.4817 0.0352 0.0732
0 0.0562 0.4605 0.0361 0.0688
0 0.1577 0.3858 0.0205 0.0395
0 0.0928 0.4012 0.0254 0.0322
0 0.0576 0.3799 0.0215 0.0307
0 0.2036 0.3946 0.0088 0.019
0 0.2534 0.3975 0.0088 0.0161
0 0.3242 0.399 0.0156 0.0278
0 0.3125 0.4004 0.0137 0.0249
0 0.2671 0.3858 0.0127 0.019
0 0.0093 0.4451 0.0049 0.0293
0 0.019 0.399 0.0225 0.0366
0 0.0327 0.3492 0.0166 0.0249
0 0.1011 0.3609 0.0127 0.019
0 0.0762 0.3917 0.0078 0.0161
0 0.0669 0.3455 0.0088 0.0117
0 0.1143 0.4034 0.0156 0.0249
0 0.1118 0.3331 0.0068 0.0073
0 0.1216 0.3485 0.0068 0.0117
0 0.0771 0.3477 0.0059 0.0102
0 0.1924 0.3719 0.0078 0.0117
0 0.3862 0.437 0.042 0.0776
0 0.415 0.4165 0.0195 0.0337
0 0.4331 0.4173 0.0127 0.0293
0 0.4346 0.3829 0.0156 0.0278
0 0.3516 0.4612 0.0234 0.0469
0 0.3481 0.4187 0.0205 0.0322
0 0.291 0.4019 0.0176 0.0307
0 0.3428 0.3777 0.0078 0.0146
0 0.3389 0.3653 0.0059 0.0102
0 0.3779 0.3675 0.0059 0.0117
0 0.4854 0.3924 0.0176 0.0234
0 0.4976 0.3697 0.0088 0.0132
0 0.4619 0.377 0.0117 0.019
0 0.4536 0.3939 0.0107 0.0146
0 0.4111 0.3653 0.0078 0.0132
0 0.4253 0.366 0.0088 0.0146
0 0.396 0.3594 0.0068 0.0132
0 0.4546 0.3668 0.0068 0.0132
0 0.4849 0.3594 0.0029 0.0073
0 0.4712 0.3529 0.0068 0.0088
0 0.2627 0.3536 0.0078 0.0132
0 0.29 0.3572 0.0059 0.0088
0 0.2227 0.3609 0.0059 0.0102
0 0.2446 0.3594 0.0068 0.0102
0 0.207 0.3572 0.0078 0.0117
0 0.2134 0.3448 0.0068 0.0102
0 0.2285 0.3587 0.0059 0.0117
0 0.2197 0.3441 0.0039 0.0088
0 0.3076 0.3587 0.0078 0.0117
0 0.3062 0.3734 0.0107 0.0176
0 0.354 0.3697 0.0088 0.0132
0 0.3564 0.3536 0.0059 0.0102
0 0.3862 0.3609 0.0068 0.0132
0 0.4448 0.358 0.0049 0.0073
0 0.4727 0.3668 0.0039 0.0073
0 0.5132 0.3682 0.0068 0.0102
0 0.52 0.3543 0.0029 0.0059
0 0.5 0.3551 0.0059 0.0073
0 0.4922 0.3521 0.0039 0.0073
0 0.5591 0.3631 0.0088 0.0146
0 0.5366 0.3551 0.0068 0.0102
0 0.6997 0.3741 0.0068 0.0132
0 0.0254 0.3199 0.0098 0.019
0 0.7856 0.4363 0.0205 0.0527
