0 0.9565 0.6347 0.0225 0.0366
0 0.8564 0.6581 0.0254 0.0512
0 0.7974 0.5791 0.0244 0.0425
0 0.6616 0.5549 0.0107 0.0264
0 0.5859 0.604 0.0176 0.0425
0 0.5698 0.5835 0.0166 0.0337
0 0.5327 0.5695 0.0166 0.0322
0 0.5498 0.5549 0.0176 0.0293
0 0.5327 0.5996 0.0146 0.0307
0 0.5146 0.604 0.0215 0.0366
0 0.5459 0.4392 0.0059 0.0088
0 0.4736 0.642 0.0215 0.0337
0 0.4629 0.6223 0.0176 0.0322
0 0.4614 0.6816 0.0205 0.0395
0 0.3804 0.8294 0.0244 0.06
0 0.3232 0.6837 0.0234 0.0498
0 0.3477 0.6303 0.0176 0.0395
0 0.3223 0.5937 0.0117 0.022
0 0.2949 0.5791 0.0078 0.0278
0 0.2656 0.6003 0.0117 0.0205
0 0.2495 0.634 0.0127 0.0322
0 0.2329 0.6135 0.0186 0.0322
0 0.2119 0.6208 0.0156 0.0322
0 0.2212 0.5769 0.0146 0.0322
0 0.1011 0.6464 0.0225 0.0395
0 0.1514 0.5996 0.0137 0.0337
0 0.1797 0.5878 0.0137 0.0337
0 0.022 0.7811 0.042 0.0805
0 0.7622 0.5044 0.0127 0.019
0 0.7065 0.519 0.0127 0.022
0 0.7788 0.5425 0.0107 0.019
0 0.98 0.5439 0.0127 0.019
0 0.9292 0.631 0.0186 0.0351
0 0.7959 0.6874 0.0273 0.0454
0 0.6104 0.4327 0.0078 0.0132
0 0.4692 0.4078 0.0049 0.0102
0 0.5757 0.4327 0.0049 0.0102
0 0.5537 0.3997 0.0059 0.0088
0 0.541 0.4165 0.0059 0.0102
0 0.3652 0.41 0.0078 0.0176
0 0.3833 0.4312 0.0068 0.0132
0 0.2275 0.4568 0.0059 0.0176
0 0.2529 0.4444 0.0078 0.0132
0 0.146 0.4129 0.0049 0.0117
0 0.147 0.437 0.0088 0.0102
0 0.0439 0.4568 0.0059 0.0176
