0 0.915 0.5308 0.0293 0.0495
0 0.8647 0.5435 0.0264 0.039
0 0.8857 0.5285 0.0215 0.033
0 0.8442 0.4992 0.0205 0.0255
0 0.9229 0.4557 0.0215 0.0345
0 0.9756 0.479 0.0156 0.024
0 0.9585 0.461 0.0107 0.018
0 0.8101 0.5968 0.0361 0.0586
0 0.7773 0.5188 0.0273 0.0465
0 0.689 0.5128 0.0283 0.0495
0 0.6592 0.5856 0.0332 0.0511
0 0.6411 0.4602 0.0205 0.0255
0 0.6455 0.5075 0.0215 0.03
0 0.7188 0.4752 0.0176 0.0375
0 0.75 0.488 0.0176 0.03
0 0.7246 0.5278 0.0195 0.0315
0 0.9634 0.5195 0.0205 0.033
0 0.9829 0.5646 0.0322 0.045
0 0.8926 0.6389 0.0391 0.0435
0 0.5664 0.5998 0.0312 0.0586
0 0.4722 0.5931 0.0322 0.0541
0 0.3364 0.5631 0.0342 0.0601
0 0.333 0.4992 0.0195 0.0285
0 0.4009 0.4992 0.0186 0.0285
0 0.3804 0.488 0.0244 0.042
0 0.438 0.5203 0.0146 0.0345
0 0.5317 0.4827 0.0225 0.0375
0 0.5889 0.4459 0.0117 0.024
0 0.5908 0.5578 0.0254 0.0375
0 0.5103 0.4332 0.0088 0.0165
0 0.5693 0.4294 0.0078 0.015
0 0.48 0.4444 0.0088 0.015
0 0.415 0.4527 0.0156 0.0225
0 0.3691 0.4114 0.0078 0.015
0 0.3076 0.4347 0.0137 0.0285
0 0.6133 0.4422 0.0117 0.0195
0 0.0645 0.545 0.041 0.0541
0 0.2412 0.5458 0.0215 0.0465
0 0.2856 0.5353 0.0322 0.0345
0 0.1934 0.4812 0.0195 0.0285
0 0.1548 0.4497 0.0225 0.0315
0 0.2554 0.4602 0.0166 0.0255
0 0.1787 0.4369 0.0156 0.024
0 0.0566 0.485 0.0293 0.042
0 0.1914 0.4189 0.0098 0.018
0 0.2632 0.4279 0.0127 0.018
0 0.9902 0.4459 0.0117 0.018
