0 0.6797 0.6603 0.0605 0.1768
0 0.5864 0.6872 0.0498 0.1265
0 0.8555 0.6092 0.0566 0.1473
0 0.3442 0.169 0.042 0.1023
0 0.2964 0.3761 0.0537 0.0936
0 0.3931 0.2314 0.0322 0.0849
0 0.2456 0.0347 0.04 0.0659
0 0.3906 0.0555 0.0332 0.0797
0 0.1147 0.3076 0.0381 0.1161
0 0.5298 0.4125 0.0557 0.149
0 0.5991 0.2764 0.0537 0.1231
0 0.542 0.2903 0.0469 0.0953
0 0.5244 0.2314 0.043 0.0711
0 0.6914 0.539 0.0566 0.1075
0 0.5181 0.0295 0.0342 0.0624
0 0.4692 0.1482 0.0264 0.078
0 0.5713 0.0451 0.041 0.0901
0 0.7158 0.0806 0.043 0.0953
0 0.7715 0.0477 0.0449 0.0919
0 0.8809 0.0511 0.0371 0.0953
0 0.8159 0.1612 0.042 0.104
0 0.8086 0.3414 0.0508 0.1248
0 0.6851 0.2149 0.0342 0.0832
0 0.8491 0.266 0.042 0.0988
0 0.9097 0.4411 0.0557 0.078
0 0.9746 0.5728 0.0488 0.1265
0 0.0869 0.4428 0.0332 0.1231
0 0.1533 0.0234 0.0352 0.0503
