0 0.9912 0.2417 0.0156 0.0711
0 0.9854 0.0806 0.0273 0.0853
0 0.9272 0.1291 0.0264 0.0782
0 0.895 0.09 0.0244 0.0521
0 0.9009 0.1445 0.0205 0.0664
0 0.8506 0.1564 0.0234 0.0711
0 0.8242 0.154 0.0293 0.0806
0 0.8867 0.359 0.0234 0.0735
0 0.7324 0.2725 0.0293 0.0853
0 0.7373 0.1694 0.0254 0.0735
0 0.7627 0.2002 0.0156 0.0498
0 0.7207 0.1659 0.0117 0.0332
0 0.686 0.2275 0.0244 0.0664
0 0.6372 0.2239 0.0225 0.0592
0 0.6284 0.2464 0.0146 0.0474
0 0.5947 0.2832 0.0273 0.0782
0 0.582 0.1979 0.0215 0.0545
0 0.5625 0.2275 0.0215 0.0569
0 0.6641 0.1848 0.0195 0.0569
0 0.5132 0.2346 0.0205 0.0569
0 0.5337 0.2832 0.0225 0.064
0 0.5508 0.3768 0.0273 0.0758
0 0.4463 0.3957 0.0371 0.1327
0 0.4302 0.2749 0.0225 0.0664
0 0.4624 0.2725 0.0186 0.0474
0 0.4141 0.2962 0.0176 0.0521
0 0.395 0.3661 0.0225 0.0735
0 0.4199 0.4609 0.0254 0.1019
0 0.4468 0.2713 0.0088 0.0308
0 0.3594 0.3246 0.0215 0.0569
0 0.2964 0.3057 0.0166 0.0474
0 0.3071 0.3472 0.0225 0.0592
0 0.3247 0.4088 0.0244 0.0735
0 0.2695 0.3886 0.0273 0.0758
0 0.2861 0.4953 0.041 0.1185
0 0.2617 0.5036 0.0215 0.0687
0 0.2314 0.4621 0.0332 0.0948
0 0.25 0.4005 0.0176 0.0521
0 0.2163 0.4028 0.0225 0.0521
0 0.2007 0.3839 0.0166 0.0474
0 0.1538 0.4799 0.0342 0.1161
0 0.1777 0.3483 0.0156 0.0427
0 0.0845 0.4372 0.0205 0.0545
0 0.1396 0.4727 0.0176 0.0592
0 0.0981 0.5592 0.0225 0.0711
