0 0.9375 0.39 0.0449 0.0664
0 0.8916 0.4082 0.0117 0.0195
0 0.873 0.429 0.0195 0.0273
0 0.8613 0.3939 0.0137 0.0273
0 0.7964 0.4368 0.0166 0.0273
0 0.8257 0.4147 0.0107 0.0169
0 0.8164 0.4271 0.0078 0.013
0 0.8389 0.3613 0.0098 0.0143
0 0.8896 0.3711 0.0059 0.0104
0 0.8125 0.4121 0.0098 0.0169
0 0.7993 0.4004 0.0088 0.0143
0 0.7993 0.3809 0.0068 0.0117
0 0.7764 0.3978 0.0078 0.0143
0 0.7593 0.4316 0.0166 0.0247
0 0.7285 0.4069 0.0176 0.0221
0 0.6572 0.4115 0.0176 0.026
0 0.6807 0.39 0.0098 0.0143
0 0.7466 0.4232 0.0088 0.0156
0 0.7529 0.4128 0.0078 0.013
0 0.6992 0.4154 0.0078 0.013
0 0.6841 0.4329 0.0127 0.0195
0 0.6777 0.4251 0.0117 0.0195
0 0.666 0.401 0.0059 0.0104
0 0.5918 0.4303 0.0156 0.0195
0 0.644 0.418 0.0088 0.0156
0 0.6333 0.429 0.0107 0.0169
0 0.6245 0.4193 0.0107 0.0156
0 0.625 0.4089 0.0098 0.0156
0 0.5923 0.4095 0.0127 0.0169
0 0.5825 0.4115 0.0107 0.0182
0 0.561 0.4349 0.0166 0.0234
0 0.5679 0.4173 0.0127 0.0195
0 0.5444 0.4193 0.0107 0.0156
0 0.5103 0.4173 0.0146 0.0169
0 0.4971 0.4264 0.0098 0.0143
0 0.4878 0.4323 0.0146 0.0234
0 0.4404 0.4323 0.0176 0.026
0 0.4292 0.4271 0.0107 0.0156
0 0.4199 0.4206 0.0098 0.0156
0 0.3906 0.4258 0.0098 0.0156
0 0.3857 0.4303 0.0098 0.0143
0 0.3696 0.4362 0.0146 0.0234
0 0.3418 0.4401 0.0098 0.013
0 0.3354 0.4297 0.0107 0.0156
0 0.3467 0.4303 0.0059 0.0091
0 0.2759 0.457 0.0146 0.026
0 0.2627 0.4382 0.0137 0.0195
0 0.2744 0.4323 0.0098 0.0156
0 0.2129 0.4525 0.0137 0.0195
0 0.2485 0.4427 0.0107 0.0182
0 0.2231 0.4421 0.0127 0.0247
0 0.1343 0.5553 0.0518 0.0638
0 0.1807 0.4434 0.0234 0.0378
0 0.1431 0.4284 0.0068 0.013
0 0.1567 0.4147 0.0068 0.0091
0 0.1538 0.4759 0.0068 0.0117
0 0.0894 0.4596 0.0107 0.0156
0 0.125 0.4551 0.0098 0.0195
0 0.1074 0.4238 0.0078 0.0117
0 0.1304 0.4186 0.0088 0.0117
0 0.1533 0.401 0.0059 0.0104
0 0.1094 0.3822 0.0059 0.0117
0 0.0908 0.4382 0.0078 0.0169
0 0.0737 0.4434 0.0107 0.0143
0 0.0469 0.4622 0.0156 0.026
0 0.0186 0.4473 0.0098 0.0143
0 0.0542 0.4388 0.0088 0.013
0 0.022 0.4785 0.0107 0.0169
