0 0.9541 0.6567 0.0547 0.104
0 0.9766 0.5761 0.0293 0.063
0 0.9902 0.4898 0.0156 0.0366
0 0.9775 0.4583 0.0137 0.0264
0 0.9307 0.4385 0.0137 0.0278
0 0.9243 0.4261 0.0088 0.0146
0 0.9414 0.5117 0.0176 0.0307
0 0.9541 0.5037 0.0117 0.0351
0 0.9375 0.4824 0.0117 0.0278
0 0.9346 0.552 0.0215 0.0351
0 0.8818 0.5395 0.0215 0.0454
0 0.8882 0.4524 0.0107 0.0176
0 0.9175 0.4656 0.0107 0.0205
0 0.9048 0.4934 0.0107 0.0176
0 0.8887 0.4854 0.0098 0.019
0 0.8472 0.56 0.0186 0.0366
0 0.7671 0.7438 0.0322 0.0791
0 0.7407 0.7138 0.0361 0.0747
0 0.7959 0.6186 0.0371 0.0717
0 0.8022 0.5498 0.0303 0.0571
0 0.7607 0.5835 0.0176 0.0454
0 0.7266 0.5571 0.0195 0.0512
0 0.6489 0.6772 0.0537 0.1069
0 0.7041 0.6457 0.0352 0.0673
0 0.6309 0.5842 0.0371 0.0791
0 0.5356 0.6859 0.0498 0.0835
0 0.4609 0.6837 0.0488 0.0878
0 0.3799 0.6537 0.0488 0.0922
0 0.3154 0.7262 0.0391 0.0732
0 0.3027 0.7145 0.0332 0.0703
0 0.2681 0.6398 0.042 0.0703
0 0.2202 0.6054 0.0244 0.0425
0 0.2197 0.5637 0.0195 0.0351
0 0.063 0.5915 0.0342 0.0673
0 0.1426 0.6215 0.0215 0.0483
0 0.0615 0.5037 0.0137 0.0264
0 0.1787 0.4736 0.0117 0.022
0 0.1367 0.4671 0.0117 0.0205
0 0.1167 0.4736 0.0127 0.022
0 0.1255 0.4429 0.0088 0.0161
0 0.2129 0.5037 0.0195 0.0351
0 0.2471 0.481 0.0137 0.0249
0 0.2412 0.4605 0.0098 0.019
0 0.2534 0.4568 0.0107 0.0176
0 0.2671 0.5549 0.0225 0.0439
0 0.2437 0.5242 0.0127 0.0264
0 0.2427 0.5549 0.0146 0.0322
0 0.3237 0.4861 0.0107 0.0264
0 0.2852 0.4678 0.0137 0.019
0 0.2778 0.4934 0.0107 0.0234
0 0.3076 0.5 0.0098 0.022
0 0.4912 0.5996 0.0293 0.0571
0 0.4692 0.5842 0.0244 0.0439
0 0.4736 0.5271 0.0195 0.0351
0 0.4648 0.5373 0.0195 0.041
0 0.4214 0.5271 0.0186 0.0351
0 0.4023 0.5059 0.0176 0.0307
0 0.5083 0.4773 0.0127 0.0293
0 0.5308 0.5 0.0166 0.0307
0 0.4058 0.4795 0.0127 0.022
0 0.5767 0.5798 0.0283 0.0498
0 0.561 0.5673 0.0205 0.0395
0 0.6831 0.5286 0.0225 0.0469
0 0.6392 0.5256 0.0205 0.0439
0 0.6055 0.4773 0.0117 0.0234
0 0.5894 0.4685 0.0107 0.0176
0 0.6016 0.4495 0.0078 0.0146
0 0.6108 0.4539 0.0068 0.0146
0 0.5679 0.4436 0.0107 0.0176
0 0.5806 0.448 0.0088 0.0176
0 0.71 0.4524 0.0098 0.0205
0 0.6812 0.4729 0.0107 0.0234
0 0.5835 0.5256 0.0107 0.0234
0 0.5654 0.4802 0.0098 0.0234
0 0.5181 0.4553 0.0088 0.0176
0 0.7534 0.5176 0.0146 0.0395
0 0.7598 0.4729 0.0098 0.0146
0 0.3184 0.44 0.0098 0.019
0 0.3013 0.4553 0.0107 0.0176
0 0.292 0.5066 0.0117 0.0176
0 0.21 0.4356 0.0078 0.0132
0 0.4028 0.4656 0.0127 0.0234
0 0.4136 0.4407 0.0088 0.0176
0 0.4272 0.437 0.0088 0.0161
