0 0.0264 0.298 0.0488 0.0747
0 0.1475 0.1735 0.0195 0.0249
0 0.1646 0.1457 0.0088 0.019
0 0.1938 0.1574 0.0127 0.022
0 0.2456 0.1567 0.0088 0.0176
0 0.3198 0.2094 0.0146 0.0469
0 0.3423 0.175 0.0107 0.022
0 0.418 0.3433 0.0645 0.1098
0 0.3604 0.2731 0.0234 0.0454
0 0.0698 0.1545 0.0107 0.0249
0 0.2632 0.1662 0.0107 0.022
0 0.3872 0.1991 0.0127 0.0176
0 0.5405 0.1999 0.0107 0.022
0 0.4463 0.1859 0.0059 0.0205
0 0.4307 0.1859 0.0137 0.0234
0 0.4927 0.172 0.0068 0.0161
0 0.666 0.2445 0.0293 0.0469
0 0.7207 0.2189 0.0137 0.019
0 0.7432 0.2335 0.0078 0.019
0 0.8281 0.2657 0.0098 0.0307
0 0.8994 0.2365 0.0078 0.019
0 0.915 0.2255 0.0059 0.0117
0 0.7456 0.1984 0.0049 0.0102
0 0.769 0.2006 0.0068 0.0117
0 0.5522 0.1808 0.0068 0.0132
0 0.5664 0.1808 0.0059 0.0102
0 0.5854 0.183 0.0068 0.0117
0 0.9902 0.2167 0.0078 0.0146
