0 0.0195 0.5226 0.0312 0.0492
0 0.0449 0.5226 0.0215 0.0336
0 0.2153 0.4198 0.0322 0.0556
0 0.3594 0.458 0.0898 0.1992
0 0.4307 0.5505 0.0293 0.0375
0 0.5083 0.5213 0.0127 0.0155
0 0.5317 0.5278 0.0146 0.0285
0 0.5776 0.5298 0.0107 0.0246
0 0.5928 0.5265 0.0078 0.0155
0 0.6436 0.5517 0.0215 0.0349
0 0.627 0.6889 0.0469 0.0867
0 0.4653 0.6721 0.04 0.066
0 0.5103 0.7542 0.0303 0.0466
0 0.6704 0.5556 0.0146 0.0298
0 0.6948 0.5395 0.0146 0.0233
0 0.7061 0.5912 0.0254 0.044
0 0.6875 0.6546 0.0195 0.0543
0 0.769 0.5265 0.0186 0.031
0 0.8076 0.5369 0.0117 0.031
0 0.8213 0.5291 0.0117 0.0233
0 0.8359 0.5304 0.0098 0.0181
0 0.8755 0.5433 0.0264 0.0362
0 0.9478 0.564 0.0225 0.044
0 0.5576 0.9761 0.0547 0.0453
0 0.8579 0.8823 0.0674 0.1371
