0 0.8809 0.5839 0.0234 0.0208
0 0.936 0.5709 0.0186 0.013
0 0.9131 0.6294 0.0234 0.0221
0 0.8892 0.644 0.0225 0.0215
0 0.8091 0.6375 0.0283 0.0176
0 0.7959 0.6912 0.0156 0.0221
0 0.7031 0.6086 0.0312 0.026
0 0.6523 0.63 0.0391 0.0299
0 0.6499 0.5718 0.0166 0.0189
0 0.8467 0.5868 0.0215 0.0202
0 0.791 0.5296 0.0156 0.0189
0 0.8481 0.5296 0.0166 0.015
0 0.9048 0.5595 0.0127 0.0189
0 0.9526 0.5306 0.0146 0.0143
0 0.9609 0.5146 0.0156 0.0124
0 0.9585 0.5023 0.0127 0.0111
0 0.8735 0.4984 0.0127 0.0098
0 0.8022 0.5036 0.0186 0.0124
0 0.8364 0.4883 0.0146 0.013
0 0.7251 0.5393 0.0146 0.0189
0 0.6548 0.5406 0.0244 0.0215
0 0.645 0.5078 0.0186 0.0195
0 0.6953 0.514 0.0215 0.0189
0 0.6831 0.4863 0.0186 0.0156
0 0.6357 0.4821 0.0195 0.0163
0 0.7231 0.4873 0.0127 0.0137
0 0.5483 0.5666 0.0166 0.0254
0 0.4648 0.5813 0.0312 0.026
0 0.3638 0.578 0.0283 0.0299
0 0.29 0.5979 0.043 0.0384
0 0.436 0.5315 0.0225 0.0241
0 0.4873 0.5263 0.0234 0.0228
0 0.5806 0.5211 0.0107 0.0176
0 0.5908 0.4925 0.0156 0.0189
0 0.5269 0.5026 0.0186 0.0195
0 0.4639 0.4945 0.0137 0.015
0 0.4126 0.4919 0.0186 0.0189
0 0.3345 0.461 0.0166 0.0169
0 0.1924 0.4678 0.0176 0.0202
0 0.2456 0.4993 0.0205 0.0208
0 0.4463 0.4542 0.0156 0.0124
0 0.5068 0.4607 0.0137 0.0163
0 0.5923 0.4743 0.0186 0.015
0 0.6099 0.4564 0.0186 0.0169
0 0.6953 0.4558 0.0156 0.013
0 0.6479 0.4532 0.0107 0.0143
0 0.1226 0.5839 0.04 0.0325
0 0.1787 0.5868 0.0371 0.0332
0 0.0366 0.5254 0.0283 0.026
0 0.1626 0.4311 0.0225 0.0208
0 0.355 0.4415 0.0166 0.0156
0 0.9087 0.4542 0.0186 0.015
0 0.8301 0.4646 0.0156 0.0124
0 0.7856 0.4564 0.0107 0.0117
0 0.749 0.422 0.0195 0.0182
0 0.6699 0.423 0.0137 0.0124
0 0.6113 0.4334 0.0156 0.0124
0 0.6299 0.421 0.0117 0.0111
0 0.6064 0.4194 0.0137 0.0117
0 0.6382 0.3729 0.0127 0.0124
0 0.6689 0.3466 0.0117 0.0117
0 0.7197 0.3898 0.0137 0.0124
0 0.7412 0.3768 0.0078 0.0085
0 0.7705 0.3745 0.0098 0.0078
0 0.8438 0.395 0.0117 0.0085
0 0.8564 0.4031 0.0078 0.0078
0 0.8931 0.4099 0.0127 0.0098
0 0.9028 0.4051 0.0088 0.0117
0 0.9531 0.434 0.0117 0.0085
0 0.9434 0.4194 0.0117 0.0104
0 0.9712 0.4334 0.0068 0.0059
0 0.564 0.423 0.0146 0.0124
0 0.5537 0.4447 0.0156 0.0143
0 0.5288 0.4109 0.0127 0.013
0 0.3979 0.3982 0.0186 0.0137
0 0.3652 0.3966 0.0156 0.0104
0 0.3389 0.4155 0.0156 0.0156
0 0.3081 0.3843 0.0186 0.013
0 0.3091 0.3319 0.0127 0.015
0 0.3281 0.341 0.0117 0.0111
0 0.4834 0.3635 0.0156 0.013
0 0.5337 0.3518 0.0146 0.013
0 0.5679 0.3667 0.0127 0.0104
0 0.5869 0.3638 0.0117 0.0111
0 0.4937 0.3355 0.0146 0.0117
0 0.4268 0.3137 0.0156 0.0124
0 0.4058 0.3332 0.0146 0.015
0 0.4424 0.4337 0.0176 0.0104
0 0.2578 0.3911 0.0137 0.0111
0 0.2642 0.4155 0.0146 0.013
0 0.2446 0.4262 0.0186 0.0163
0 0.1729 0.3891 0.0176 0.0163
0 0.104 0.3849 0.0186 0.0182
0 0.1494 0.3586 0.0176 0.0163
0 0.0645 0.3098 0.0234 0.0189
0 0.0645 0.3098 0.0234 0.0189
0 0.1943 0.3183 0.0176 0.0137
0 0.2173 0.3212 0.0127 0.013
0 0.2588 0.3309 0.0137 0.013
0 0.2651 0.3375 0.0127 0.0091
0 0.0825 0.7152 0.0557 0.0442
0 0.2119 0.4057 0.0176 0.0156
0 0.127 0.3781 0.0176 0.0163
0 0.5747 0.6642 0.0225 0.028
0 0.7808 0.5036 0.0146 0.0163
