0 0.1582 0.1667 0.0566 0.1061
0 0.5146 0.3455 0.041 0.0939
0 0.4814 0.3083 0.0293 0.0803
0 0.4316 0.3568 0.0273 0.0561
0 0.5259 0.7508 0.0928 0.1985
0 0.2798 0.8841 0.0635 0.2288
0 0.9404 0.7644 0.082 0.1318
0 0.7178 0.6447 0.0625 0.1197
0 0.7197 0.5417 0.0371 0.0652
0 0.6919 0.5106 0.042 0.0727
0 0.6318 0.4886 0.0273 0.05
0 0.8687 0.5303 0.0479 0.0879
0 0.9658 0.5538 0.0625 0.0955
0 0.3599 0.2227 0.0127 0.0303
0 0.0552 0.4167 0.0146 0.0242
0 0.8936 0.4174 0.0195 0.0409
0 0.9307 0.397 0.0234 0.0424
0 0.9854 0.4091 0.0273 0.0424
0 0.9268 0.497 0.0332 0.0636
0 0.9722 0.3515 0.0146 0.0242
0 0.8374 0.3886 0.0166 0.0348
0 0.8623 0.3773 0.0156 0.0303
0 0.8491 0.3447 0.0127 0.0227
0 0.7124 0.3992 0.0146 0.0288
0 0.7202 0.4348 0.0244 0.0455
0 0.6665 0.4326 0.0146 0.0318
0 0.6318 0.4265 0.0176 0.0348
0 0.6499 0.4144 0.0107 0.0197
0 0.6226 0.3864 0.0107 0.0212
0 0.6431 0.3765 0.0088 0.0197
0 0.6562 0.375 0.0098 0.0197
0 0.7056 0.3508 0.0088 0.0167
0 0.7295 0.3523 0.0098 0.0136
0 0.7612 0.3394 0.0088 0.0182
0 0.8232 0.3273 0.0078 0.0152
0 0.9229 0.3818 0.0176 0.0273
0 0.938 0.375 0.0146 0.0348
0 0.877 0.3386 0.0078 0.0197
0 0.9585 0.3258 0.0088 0.0182
0 0.9277 0.3288 0.0078 0.0182
0 0.9766 0.3182 0.0078 0.0182
0 0.9668 0.3167 0.0059 0.0152
