0 0.0537 0.7564 0.0234 0.0443
0 0.0137 0.7743 0.0215 0.0457
0 0.0615 0.7971 0.0195 0.04
0 0.0864 0.7514 0.0146 0.0286
0 0.1172 0.7436 0.0117 0.0214
0 0.085 0.8193 0.0254 0.0529
0 0.1016 0.7864 0.0176 0.0357
0 0.1206 0.825 0.0205 0.0386
0 0.0278 0.8371 0.042 0.0743
0 0.1665 0.73 0.0107 0.02
0 0.1641 0.7579 0.0117 0.0214
0 0.1729 0.7929 0.0254 0.0629
0 0.1914 0.7793 0.0195 0.03
0 0.2227 0.7336 0.0078 0.0186
0 0.2153 0.7593 0.0127 0.0271
0 0.2178 0.8043 0.0254 0.0543
0 0.1904 0.8243 0.0234 0.0543
0 0.0264 0.7286 0.0117 0.0171
0 0.0962 0.7086 0.0068 0.0143
0 0.269 0.7607 0.0146 0.03
0 0.2729 0.8186 0.0244 0.0457
0 0.2764 0.8614 0.0254 0.0629
0 0.2432 0.9079 0.0371 0.0671
0 0.1421 0.8964 0.0342 0.0614
0 0.1006 0.9343 0.0469 0.08
0 0.3379 0.7764 0.0137 0.0243
0 0.356 0.7907 0.0166 0.0357
0 0.3447 0.7507 0.0098 0.0186
0 0.3936 0.7729 0.0098 0.0229
0 0.4048 0.7629 0.0088 0.02
0 0.2915 0.7886 0.0244 0.0486
0 0.3267 0.94 0.0322 0.06
0 0.3784 0.9529 0.0439 0.0829
0 0.481 0.9071 0.0205 0.06
0 0.4941 0.865 0.0234 0.05
0 0.5103 0.8343 0.0166 0.04
0 0.498 0.7857 0.0117 0.0343
0 0.5342 0.7893 0.0117 0.0357
0 0.5381 0.92 0.0391 0.0829
0 0.418 0.8136 0.0137 0.03
0 0.3784 0.8014 0.0186 0.0314
0 0.3882 0.8529 0.0322 0.0429
0 0.311 0.7514 0.0088 0.0171
0 0.2915 0.7529 0.0127 0.02
0 0.356 0.75 0.0088 0.0143
0 0.5894 0.7886 0.0088 0.0229
0 0.605 0.8421 0.0166 0.0357
0 0.6177 0.7886 0.0088 0.0171
0 0.6528 0.8657 0.0186 0.04
0 0.6816 0.8871 0.0273 0.06
0 0.6997 0.8386 0.0146 0.0343
0 0.7437 0.8743 0.0225 0.0543
0 0.6602 0.8257 0.0156 0.0257
0 0.7183 0.8029 0.0088 0.0171
0 0.7065 0.82 0.0107 0.02
0 0.6572 0.7864 0.0078 0.0157
0 0.6436 0.9157 0.0352 0.0543
0 0.7432 0.8 0.0059 0.0114
0 0.5044 0.7536 0.0049 0.01
0 0.3267 0.7479 0.0088 0.0214
0 0.3936 0.7379 0.0059 0.01
0 0.3086 0.7171 0.0078 0.0114
0 0.8169 0.88 0.0186 0.04
0 0.8193 0.8293 0.0156 0.0271
0 0.6758 0.8086 0.0078 0.0143
0 0.7305 0.9793 0.0332 0.0386
0 0.939 0.9521 0.0498 0.0929
0 0.8701 0.9507 0.0312 0.0586
0 0.7622 0.78 0.0068 0.0114
0 0.6338 0.745 0.0059 0.0129
0 0.6147 0.7393 0.0049 0.01
0 0.6021 0.7471 0.0068 0.0143
0 0.0586 0.7071 0.0078 0.0143
0 0.0371 0.6936 0.0078 0.0129
0 0.0986 0.7314 0.0117 0.0314
0 0.6514 0.9743 0.0391 0.0486
0 0.522 0.2479 0.0518 0.1014
0 0.9248 0.6257 0.0059 0.0143
0 0.9746 0.6736 0.0078 0.0157
0 0.9961 0.6314 0.0059 0.0143
0 0.9854 0.8329 0.0098 0.0171
0 0.9805 0.8371 0.0078 0.0229
0 0.9766 0.8664 0.0156 0.0214
0 0.9609 0.8507 0.0137 0.0243
0 0.8535 0.7693 0.0371 0.0757
0 0.5308 0.8686 0.0186 0.0314
