0 0.9092 0.4419 0.0176 0.025
0 0.8477 0.4478 0.0195 0.0309
0 0.7939 0.436 0.0176 0.0279
0 0.8247 0.4632 0.0146 0.0265
0 0.7603 0.4184 0.0146 0.0221
0 0.8135 0.8368 0.0488 0.0676
0 0.937 0.861 0.0439 0.0691
0 0.9663 0.4478 0.0127 0.0191
0 0.9912 0.6301 0.0156 0.0456
0 0.5601 0.7551 0.042 0.0662
0 0.6792 0.411 0.0127 0.0191
0 0.6328 0.4088 0.0156 0.0265
0 0.5684 0.3912 0.0137 0.0235
0 0.5039 0.3971 0.0156 0.0265
0 0.4507 0.3794 0.0166 0.0235
0 0.4082 0.3919 0.0156 0.0279
0 0.3491 0.3713 0.0166 0.0309
0 0.2856 0.3625 0.0186 0.0309
0 0.2158 0.3699 0.0195 0.0309
0 0.1602 0.3838 0.0273 0.0382
0 0.1533 0.4956 0.0195 0.0941
0 0.0386 0.364 0.0244 0.0397
0 0.1348 0.4228 0.043 0.0544
0 0.2168 0.4191 0.0176 0.0235
