0 0.9912 0.6135 0.0156 0.0485
0 0.9858 0.5771 0.0166 0.0312
0 0.981 0.5459 0.0107 0.0243
0 0.9492 0.5624 0.0078 0.0156
0 0.9448 0.6083 0.0127 0.0347
0 0.8994 0.63 0.0234 0.0433
0 0.8735 0.5581 0.0107 0.0347
0 0.9062 0.552 0.0137 0.026
0 0.856 0.5407 0.0107 0.0243
0 0.8247 0.604 0.0205 0.0468
0 0.8398 0.5901 0.0117 0.026
0 0.8325 0.5503 0.0088 0.026
0 0.8462 0.5312 0.0088 0.0156
0 0.814 0.5433 0.0127 0.026
0 0.7905 0.5624 0.0127 0.026
0 0.7686 0.6508 0.0234 0.0433
0 0.7612 0.5702 0.0127 0.0277
0 0.8057 0.5303 0.0078 0.0208
0 0.7539 0.5373 0.0059 0.0208
0 0.7808 0.5416 0.0068 0.0156
0 0.7529 0.5113 0.0059 0.0139
0 0.748 0.6525 0.0156 0.0537
0 0.7236 0.5901 0.0156 0.0399
0 0.7319 0.5477 0.0127 0.0277
0 0.7207 0.5373 0.0078 0.0173
0 0.7378 0.5191 0.0049 0.0121
0 0.6924 0.5754 0.0137 0.0312
0 0.6709 0.6066 0.0215 0.0485
0 0.6714 0.5555 0.0107 0.0225
0 0.6772 0.526 0.0049 0.0121
0 0.6914 0.5121 0.0059 0.0121
0 0.667 0.5069 0.0039 0.0087
0 0.6396 0.7366 0.0371 0.0763
0 0.5825 0.6698 0.0205 0.0468
0 0.6367 0.5789 0.0156 0.0347
0 0.5869 0.5919 0.0215 0.0503
0 0.6538 0.5442 0.0107 0.0243
0 0.6509 0.5936 0.0107 0.026
0 0.5845 0.5468 0.0107 0.0191
0 0.5986 0.5451 0.0098 0.0225
0 0.5723 0.5338 0.0059 0.0173
0 0.5977 0.5182 0.0059 0.0104
0 0.5718 0.5069 0.0049 0.0121
0 0.5781 0.5052 0.0039 0.0087
0 0.5273 0.6083 0.0215 0.0451
0 0.5469 0.6118 0.0137 0.0312
0 0.5625 0.5433 0.0059 0.0191
0 0.5352 0.5407 0.0078 0.0173
0 0.5444 0.5312 0.0068 0.0156
0 0.5342 0.5104 0.0059 0.0121
0 0.5034 0.5832 0.0166 0.0433
0 0.4878 0.6568 0.0166 0.0451
0 0.5474 0.5165 0.0029 0.0069
0 0.563 0.5139 0.0049 0.0121
0 0.5024 0.5269 0.0068 0.0139
0 0.5151 0.5009 0.0049 0.0104
0 0.5249 0.4991 0.0049 0.0104
0 0.4902 0.5069 0.0039 0.0087
0 0.4897 0.5503 0.0146 0.0329
0 0.4297 0.6941 0.0371 0.0745
0 0.4346 0.5789 0.0156 0.0381
0 0.4697 0.5399 0.0078 0.0191
0 0.4536 0.5269 0.0088 0.0173
0 0.4404 0.513 0.0059 0.0139
0 0.4312 0.5069 0.0049 0.0121
0 0.4189 0.5191 0.0059 0.0121
0 0.4053 0.513 0.0059 0.0139
0 0.3843 0.5243 0.0068 0.0121
0 0.3975 0.5641 0.0078 0.0156
0 0.3916 0.5087 0.0059 0.0121
0 0.4116 0.5139 0.0049 0.0121
0 0.377 0.4991 0.0039 0.0104
0 0.3823 0.4948 0.0029 0.0087
0 0.4561 0.4965 0.0039 0.0087
0 0.4487 0.4905 0.0029 0.0069
0 0.4497 0.5659 0.0107 0.0225
0 0.3818 0.6083 0.0195 0.0381
0 0.3613 0.5477 0.0059 0.0208
0 0.3813 0.5485 0.0049 0.0191
0 0.3667 0.5225 0.0088 0.0191
0 0.3589 0.5009 0.0068 0.0139
0 0.3413 0.5225 0.0088 0.0191
0 0.3291 0.5563 0.0098 0.0208
0 0.3257 0.5182 0.0049 0.0139
0 0.3521 0.4887 0.0088 0.0208
0 0.2979 0.5277 0.0078 0.0156
0 0.2842 0.838 0.0527 0.1161
0 0.2388 0.682 0.0322 0.0745
0 0.2783 0.5659 0.0215 0.0503
0 0.2388 0.5485 0.0107 0.0295
0 0.1675 0.6066 0.0303 0.0659
0 0.2051 0.5113 0.0098 0.0208
0 0.2549 0.5269 0.0098 0.0173
0 0.2729 0.526 0.0068 0.0156
0 0.2314 0.5312 0.0078 0.026
0 0.1694 0.5399 0.0127 0.026
0 0.1841 0.5121 0.0049 0.0121
0 0.2051 0.4887 0.0039 0.0104
0 0.2163 0.5243 0.0088 0.0191
0 0.1587 0.5165 0.0049 0.0173
0 0.1724 0.5087 0.0029 0.0087
0 0.0454 0.5841 0.0264 0.0624
0 0.0801 0.5676 0.0156 0.0295
0 0.127 0.5953 0.0176 0.0295
0 0.0068 0.6499 0.0156 0.0797
0 0.002 0.539 0.0059 0.0416
0 0.0439 0.4887 0.0039 0.0104
0 0.0073 0.487 0.0049 0.0104
0 0.0244 0.4965 0.0039 0.0087
0 0.0151 0.4913 0.0049 0.0087
0 0.0869 0.5069 0.0039 0.0087
0 0.1377 0.5078 0.0039 0.0104
0 0.1191 0.4983 0.0039 0.0087
0 0.1001 0.4974 0.0029 0.0069
0 0.1299 0.4887 0.002 0.0069
0 0.1421 0.4853 0.0029 0.0069
0 0.0522 0.4861 0.0029 0.0087
0 0.0684 0.4879 0.0039 0.0087
0 0.813 0.9125 0.0576 0.1127
0 0.0938 0.5485 0.0117 0.0295
