0 0.0928 0.6695 0.0391 0.057
0 0.1538 0.6125 0.0342 0.0601
0 0.2529 0.5778 0.043 0.0586
0 0.2568 0.6741 0.041 0.0693
0 0.2085 0.7696 0.0459 0.0817
0 0.1602 0.7126 0.043 0.0755
0 0.1606 0.8945 0.0518 0.0847
0 0.0625 0.7989 0.041 0.0755
0 0.2739 0.9545 0.0518 0.0878
0 0.3945 0.859 0.0469 0.0817
0 0.5 0.6641 0.0371 0.074
0 0.3643 0.6864 0.0391 0.0632
0 0.313 0.7011 0.042 0.0616
0 0.1816 0.8428 0.0449 0.0678
0 0.0166 0.6471 0.0352 0.0647
0 0.0181 0.7404 0.0381 0.0663
0 0.0459 0.5886 0.0273 0.0647
0 0.0259 0.614 0.0342 0.0601
0 0.5903 0.7119 0.0439 0.0801
0 0.1235 0.5678 0.0361 0.0508
0 0.2056 0.5431 0.0322 0.057
0 0.3687 0.5547 0.0381 0.0616
0 0.3008 0.5601 0.0352 0.0539
0 0.3276 0.5008 0.0322 0.0586
0 0.375 0.5085 0.0352 0.0524
0 0.4624 0.52 0.0361 0.057
0 0.4482 0.6641 0.0352 0.0678
0 0.3789 0.6418 0.0332 0.0539
0 0.5386 0.5108 0.0322 0.0539
0 0.1738 0.51 0.0293 0.0493
0 0.4995 0.9615 0.0518 0.074
0 0.6006 0.9515 0.0312 0.0909
0 0.7007 0.9284 0.0576 0.0909
0 0.7593 0.8606 0.0361 0.0971
0 0.8594 0.9646 0.0488 0.0678
0 0.6025 0.5632 0.0371 0.0693
0 0.729 0.5478 0.0381 0.0693
0 0.7695 0.6325 0.043 0.0632
0 0.624 0.668 0.0371 0.0632
0 0.7651 0.5416 0.0322 0.0601
0 0.874 0.5586 0.0391 0.0632
0 0.8506 0.7928 0.0488 0.0817
0 0.9155 0.7088 0.0439 0.0647
0 0.9844 0.8598 0.0293 0.0832
0 0.8564 0.7381 0.0391 0.0616
0 0.8818 0.6826 0.0273 0.0678
0 0.7061 0.5185 0.0312 0.057
0 0.9072 0.4399 0.0293 0.0478
0 0.9893 0.3806 0.0195 0.0524
0 0.9766 0.3305 0.0195 0.0354
0 0.9219 0.3236 0.0215 0.0401
0 0.9336 0.5092 0.0312 0.0539
0 0.8857 0.5015 0.0273 0.0447
0 0.9409 0.5832 0.0303 0.0478
0 0.9644 0.6733 0.0361 0.0586
0 0.9048 0.6333 0.0303 0.0401
0 0.9507 0.4584 0.0264 0.0385
0 0.7944 0.5431 0.0166 0.0354
0 0.7007 0.4653 0.0244 0.0401
0 0.6274 0.5123 0.0283 0.0539
0 0.583 0.463 0.0254 0.0262
0 0.7896 0.4846 0.0186 0.0354
0 0.2314 0.4861 0.0293 0.057
0 0.3105 0.4692 0.0293 0.0416
0 0.356 0.47 0.0264 0.0431
0 0.4087 0.4815 0.0283 0.0385
0 0.0991 0.4961 0.0264 0.0493
0 0.0059 0.5555 0.0137 0.0508
0 0.0093 0.5054 0.0205 0.0555
0 0.0576 0.4122 0.0215 0.0293
0 0.0044 0.3636 0.0107 0.037
0 0.1182 0.4761 0.0195 0.0308
0 0.4067 0.1764 0.0088 0.0108
0 0.4243 0.1733 0.0068 0.0108
0 0.7686 0.1325 0.0078 0.0092
0 0.689 0.4569 0.0166 0.0354
0 0.9697 0.4515 0.0254 0.0555
0 0.4766 0.4854 0.0293 0.0586
0 0.1299 0.6918 0.0332 0.0647
0 0.0732 0.5663 0.0312 0.0632
0 0.02 0.8267 0.042 0.0755
