0 0.1426 0.6184 0.0371 0.0691
0 0.1855 0.6779 0.0352 0.0471
0 0.2222 0.6309 0.0107 0.0176
0 0.3105 0.6382 0.043 0.0824
0 0.3433 0.7559 0.0576 0.0941
0 0.2754 0.6493 0.0098 0.0162
0 0.3447 0.6529 0.0098 0.0206
0 0.3545 0.6588 0.0078 0.0147
0 0.2632 0.6419 0.0146 0.025
0 0.3828 0.6772 0.0215 0.0368
0 0.3765 0.6404 0.0146 0.0221
0 0.4033 0.6669 0.0078 0.0162
0 0.395 0.6632 0.0068 0.0118
0 0.4272 0.6419 0.0166 0.0279
0 0.4673 0.661 0.0439 0.075
0 0.6191 0.7324 0.0469 0.0794
0 0.5942 0.6794 0.0439 0.0735
0 0.624 0.6382 0.0215 0.0382
0 0.6562 0.6588 0.0137 0.0265
0 0.6758 0.6507 0.0117 0.0191
0 0.541 0.6368 0.0098 0.0118
0 0.7827 0.6978 0.0459 0.0809
0 0.7178 0.6368 0.0215 0.0353
0 0.731 0.6412 0.0088 0.0206
0 0.6963 0.6478 0.0098 0.0191
0 0.812 0.636 0.0186 0.0368
0 0.8364 0.6191 0.0166 0.0353
0 0.8716 0.6632 0.0361 0.0794
0 0.9761 0.6904 0.0459 0.0897
0 0.9082 0.6515 0.0137 0.0206
0 0.8936 0.661 0.0117 0.0221
