0 0.2119 0.841 0.043 0.0379
0 0.2085 0.9278 0.0596 0.0569
0 0.1304 0.95 0.0713 0.0518
0 0.0537 0.9376 0.1055 0.1233
0 0.1357 0.8589 0.0312 0.0314
0 0.3188 0.8209 0.0264 0.0226
0 0.3716 0.8388 0.0205 0.0248
0 0.4507 0.8253 0.0244 0.0241
0 0.4121 0.8187 0.0215 0.0197
0 0.3623 0.8001 0.0176 0.016
0 0.436 0.7888 0.0107 0.0095
0 0.4082 0.7783 0.0117 0.0102
0 0.293 0.826 0.0156 0.0153
0 0.8135 0.8647 0.0586 0.0868
0 0.6846 0.845 0.0508 0.0445
0 0.5156 0.8016 0.0156 0.016
0 0.6392 0.8421 0.0283 0.0328
0 0.1045 0.8249 0.0156 0.016
0 0.1919 0.7713 0.0107 0.0109
0 0.2231 0.783 0.0107 0.0124
0 0.0791 0.7972 0.0137 0.0131
0 0.0947 0.7826 0.0098 0.0117
0 0.1211 0.7812 0.0098 0.0102
0 0.6265 0.7498 0.0088 0.0088
0 0.687 0.7542 0.0088 0.0073
0 0.8926 0.86 0.0352 0.035
0 0.5508 0.7958 0.0117 0.0117
0 0.4536 0.9712 0.0908 0.0562
0 0.2554 0.8209 0.0186 0.0197
0 0.605 0.8337 0.0186 0.019
0 0.5815 0.8224 0.0205 0.0197
0 0.126 0.8428 0.0273 0.0255
