0 0.124 0.3638 0.123 0.1054
0 0.4893 0.3437 0.1074 0.1032
0 0.5034 0.2368 0.0244 0.0227
0 0.5605 0.1607 0.0332 0.0388
0 0.6069 0.2423 0.0264 0.022
0 0.6274 0.2976 0.0303 0.0432
0 0.4087 0.272 0.0205 0.0242
0 0.395 0.2782 0.0244 0.0264
0 0.6938 0.2405 0.0322 0.03
0 0.7354 0.2306 0.0273 0.0264
0 0.8052 0.2229 0.0303 0.0315
0 0.8657 0.2174 0.0264 0.0264
0 0.7451 0.3104 0.0977 0.0937
0 0.812 0.2888 0.0537 0.0666
0 0.9507 0.2174 0.0283 0.0278
0 0.9888 0.213 0.0205 0.0249
0 0.981 0.2467 0.0361 0.0337
0 0.9629 0.336 0.0723 0.063
