0 0.9487 0.5058 0.0303 0.0482
0 0.9019 0.5131 0.0303 0.0511
0 0.9893 0.5343 0.0195 0.0584
0 0.9038 0.7526 0.0342 0.0599
0 0.8618 0.5715 0.0303 0.0569
0 0.7549 0.7299 0.0391 0.0613
0 0.7441 0.5708 0.0312 0.0526
0 0.707 0.5489 0.0273 0.0496
0 0.9253 0.9175 0.0479 0.0803
0 0.7842 0.8095 0.0332 0.0657
0 0.8237 0.9664 0.042 0.0642
0 0.4409 0.8635 0.0615 0.092
0 0.3359 0.846 0.0469 0.0745
0 0.2412 0.8569 0.0527 0.0905
0 0.5493 0.7307 0.0498 0.0861
0 0.1831 0.7139 0.0479 0.0788
0 0.1108 0.8241 0.0615 0.1007
0 0.3452 0.6131 0.042 0.073
0 0.3911 0.6533 0.04 0.0745
0 0.3877 0.5686 0.0332 0.0657
0 0.2012 0.5766 0.0332 0.0555
0 0.1255 0.6036 0.0381 0.0511
0 0.1006 0.5584 0.0273 0.0453
0 0.0161 0.7314 0.0322 0.0759
0 0.0796 0.4015 0.0225 0.0321
0 0.2002 0.438 0.0156 0.0234
0 0.2378 0.4292 0.0166 0.0292
0 0.2373 0.3781 0.0137 0.0263
0 0.0376 0.3869 0.0186 0.0292
0 0.0562 0.4912 0.0283 0.054
0 0.0142 0.4401 0.0205 0.0394
0 0.0562 0.3197 0.0107 0.0175
0 0.1084 0.3212 0.0117 0.0234
0 0.9644 0.4489 0.0205 0.0336
0 0.9341 0.4226 0.0225 0.0394
0 0.9014 0.327 0.0117 0.0234
0 0.8545 0.338 0.0059 0.0161
0 0.8296 0.3299 0.0127 0.0204
0 0.877 0.362 0.0137 0.0204
0 0.5386 0.5569 0.0244 0.0423
0 0.3589 0.4642 0.0166 0.0321
0 0.3247 0.446 0.0166 0.0307
0 0.4604 0.4526 0.0225 0.0438
0 0.1914 0.4036 0.0137 0.0219
0 0.5513 0.635 0.0283 0.0847
0 0.1772 0.9409 0.0459 0.0978
