0 0.0195 0.9787 0.0215 0.0393
0 0.1265 0.9336 0.0186 0.0377
0 0.1558 0.9615 0.0264 0.0541
0 0.1875 0.9623 0.0215 0.0459
0 0.1836 0.9156 0.0215 0.041
0 0.228 0.9098 0.0205 0.0426
0 0.2485 0.9172 0.0186 0.041
0 0.2495 0.8631 0.0166 0.0311
0 0.0762 0.8861 0.0195 0.041
0 0.0967 0.8803 0.0137 0.0295
0 0.0317 0.9115 0.0186 0.0361
0 0.042 0.8738 0.0156 0.0295
0 0.0356 0.8156 0.0146 0.0279
0 0.0537 0.7836 0.0137 0.0295
0 0.0205 0.7893 0.0137 0.0246
0 0.0098 0.8254 0.0137 0.0311
0 0.0327 0.7779 0.0127 0.0279
0 0.1689 0.8893 0.0176 0.041
0 0.1543 0.8598 0.0156 0.0377
0 0.1479 0.841 0.0166 0.0393
0 0.1211 0.8189 0.0156 0.0344
0 0.1826 0.7869 0.0137 0.0328
0 0.2236 0.7852 0.0156 0.0328
0 0.2129 0.823 0.0156 0.0393
0 0.25 0.8279 0.0156 0.0328
0 0.0786 0.8172 0.0146 0.0311
0 0.1592 0.7656 0.0117 0.0262
0 0.145 0.7746 0.0127 0.0311
0 0.1128 0.7336 0.0088 0.0213
0 0.1177 0.7066 0.0127 0.023
0 0.0083 0.75 0.0127 0.0246
0 0.0347 0.7246 0.0107 0.023
0 0.2036 0.7164 0.0107 0.023
0 0.2061 0.75 0.0137 0.0279
0 0.187 0.7566 0.0127 0.0213
0 0.1738 0.7443 0.0117 0.023
0 0.1636 0.7074 0.0107 0.0246
0 0.2754 0.8082 0.0176 0.0361
0 0.27 0.8631 0.0146 0.0311
0 0.2661 0.941 0.0264 0.0557
0 0.0557 0.718 0.0098 0.0197
0 0.0732 0.7754 0.0098 0.0197
0 0.3135 0.9549 0.0195 0.041
0 0.3228 0.8885 0.0205 0.0361
0 0.312 0.8779 0.0146 0.0344
0 0.2896 0.8893 0.0166 0.0344
0 0.3257 0.8148 0.0146 0.0361
0 0.3081 0.8164 0.0127 0.0262
0 0.2759 0.7508 0.0127 0.0262
0 0.3892 0.7795 0.0146 0.0311
0 0.3477 0.809 0.0156 0.0279
0 0.3506 0.8508 0.0176 0.0361
0 0.3525 0.8943 0.0195 0.0377
0 0.3613 0.9418 0.0215 0.0475
0 0.3828 0.882 0.0195 0.0426
0 0.3662 0.8566 0.0137 0.0344
0 0.3931 0.832 0.0146 0.0311
0 0.4287 0.8639 0.0176 0.0393
0 0.4155 0.9426 0.0186 0.0459
0 0.4224 0.9205 0.0205 0.041
0 0.438 0.9434 0.0244 0.0574
0 0.4966 0.9238 0.0225 0.0443
0 0.4688 0.8393 0.0176 0.0361
0 0.5029 0.8689 0.0195 0.0393
0 0.5146 0.8221 0.0176 0.041
0 0.4922 0.8033 0.0176 0.0328
0 0.4756 0.7811 0.0176 0.0344
0 0.4463 0.7664 0.0137 0.0311
0 0.4375 0.7656 0.0098 0.0197
0 0.3701 0.7451 0.0137 0.0246
0 0.3511 0.782 0.0127 0.023
0 0.293 0.7074 0.0098 0.0213
0 0.2808 0.7016 0.0107 0.0197
0 0.2466 0.7074 0.0107 0.0213
0 0.2866 0.732 0.0107 0.0246
0 0.4443 0.7344 0.0117 0.0197
0 0.4307 0.7484 0.0137 0.0246
0 0.5 0.7574 0.0117 0.023
0 0.5083 0.7295 0.0107 0.023
0 0.4917 0.7336 0.0127 0.0213
0 0.4634 0.7254 0.0127 0.0246
0 0.5303 0.7385 0.0117 0.0213
0 0.5312 0.782 0.0176 0.0295
0 0.5322 0.8131 0.0137 0.0328
0 0.5322 0.9057 0.0195 0.0377
0 0.6201 0.9385 0.0195 0.041
0 0.5835 0.9205 0.0225 0.0475
0 0.5605 0.8377 0.0137 0.0295
0 0.6177 0.9 0.0205 0.0393
0 0.5532 0.9811 0.0244 0.0311
0 0.6763 0.9 0.0225 0.0393
0 0.6499 0.9082 0.0166 0.0328
0 0.8027 0.9344 0.0293 0.059
0 0.7534 0.9213 0.0205 0.0426
0 0.769 0.8516 0.0166 0.0377
0 0.7627 0.7893 0.0137 0.0279
0 0.6689 0.7975 0.0156 0.0344
0 0.7061 0.8246 0.0156 0.0393
0 0.6084 0.791 0.0176 0.0344
0 0.5791 0.7967 0.0137 0.0295
0 0.5483 0.7467 0.0146 0.0311
0 0.5864 0.741 0.0127 0.023
0 0.6035 0.7582 0.0137 0.0246
0 0.6211 0.7705 0.0176 0.0328
0 0.6504 0.7418 0.0117 0.0213
0 0.666 0.7713 0.0137 0.0246
0 0.623 0.8279 0.0117 0.0262
0 0.6367 0.8303 0.0176 0.0377
0 0.6089 0.85 0.0146 0.0311
0 0.731 0.7713 0.0127 0.0246
0 0.7251 0.8082 0.0127 0.0295
0 0.7959 0.8098 0.0156 0.0361
0 0.6748 0.9475 0.0176 0.0393
0 0.6489 0.768 0.0127 0.0246
0 0.377 0.8082 0.0117 0.0262
0 0.1157 0.768 0.0107 0.0213
0 0.126 0.7639 0.0098 0.023
0 0.0166 0.7189 0.0098 0.018
0 0.2261 0.741 0.0107 0.0262
0 0.6606 0.7328 0.0107 0.023
0 0.4819 0.9131 0.0205 0.0393
0 0.5571 0.9033 0.0205 0.0328
0 0.1025 0.8549 0.0156 0.0311
0 0.8149 0.8541 0.0186 0.0361
0 0.9863 0.8148 0.0156 0.0295
0 0.979 0.8689 0.0186 0.0426
0 0.9946 0.9369 0.0088 0.0475
