0 0.2881 0.7433 0.0371 0.0913
0 0.1284 0.5661 0.0264 0.052
0 0.1924 0.5724 0.0215 0.0425
0 0.2236 0.5913 0.0215 0.0425
0 0.2598 0.5811 0.0273 0.0504
0 0.2344 0.5362 0.0195 0.0394
0 0.2881 0.515 0.0195 0.0378
0 0.3311 0.5693 0.0215 0.0394
0 0.1831 0.5205 0.0205 0.0394
0 0.3491 0.4921 0.0205 0.0394
0 0.4438 0.5047 0.0244 0.0425
0 0.4341 0.6638 0.0264 0.0677
0 0.5483 0.4992 0.0225 0.0504
0 0.6382 0.4992 0.0225 0.0472
0 0.6816 0.4543 0.0176 0.0362
0 0.7388 0.4488 0.0225 0.0441
0 0.8291 0.6031 0.1074 0.252
0 0.7856 0.4205 0.0107 0.0315
0 0.5835 0.6756 0.0264 0.0756
