0 0.96 0.0701 0.0254 0.0672
0 0.209 0.3015 0.0449 0.0745
0 0.6318 0.2146 0.041 0.1022
0 0.6426 0.054 0.0098 0.035
0 0.4878 0.0934 0.0205 0.0409
0 0.5679 0.1073 0.0107 0.0277
0 0.7007 0.1467 0.0283 0.054
0 0.8174 0.0745 0.0195 0.0496
0 0.75 0.0241 0.0117 0.0277
0 0.9053 0.0212 0.0156 0.0423
0 0.6831 0.0241 0.0107 0.0248
0 0.3755 0.2416 0.04 0.0715
0 0.4419 0.3 0.1221 0.2204
0 0.1738 0.3912 0.0391 0.1051
0 0.0591 0.2628 0.0244 0.0438
0 0.1763 0.1971 0.0205 0.0496
0 0.2495 0.2 0.0225 0.0555
0 0.7773 0.0358 0.0176 0.0394
