0 0.1182 0.4056 0.0254 0.0527
0 0.2119 0.3909 0.0254 0.0439
0 0.2388 0.2365 0.0166 0.0337
0 0.2925 0.2379 0.0146 0.0161
0 0.3418 0.3331 0.0156 0.0161
0 0.3521 0.4356 0.0225 0.0425
0 0.9336 0.3887 0.0312 0.0571
0 0.8394 0.3873 0.0244 0.0483
0 0.8335 0.2306 0.0264 0.0483
0 0.9888 0.3126 0.0146 0.0278
0 0.9141 0.287 0.0156 0.0264
0 0.6875 0.4568 0.0312 0.0556
0 0.7266 0.3463 0.0117 0.0278
0 0.7339 0.2621 0.0127 0.0176
0 0.7075 0.2635 0.0127 0.0146
0 0.6592 0.2138 0.0117 0.0234
0 0.6138 0.2687 0.0127 0.022
0 0.5459 0.298 0.0117 0.0249
0 0.4956 0.2709 0.0068 0.0146
0 0.4561 0.2753 0.0098 0.0176
0 0.9067 0.8163 0.0713 0.1332
0 0.2739 0.2643 0.0166 0.0161
