0 0.0254 0.2829 0.0273 0.0415
0 0.1147 0.2622 0.0225 0.0341
0 0.1631 0.2226 0.0215 0.0354
0 0.1841 0.2213 0.0166 0.0305
0 0.0864 0.2116 0.0146 0.0183
0 0.0581 0.2427 0.0166 0.0268
0 0.0693 0.2433 0.0098 0.0256
0 0.1455 0.2128 0.0098 0.0207
0 0.144 0.2957 0.0439 0.0573
0 0.2031 0.3152 0.0352 0.0476
0 0.2256 0.2646 0.0215 0.0366
0 0.3379 0.2628 0.0469 0.0768
0 0.4048 0.297 0.0303 0.0549
0 0.4771 0.3134 0.0127 0.0268
0 0.5195 0.2909 0.0234 0.0378
0 0.5674 0.272 0.0469 0.0805
0 0.522 0.4488 0.0635 0.0927
0 0.0742 0.4756 0.0273 0.0415
0 0.6357 0.3665 0.0449 0.0817
0 0.8257 0.3951 0.0439 0.0902
0 0.6533 0.2701 0.0293 0.0573
0 0.689 0.2122 0.0186 0.0341
0 0.8403 0.3476 0.0381 0.061
0 0.833 0.2902 0.0371 0.0439
0 0.9526 0.3823 0.042 0.0793
0 0.9678 0.3134 0.0352 0.0512
0 0.8491 0.8079 0.0654 0.0939
0 0.8125 0.7128 0.0508 0.0524
0 0.0068 0.2573 0.0156 0.0341
0 0.1133 0.236 0.0195 0.028
0 0.2944 0.314 0.0205 0.0378
0 0.4961 0.1841 0.0059 0.0073
