0 0.1348 0.1836 0.0312 0.0521
0 0.1689 0.1211 0.0293 0.0521
0 0.2397 0.1576 0.0322 0.0573
0 0.3364 0.1777 0.0283 0.056
0 0.125 0.1042 0.0254 0.0443
0 0.1006 0.0391 0.0293 0.0547
0 0.1343 0.3698 0.0283 0.0521
0 0.2261 0.8099 0.0342 0.0495
0 0.3042 0.7747 0.0342 0.0625
0 0.1831 0.6745 0.0303 0.0651
0 0.0664 0.6784 0.0293 0.0573
0 0.1079 0.4355 0.0303 0.0664
0 0.23 0.5007 0.0322 0.0586
0 0.2837 0.4375 0.0322 0.0495
0 0.1899 0.4447 0.0303 0.056
0 0.1743 0.7923 0.0264 0.056
0 0.3135 0.3893 0.0293 0.0521
0 0.7246 0.3685 0.0312 0.0599
0 0.9268 0.3724 0.0312 0.0469
0 0.8262 0.2878 0.0332 0.0469
0 0.7852 0.2962 0.0312 0.0482
0 0.7549 0.2604 0.0293 0.0417
0 0.7832 0.2129 0.0352 0.0508
0 0.6885 0.3216 0.0293 0.0495
0 0.8115 0.0612 0.0312 0.0521
0 0.9429 0.1146 0.0322 0.0573
0 0.8433 0.3848 0.0283 0.0508
0 0.7197 0.0781 0.0273 0.0469
0 0.6245 0.0794 0.0303 0.0495
0 0.9697 0.2533 0.0293 0.043
0 0.7627 0.4284 0.0332 0.0521
0 0.8691 0.6328 0.0371 0.0625
0 0.939 0.5169 0.0322 0.0521
0 0.7573 0.5182 0.0342 0.0599
0 0.7544 0.679 0.0381 0.0586
0 0.7788 0.8236 0.0381 0.0664
