0 0.8555 0.488 0.0312 0.0616
0 0.7529 0.4692 0.0332 0.0685
0 0.6416 0.458 0.0312 0.0702
0 0.5527 0.4298 0.0273 0.0685
0 0.4414 0.4478 0.0332 0.0599
0 0.3442 0.4332 0.0264 0.0651
0 0.2271 0.4358 0.0264 0.0736
0 0.1235 0.4315 0.0303 0.0719
0 0.0737 0.0985 0.0264 0.0702
0 0.1416 0.1541 0.0254 0.0685
0 0.2085 0.1438 0.0244 0.0651
0 0.3003 0.1387 0.0283 0.0685
0 0.3589 0.1652 0.0264 0.0599
0 0.4399 0.149 0.0264 0.0685
0 0.5059 0.1498 0.0254 0.0668
0 0.5532 0.1558 0.0303 0.0651
0 0.6133 0.1678 0.0254 0.0548
0 0.6836 0.1687 0.0293 0.0634
0 0.7847 0.1824 0.0303 0.0702
0 0.876 0.1815 0.0293 0.0753
