0 0.0913 0.2884 0.0244 0.041
0 0.167 0.2767 0.0215 0.0381
0 0.2476 0.2811 0.0205 0.0322
0 0.3228 0.2745 0.0186 0.0395
0 0.4033 0.2723 0.0195 0.0351
0 0.4775 0.265 0.0234 0.0351
0 0.5483 0.2818 0.0186 0.0366
0 0.124 0.4107 0.0215 0.0366
0 0.2051 0.407 0.0215 0.0381
0 0.2847 0.4012 0.0205 0.0381
0 0.3481 0.4041 0.0205 0.0351
0 0.4209 0.4004 0.0215 0.0366
0 0.4863 0.3982 0.0234 0.041
0 0.0898 0.5454 0.0273 0.0366
0 0.2168 0.5359 0.0273 0.0439
0 0.3325 0.5286 0.0264 0.0351
0 0.4321 0.5337 0.0225 0.0366
0 0.5532 0.5322 0.0244 0.0483
0 0.5581 0.4048 0.0205 0.0395
0 0.624 0.2818 0.0195 0.0425
0 0.6279 0.4063 0.0215 0.0366
0 0.6733 0.5388 0.0244 0.041
0 0.6846 0.298 0.0195 0.0395
0 0.6958 0.3997 0.0205 0.0381
0 0.752 0.2906 0.0195 0.0366
0 0.7632 0.4041 0.0205 0.041
0 0.7822 0.5293 0.0273 0.0425
0 0.8384 0.3089 0.0205 0.0351
0 0.8311 0.4041 0.0215 0.0351
0 0.9224 0.3141 0.0264 0.0395
0 0.8955 0.5307 0.0234 0.0395
