0 0.0249 0.6257 0.0068 0.0169
0 0.0952 0.6602 0.0068 0.0182
0 0.1372 0.6732 0.0068 0.0182
0 0.0249 0.6862 0.0088 0.0156
0 0.0591 0.696 0.0088 0.0195
0 0.0874 0.7064 0.0088 0.0169
0 0.1084 0.7259 0.0078 0.0195
0 0.1401 0.7331 0.0068 0.0182
0 0.0615 0.6439 0.0078 0.0169
0 0.0112 0.6719 0.0068 0.0156
0 0.0093 0.7467 0.0068 0.0169
0 0.1689 0.7487 0.0078 0.0208
0 0.2329 0.7734 0.0088 0.0182
0 0.1665 0.6947 0.0068 0.0195
0 0.502 0.8698 0.0098 0.0234
0 0.2163 0.7188 0.0068 0.0156
0 0.2808 0.7363 0.0068 0.0169
0 0.1885 0.5547 0.0098 0.0182
0 0.4058 0.474 0.0068 0.0156
0 0.5024 0.4323 0.0068 0.013
0 0.833 0.4609 0.0059 0.013
0 0.9526 0.3978 0.0068 0.0117
0 0.9214 0.4049 0.0049 0.0078
0 0.9097 0.4382 0.0068 0.0117
0 0.9048 0.39 0.0049 0.0091
0 0.8643 0.3854 0.0059 0.0104
0 0.915 0.3997 0.0059 0.0104
0 0.8945 0.3607 0.0059 0.0104
0 0.9185 0.3704 0.0068 0.0117
0 0.9541 0.3724 0.0059 0.0104
0 0.9658 0.3757 0.0039 0.0091
0 0.9785 0.3503 0.0059 0.0078
0 0.9536 0.347 0.0049 0.0091
0 0.9326 0.3457 0.0059 0.0091
0 0.9072 0.3411 0.0078 0.0104
0 0.9951 0.3255 0.0059 0.0104
0 0.9502 0.3132 0.0059 0.0091
0 0.9263 0.3158 0.0049 0.0091
0 0.8696 0.3652 0.0068 0.0091
0 0.8662 0.3288 0.0059 0.0117
0 0.8291 0.3464 0.0059 0.0104
0 0.8398 0.304 0.0059 0.0117
0 0.8848 0.3066 0.0059 0.0143
0 0.9023 0.2852 0.0039 0.0104
0 0.9023 0.3132 0.0059 0.0091
0 0.9854 0.304 0.0059 0.0143
0 0.9746 0.2923 0.0039 0.0091
0 0.9468 0.291 0.0068 0.0117
0 0.9282 0.2897 0.0049 0.0091
0 0.9185 0.265 0.0049 0.0117
0 0.9482 0.2663 0.0059 0.0091
0 0.9644 0.2708 0.0049 0.0078
0 0.9878 0.2507 0.0049 0.0065
0 0.9585 0.2513 0.0049 0.0078
0 0.9448 0.2441 0.0049 0.0065
0 0.9155 0.2422 0.0049 0.0078
0 0.895 0.2396 0.0049 0.0078
0 0.8955 0.2656 0.0059 0.0078
0 0.8799 0.3255 0.0059 0.013
0 0.875 0.3099 0.0059 0.0104
0 0.9053 0.2096 0.0039 0.0104
0 0.9155 0.2122 0.0029 0.0078
0 0.9414 0.224 0.0039 0.013
0 0.957 0.2155 0.0039 0.0091
0 0.9844 0.224 0.0039 0.0078
0 0.9541 0.1947 0.0059 0.0117
0 0.9341 0.1953 0.0049 0.0078
0 0.9946 0.2246 0.0068 0.0091
0 0.8232 0.4004 0.0078 0.0117
0 0.8467 0.3294 0.0039 0.0104
0 0.7656 0.4108 0.0059 0.0117
0 0.7456 0.4036 0.0068 0.013
0 0.7734 0.3932 0.0059 0.0104
0 0.7783 0.362 0.0059 0.0104
0 0.7866 0.3372 0.0068 0.0104
0 0.7588 0.3665 0.0059 0.0117
0 0.7407 0.3796 0.0068 0.0117
0 0.7422 0.36 0.0059 0.0117
0 0.7236 0.3796 0.0039 0.0091
0 0.8062 0.3626 0.0107 0.0143
0 0.8076 0.4355 0.0059 0.0091
0 0.8047 0.3158 0.0059 0.0117
0 0.8247 0.2962 0.0049 0.0117
0 0.8379 0.2767 0.0039 0.0091
0 0.7759 0.2715 0.0049 0.0091
0 0.7842 0.2454 0.0059 0.0091
0 0.8081 0.2311 0.0049 0.0091
0 0.793 0.2233 0.0059 0.0091
0 0.7705 0.2422 0.0059 0.0104
0 0.7739 0.222 0.0049 0.0091
0 0.9756 0.1973 0.0039 0.0091
0 0.9712 0.1758 0.0049 0.0078
0 0.9478 0.1732 0.0029 0.0078
0 0.9248 0.1758 0.0039 0.0078
0 0.9155 0.1914 0.0049 0.0078
0 0.9414 0.1654 0.0039 0.0078
0 0.9653 0.153 0.0049 0.0065
0 0.9834 0.1582 0.0039 0.0065
0 0.9756 0.1328 0.0039 0.0078
0 0.957 0.1361 0.0039 0.0065
0 0.8789 0.1439 0.0059 0.0091
0 0.8979 0.1263 0.0049 0.0078
0 0.8813 0.125 0.0049 0.0078
0 0.8604 0.125 0.0039 0.0078
0 0.9102 0.1113 0.0039 0.0091
0 0.8965 0.1087 0.0039 0.0091
0 0.8755 0.1035 0.0049 0.0091
0 0.9458 0.1484 0.0049 0.0078
0 0.9736 0.112 0.0059 0.0104
0 0.9897 0.0983 0.0049 0.0091
0 0.9067 0.0924 0.0049 0.0078
0 0.8872 0.0872 0.0049 0.0078
0 0.9395 0.0723 0.0039 0.0065
0 0.9375 0.0553 0.0039 0.0065
0 0.9507 0.0573 0.0029 0.0052
0 0.6748 0.4479 0.0078 0.013
0 0.7202 0.4004 0.0068 0.0117
0 0.709 0.4277 0.0078 0.0143
0 0.7036 0.3958 0.0068 0.013
0 0.6851 0.3906 0.0049 0.0104
0 0.6802 0.377 0.0049 0.0117
0 0.6992 0.3743 0.0059 0.0117
0 0.6919 0.3555 0.0049 0.0104
0 0.7109 0.332 0.0059 0.0104
0 0.6943 0.3314 0.0059 0.0091
0 0.6812 0.3262 0.0049 0.0117
0 0.6792 0.3464 0.0049 0.0104
0 0.6592 0.3444 0.0059 0.0091
0 0.6611 0.3698 0.0059 0.0104
0 0.6685 0.3815 0.0068 0.0104
0 0.6387 0.3932 0.0059 0.0104
0 0.6387 0.3737 0.0059 0.0104
0 0.6211 0.3848 0.0059 0.0091
0 0.6221 0.362 0.0059 0.0104
0 0.6055 0.3828 0.0059 0.0104
0 0.606 0.3587 0.0049 0.0091
0 0.5981 0.3353 0.0049 0.0091
0 0.6157 0.3353 0.0049 0.0091
0 0.6357 0.3366 0.0059 0.0117
0 0.665 0.3255 0.0059 0.0078
0 0.7402 0.306 0.0059 0.0104
0 0.7227 0.3073 0.0059 0.0104
0 0.6895 0.306 0.0059 0.0078
0 0.6772 0.2988 0.0049 0.0091
0 0.6641 0.2982 0.0059 0.0104
0 0.6416 0.3158 0.0059 0.0117
0 0.6411 0.2949 0.0049 0.0091
0 0.6431 0.2695 0.0049 0.0078
0 0.6631 0.2767 0.0059 0.0091
0 0.6792 0.2793 0.0068 0.0117
0 0.7007 0.276 0.0068 0.013
0 0.7188 0.2806 0.0078 0.0117
0 0.7412 0.2826 0.0059 0.0104
0 0.7583 0.2897 0.0049 0.0091
0 0.7554 0.263 0.0049 0.0104
0 0.7388 0.2598 0.0049 0.0091
0 0.6768 0.2585 0.0059 0.0091
0 0.6646 0.252 0.0049 0.0091
0 0.6499 0.252 0.0049 0.0065
0 0.6338 0.2441 0.0059 0.0117
0 0.7007 0.2389 0.0049 0.0091
0 0.7139 0.2357 0.0059 0.0078
0 0.7368 0.2422 0.0049 0.0078
0 0.7505 0.2435 0.0029 0.0078
0 0.6846 0.2344 0.0039 0.0104
0 0.667 0.2318 0.0039 0.0078
0 0.6675 0.2116 0.0049 0.0091
0 0.6841 0.2122 0.0049 0.0078
0 0.7026 0.2135 0.0049 0.0104
0 0.7231 0.2161 0.0049 0.0104
0 0.7388 0.2207 0.0049 0.0091
0 0.7515 0.2207 0.0049 0.0091
0 0.7949 0.2018 0.0059 0.0104
0 0.7793 0.1979 0.0039 0.0104
0 0.7583 0.194 0.0049 0.0104
0 0.7432 0.1986 0.0059 0.0065
0 0.7271 0.1921 0.0049 0.0091
0 0.6919 0.1895 0.0049 0.0091
0 0.6611 0.1836 0.0059 0.0104
0 0.6714 0.1888 0.0049 0.0078
0 0.7285 0.1706 0.0039 0.0104
0 0.7378 0.1758 0.0049 0.0078
0 0.7534 0.1758 0.0049 0.0078
0 0.7739 0.1758 0.0049 0.0078
0 0.7954 0.1751 0.0049 0.0091
0 0.7905 0.1569 0.0049 0.0091
0 0.7437 0.1621 0.0068 0.0117
0 0.6479 0.2298 0.0068 0.0117
0 0.6494 0.2096 0.0059 0.0078
0 0.6387 0.207 0.0059 0.0104
0 0.6406 0.1855 0.0059 0.0091
0 0.6792 0.168 0.0029 0.0052
0 0.666 0.1634 0.0039 0.0065
0 0.6338 0.1641 0.0039 0.0052
0 0.6621 0.1432 0.0039 0.0078
0 0.6836 0.153 0.0039 0.0065
0 0.7041 0.1549 0.0039 0.0104
0 0.6919 0.1569 0.0049 0.0091
0 0.6973 0.1816 0.0059 0.0091
0 0.647 0.1432 0.0049 0.0078
0 0.7065 0.1309 0.0029 0.0065
0 0.7437 0.1322 0.0049 0.0091
0 0.7285 0.1302 0.0039 0.0078
0 0.6885 0.1335 0.0039 0.0065
0 0.814 0.2044 0.0049 0.0078
0 0.8389 0.2051 0.0059 0.0091
0 0.8364 0.1829 0.0049 0.0091
0 0.8481 0.1647 0.0049 0.0091
0 0.8115 0.1771 0.0059 0.0104
0 0.8311 0.1569 0.0059 0.0117
0 0.8423 0.1419 0.0049 0.0104
0 0.8242 0.1257 0.0059 0.0091
0 0.8374 0.1048 0.0049 0.0091
0 0.8394 0.1263 0.0049 0.0104
0 0.8223 0.1009 0.0059 0.0065
0 0.8066 0.1009 0.0059 0.0065
0 0.7915 0.1361 0.0049 0.0065
0 0.7891 0.0983 0.0039 0.0091
0 0.7715 0.0957 0.0039 0.0065
0 0.7583 0.0957 0.0049 0.0091
0 0.7378 0.0964 0.0049 0.0078
0 0.7271 0.1107 0.0049 0.0078
0 0.7129 0.0924 0.0039 0.0078
0 0.7593 0.1159 0.0049 0.0078
0 0.7808 0.1152 0.0049 0.0091
0 0.792 0.1152 0.0059 0.0091
0 0.7593 0.1536 0.0049 0.0104
0 0.7729 0.1335 0.0049 0.0091
0 0.7573 0.1393 0.0049 0.0078
0 0.7129 0.127 0.0059 0.0117
0 0.7109 0.1087 0.0039 0.0091
0 0.8584 0.1426 0.0059 0.0091
0 0.854 0.1042 0.0068 0.0104
0 0.9243 0.0918 0.0049 0.0091
0 0.8379 0.0866 0.0059 0.0091
0 0.8188 0.0833 0.0049 0.0078
0 0.8057 0.0807 0.0039 0.0078
0 0.8105 0.1185 0.0039 0.0078
0 0.7852 0.0827 0.0039 0.0091
0 0.7773 0.0775 0.0039 0.0065
0 0.7544 0.0742 0.0049 0.0078
0 0.7437 0.0781 0.0049 0.0078
0 0.7725 0.0625 0.0039 0.0078
0 0.8057 0.0632 0.0039 0.0091
0 0.8213 0.0625 0.0039 0.0078
0 0.835 0.0658 0.0039 0.0065
0 0.8574 0.0664 0.0039 0.0078
0 0.8506 0.0905 0.0039 0.0065
0 0.6807 0.1074 0.0039 0.0091
0 0.6953 0.1139 0.0039 0.0091
0 0.6484 0.1667 0.0039 0.0078
0 0.6157 0.2051 0.0049 0.0091
0 0.7261 0.0781 0.0049 0.0078
0 0.6475 0.0892 0.0039 0.0065
0 0.6323 0.0879 0.0049 0.0091
0 0.6768 0.056 0.0039 0.0078
0 0.8677 0.0677 0.0029 0.0052
0 0.9033 0.0697 0.0039 0.0091
0 0.8818 0.0664 0.0039 0.0104
0 0.8862 0.0527 0.0029 0.0091
0 0.9028 0.0527 0.0029 0.0091
0 0.918 0.0547 0.0039 0.0104
0 0.9087 0.0352 0.0049 0.0104
0 0.8955 0.0352 0.0039 0.0078
0 0.8716 0.0514 0.0049 0.0065
0 0.9272 0.0208 0.0049 0.0104
0 0.8931 0.0182 0.0049 0.0104
0 0.834 0.0469 0.0039 0.0078
0 0.8486 0.0508 0.0039 0.0104
0 0.8613 0.028 0.0039 0.0091
0 0.8452 0.013 0.0049 0.0078
0 0.8301 0.0267 0.0059 0.0065
0 0.8027 0.0436 0.0059 0.0091
0 0.8008 0.0286 0.0039 0.0078
0 0.8145 0.0247 0.0059 0.0078
0 0.8301 0.0098 0.0059 0.0117
0 0.7681 0.0436 0.0029 0.0065
0 0.7827 0.0469 0.0049 0.0078
0 0.7705 0.0241 0.0039 0.0091
0 0.7661 0.0137 0.0029 0.0065
0 0.7075 0.0234 0.0049 0.0104
0 0.9224 0.0703 0.0049 0.0078
0 0.9634 0.0365 0.0049 0.0078
0 0.7529 0.0638 0.0039 0.0078
0 0.6665 0.1289 0.0049 0.0078
0 0.7432 0.0592 0.0039 0.0091
0 0.7417 0.0358 0.0049 0.0065
0 0.6958 0.0872 0.0049 0.0078
0 0.645 0.0716 0.0049 0.0078
0 0.6313 0.054 0.0049 0.0091
0 0.6572 0.0456 0.0039 0.0078
0 0.645 0.0371 0.0029 0.0065
0 0.6177 0.0514 0.0029 0.0065
0 0.6143 0.0716 0.0039 0.0078
0 0.6885 0.0384 0.0059 0.0117
0 0.6099 0.1764 0.0049 0.0091
0 0.5967 0.1387 0.0039 0.0065
0 0.6143 0.1257 0.0039 0.0065
0 0.5986 0.1263 0.0039 0.0078
0 0.6157 0.0866 0.0049 0.0065
0 0.5996 0.0866 0.0039 0.0065
0 0.5898 0.0807 0.0039 0.0078
0 0.5791 0.1413 0.0039 0.0065
0 0.5684 0.1341 0.0039 0.0078
0 0.5894 0.2044 0.0049 0.0078
0 0.6255 0.1803 0.0049 0.0091
0 0.603 0.2025 0.0049 0.0091
0 0.6299 0.2272 0.0039 0.0091
0 0.6074 0.224 0.0039 0.0078
0 0.5952 0.2227 0.0029 0.0078
0 0.5791 0.2201 0.0039 0.0052
0 0.6104 0.2467 0.0039 0.0091
0 0.5933 0.2428 0.0049 0.0091
0 0.5747 0.2428 0.0049 0.0091
0 0.6304 0.2676 0.0049 0.0091
0 0.6201 0.2513 0.0059 0.0078
0 0.6187 0.291 0.0049 0.0091
0 0.6235 0.3138 0.0049 0.0104
0 0.6025 0.3125 0.0059 0.0078
0 0.6104 0.2949 0.0059 0.0091
0 0.5786 0.334 0.0049 0.0091
0 0.5869 0.2878 0.0039 0.0078
0 0.5747 0.2897 0.0049 0.0091
0 0.5674 0.3047 0.0059 0.0104
0 0.5869 0.2676 0.0059 0.0091
0 0.5713 0.2676 0.0039 0.0065
0 0.5576 0.2812 0.0059 0.0078
0 0.5356 0.2819 0.0049 0.0091
0 0.5205 0.276 0.0039 0.0078
0 0.5073 0.2734 0.0049 0.0078
0 0.4888 0.2904 0.0049 0.0078
0 0.5049 0.2962 0.0059 0.0091
0 0.521 0.3014 0.0049 0.0091
0 0.5376 0.3014 0.0049 0.0091
0 0.5508 0.3034 0.0039 0.0078
0 0.5615 0.3281 0.0059 0.0078
0 0.583 0.3763 0.0059 0.0104
0 0.522 0.3522 0.0049 0.0091
0 0.5264 0.3255 0.0059 0.0104
0 0.5137 0.319 0.0059 0.0104
0 0.5029 0.3477 0.0059 0.0104
0 0.4849 0.3392 0.0049 0.0091
0 0.4902 0.3197 0.0039 0.0091
0 0.5605 0.3509 0.0078 0.0091
0 0.6123 0.1042 0.0039 0.0078
0 0.585 0.1042 0.0039 0.0078
0 0.5713 0.0866 0.0039 0.0065
0 0.5586 0.084 0.0039 0.0065
0 0.5688 0.1035 0.0049 0.0065
0 0.5537 0.099 0.0039 0.0078
0 0.584 0.1243 0.0039 0.0065
0 0.5552 0.1732 0.0049 0.0104
0 0.543 0.151 0.0039 0.0052
0 0.5479 0.1348 0.0059 0.0091
0 0.5317 0.1328 0.0049 0.0078
0 0.5308 0.1673 0.0049 0.0091
0 0.5342 0.1921 0.0039 0.0091
0 0.5596 0.1608 0.0039 0.0091
0 0.4814 0.0768 0.0039 0.0078
0 0.521 0.0859 0.0049 0.0078
0 0.4746 0.0938 0.0039 0.0078
0 0.4839 0.097 0.0049 0.0091
0 0.5137 0.1185 0.0039 0.0078
0 0.502 0.1146 0.0039 0.0104
0 0.5527 0.0664 0.0039 0.0078
0 0.4683 0.0742 0.0029 0.0078
0 0.4897 0.0788 0.0029 0.0065
0 0.5088 0.0762 0.0039 0.0065
0 0.4824 0.0618 0.0039 0.0065
0 0.4692 0.0599 0.0029 0.0052
0 0.5049 0.0625 0.0039 0.0078
0 0.5312 0.0872 0.0039 0.0078
0 0.4595 0.1087 0.0049 0.0091
0 0.4907 0.1126 0.0049 0.0065
0 0.4443 0.097 0.0039 0.0091
0 0.4722 0.1133 0.0029 0.0052
0 0.4688 0.1309 0.0039 0.0065
0 0.5 0.1315 0.0039 0.0078
0 0.5156 0.1322 0.0039 0.0065
0 0.5117 0.1536 0.0039 0.0052
0 0.5024 0.153 0.0029 0.0065
0 0.502 0.168 0.0039 0.0078
0 0.4893 0.1667 0.0039 0.0052
0 0.4746 0.1452 0.0039 0.0065
0 0.4902 0.1465 0.0039 0.0065
0 0.4536 0.127 0.0029 0.0091
0 0.4561 0.1699 0.0039 0.0065
0 0.4746 0.166 0.0039 0.0065
0 0.4443 0.1133 0.0039 0.0078
0 0.4307 0.1243 0.0039 0.0065
0 0.4595 0.1484 0.0029 0.0052
0 0.4844 0.1328 0.0039 0.0052
0 0.5078 0.1908 0.0039 0.0091
0 0.521 0.1947 0.0029 0.0065
0 0.4883 0.1901 0.0039 0.0052
0 0.5132 0.2122 0.0029 0.0078
0 0.499 0.2122 0.0039 0.0078
0 0.4976 0.2285 0.0049 0.0065
0 0.4844 0.2292 0.0039 0.0078
0 0.4795 0.2103 0.0039 0.0065
0 0.4668 0.2266 0.0039 0.0078
0 0.4385 0.1667 0.0039 0.0052
0 0.4238 0.1693 0.0039 0.0052
0 0.4131 0.1634 0.0039 0.0065
0 0.4072 0.14 0.0039 0.0065
0 0.3999 0.1621 0.0029 0.0065
0 0.3882 0.1536 0.0029 0.0078
0 0.3838 0.1777 0.0039 0.0065
0 0.4175 0.1842 0.0029 0.0065
0 0.3813 0.196 0.0049 0.0091
0 0.3945 0.2005 0.0039 0.0104
0 0.4077 0.2031 0.0049 0.0078
0 0.4443 0.2031 0.0039 0.0078
0 0.4741 0.25 0.0049 0.0078
0 0.4609 0.2487 0.0039 0.0078
0 0.4497 0.2422 0.0049 0.0078
0 0.4468 0.2292 0.0029 0.0078
0 0.4443 0.2637 0.0059 0.0091
0 0.4316 0.2552 0.0059 0.0078
0 0.4175 0.2376 0.0049 0.0091
0 0.4077 0.2337 0.0049 0.0091
0 0.3877 0.2357 0.0039 0.0078
0 0.375 0.2363 0.0039 0.0065
0 0.373 0.2214 0.0039 0.0078
0 0.3784 0.2546 0.0029 0.0065
0 0.4624 0.2656 0.0029 0.0078
0 0.4131 0.2207 0.0039 0.0065
0 0.4229 0.2227 0.0039 0.0078
0 0.4185 0.2031 0.0029 0.0052
0 0.3979 0.2161 0.0029 0.0052
0 0.3662 0.1947 0.0039 0.0065
0 0.3687 0.1784 0.0049 0.0078
0 0.3511 0.1934 0.0049 0.0065
0 0.3633 0.2194 0.0039 0.0065
0 0.3496 0.2129 0.0039 0.0065
0 0.3408 0.2116 0.0039 0.0065
0 0.3247 0.2253 0.0049 0.0078
0 0.333 0.2318 0.0059 0.0078
0 0.3462 0.2344 0.0049 0.0078
0 0.3643 0.2487 0.0059 0.0078
0 0.3535 0.2526 0.0039 0.0078
0 0.3428 0.2474 0.0039 0.0078
0 0.3594 0.2318 0.0039 0.0078
0 0.396 0.2572 0.0049 0.0091
0 0.4067 0.278 0.0049 0.0091
0 0.4385 0.2832 0.0039 0.0091
0 0.4165 0.2943 0.0049 0.0078
0 0.3867 0.2747 0.0039 0.0104
0 0.4067 0.3027 0.0049 0.0065
0 0.3921 0.3001 0.0049 0.0091
0 0.3765 0.2962 0.0049 0.0091
0 0.3691 0.2799 0.0039 0.0078
0 0.3555 0.2708 0.0059 0.0078
0 0.3423 0.2689 0.0049 0.0091
0 0.3267 0.2656 0.0049 0.0078
0 0.3145 0.2656 0.0059 0.0078
0 0.2998 0.2604 0.0059 0.0104
0 0.2988 0.2441 0.0059 0.0091
0 0.2905 0.2826 0.0049 0.0078
0 0.3027 0.2852 0.0059 0.0078
0 0.3115 0.2832 0.0059 0.0065
0 0.3335 0.2878 0.0049 0.0078
0 0.3486 0.291 0.0059 0.0065
0 0.3638 0.2969 0.0049 0.0078
0 0.4243 0.3411 0.0068 0.0104
0 0.4219 0.3275 0.0059 0.0091
0 0.418 0.321 0.0039 0.0091
0 0.4092 0.3385 0.0059 0.0078
0 0.4375 0.377 0.0059 0.0091
0 0.3994 0.3229 0.0039 0.0078
0 0.3896 0.3379 0.0059 0.0091
0 0.3843 0.3197 0.0049 0.0091
0 0.3657 0.3184 0.0049 0.0091
0 0.3643 0.3288 0.0059 0.0091
0 0.3525 0.3138 0.0059 0.0078
0 0.3457 0.3112 0.0059 0.0078
0 0.3516 0.3294 0.0059 0.0078
0 0.3398 0.3242 0.0039 0.0078
0 0.3208 0.3262 0.0049 0.0065
0 0.3232 0.3066 0.0059 0.0091
0 0.3091 0.3203 0.0049 0.0078
0 0.293 0.3132 0.0059 0.0091
0 0.2856 0.2988 0.0049 0.0091
0 0.3164 0.2467 0.0039 0.0065
0 0.4473 0.3301 0.0059 0.0091
0 0.4746 0.3216 0.0059 0.0078
0 0.4673 0.3105 0.0049 0.0091
0 0.4614 0.2819 0.0049 0.0065
0 0.5459 0.2591 0.0059 0.0104
0 0.5205 0.2604 0.0039 0.0078
0 0.541 0.235 0.0059 0.0091
0 0.5596 0.2428 0.0059 0.0091
0 0.562 0.2207 0.0049 0.0091
0 0.5854 0.3118 0.0049 0.0091
0 0.4375 0.2415 0.0039 0.0065
0 0.4185 0.1263 0.0049 0.0078
0 0.4248 0.0625 0.0039 0.0078
0 0.3955 0.0918 0.0039 0.0091
0 0.3823 0.0892 0.0029 0.0065
0 0.3643 0.1061 0.0039 0.0065
0 0.3682 0.0885 0.0039 0.0078
0 0.3687 0.1178 0.0049 0.0091
0 0.3599 0.1178 0.0029 0.0065
0 0.3569 0.0898 0.0049 0.0078
0 0.3428 0.0879 0.0039 0.0065
0 0.3535 0.1048 0.0039 0.0065
0 0.3433 0.1198 0.0049 0.0078
0 0.3257 0.1029 0.0049 0.0078
0 0.314 0.1003 0.0049 0.0078
0 0.3145 0.1185 0.0039 0.0078
0 0.3447 0.1361 0.0039 0.0065
0 0.3271 0.1348 0.0039 0.0065
0 0.3262 0.1517 0.0039 0.0065
0 0.2837 0.2585 0.0049 0.0091
0 0.2803 0.2747 0.0059 0.0104
0 0.2651 0.2754 0.0049 0.0091
0 0.2822 0.1029 0.0039 0.0078
0 0.269 0.1016 0.0029 0.0078
0 0.2334 0.1126 0.0039 0.0065
0 0.2793 0.1471 0.0039 0.0078
0 0.2959 0.1354 0.0039 0.0078
0 0.2759 0.1159 0.0029 0.0078
0 0.2495 0.1159 0.0029 0.0078
0 0.21 0.1257 0.0039 0.0091
0 0.2251 0.0964 0.0029 0.0052
0 0.2402 0.127 0.0039 0.0065
0 0.2178 0.1445 0.0039 0.0052
0 0.2495 0.1458 0.0029 0.0078
0 0.3174 0.1784 0.0039 0.0078
0 0.3047 0.1901 0.0039 0.0078
0 0.2881 0.1699 0.0039 0.0065
0 0.2852 0.2018 0.0059 0.0078
0 0.2754 0.1875 0.0059 0.0078
0 0.2622 0.1862 0.0049 0.0078
0 0.2432 0.1842 0.0059 0.0091
0 0.2666 0.2051 0.0039 0.0091
0 0.2197 0.1693 0.0039 0.0078
0 0.2104 0.1849 0.0049 0.0078
0 0.2271 0.1836 0.0049 0.0078
0 0.2695 0.2181 0.0059 0.0091
0 0.229 0.2598 0.0049 0.0091
0 0.252 0.2031 0.0039 0.0078
0 0.2183 0.222 0.0049 0.0065
0 0.3574 0.1328 0.0039 0.0078
0 0.3276 0.1172 0.0049 0.0078
0 0.1934 0.166 0.0039 0.0065
0 0.1768 0.1673 0.0039 0.0065
0 0.1685 0.1816 0.0029 0.0065
0 0.1782 0.1973 0.0049 0.0065
0 0.1904 0.1803 0.0039 0.0065
0 0.2339 0.2168 0.0049 0.0065
0 0.1616 0.196 0.0049 0.0065
0 0.1606 0.265 0.0049 0.0091
0 0.1802 0.2513 0.0049 0.0078
0 0.1689 0.2292 0.0039 0.0078
0 0.1875 0.2168 0.0039 0.0065
0 0.1553 0.2129 0.0039 0.0065
0 0.2046 0.2708 0.0049 0.0078
0 0.2349 0.2376 0.0049 0.0091
0 0.2002 0.2214 0.0039 0.0052
0 0.1665 0.2454 0.0029 0.0065
0 0.2139 0.2572 0.0039 0.0065
0 0.1987 0.2507 0.0049 0.0065
0 0.272 0.2956 0.0049 0.0078
0 0.2598 0.2923 0.0039 0.0065
0 0.2441 0.2904 0.0039 0.0078
0 0.2314 0.2897 0.0059 0.0091
0 0.2212 0.2969 0.0049 0.0078
0 0.2275 0.3079 0.0059 0.0091
0 0.2437 0.3099 0.0049 0.0078
0 0.2817 0.3164 0.0049 0.0078
0 0.2656 0.3138 0.0059 0.0078
0 0.208 0.306 0.0059 0.0104
0 0.1943 0.3014 0.0059 0.0091
0 0.1924 0.2741 0.0059 0.0091
0 0.1772 0.2936 0.0049 0.0065
0 0.1646 0.2923 0.0049 0.0091
0 0.1514 0.2904 0.0039 0.0078
0 0.1401 0.2487 0.0049 0.0078
0 0.1475 0.2604 0.0059 0.0078
0 0.2471 0.2402 0.0039 0.0091
0 0.25 0.2188 0.0039 0.0078
0 0.1309 0.2637 0.0059 0.0091
0 0.1177 0.2858 0.0049 0.0091
0 0.0879 0.2617 0.0059 0.0104
0 0.0684 0.265 0.0059 0.0091
0 0.0542 0.2611 0.0049 0.0065
0 0.0684 0.2298 0.0039 0.0091
0 0.0898 0.224 0.0059 0.0078
0 0.1001 0.2077 0.0049 0.0065
0 0.1323 0.2812 0.0049 0.0052
0 0.063 0.2435 0.0049 0.0078
0 0.0811 0.181 0.0039 0.0078
0 0.1006 0.1829 0.0039 0.0091
0 0.0884 0.1921 0.0049 0.0091
0 0.0815 0.2122 0.0049 0.0104
0 0.1094 0.1803 0.0039 0.0091
0 0.1064 0.1628 0.0039 0.0078
0 0.002 0.2376 0.0039 0.0091
0 0.0146 0.252 0.0039 0.0091
0 0.0039 0.2031 0.0039 0.0078
0 0.1226 0.1615 0.0029 0.0052
0 0.0854 0.1608 0.0029 0.0065
0 0.0176 0.237 0.0039 0.0078
0 0.0312 0.2057 0.0039 0.0104
0 0.0161 0.207 0.0049 0.0078
0 0.0039 0.1732 0.0039 0.0078
0 0.04 0.1751 0.0039 0.0065
0 0.0386 0.1908 0.0049 0.0091
0 0.019 0.1901 0.0049 0.0078
0 0.0527 0.1706 0.0039 0.0078
0 0.0596 0.1582 0.0039 0.0065
0 0.041 0.1595 0.0039 0.0065
0 0.0566 0.1868 0.0039 0.0065
0 0.0229 0.1576 0.0029 0.0078
0 0.0039 0.1595 0.0039 0.0091
0 0.0674 0.14 0.0039 0.0065
0 0.0859 0.1426 0.002 0.0065
0 0.0991 0.1432 0.0029 0.0078
0 0.1187 0.1419 0.0029 0.0078
0 0.1118 0.1257 0.0029 0.0065
0 0.0786 0.1257 0.0049 0.0091
0 0.0654 0.1237 0.0039 0.0078
0 0.0415 0.2207 0.0029 0.0065
0 0.1328 0.1439 0.0039 0.0091
0 0.1431 0.1302 0.0029 0.0078
0 0.123 0.0977 0.0039 0.0078
0 0.0171 0.1107 0.0049 0.0104
0 0.0361 0.11 0.0039 0.0091
0 0.1841 0.1478 0.0049 0.0091
0 0.1943 0.1302 0.0039 0.0078
0 0.1641 0.0794 0.0039 0.0078
0 0.1406 0.0944 0.0039 0.0065
0 0.1152 0.1087 0.0039 0.0091
0 0.1455 0.1185 0.0059 0.0104
0 0.1099 0.0924 0.0049 0.0104
0 0.4565 0.0775 0.0049 0.0065
0 0.4072 0.0755 0.0039 0.0078
0 0.6006 0.071 0.0039 0.0065
0 0.2124 0.1139 0.0029 0.0065
0 0.2139 0.084 0.0039 0.0065
0 0.2432 0.1686 0.0039 0.0065
0 0.2549 0.1745 0.0039 0.0078
0 0.2339 0.1484 0.0049 0.0078
0 0.2261 0.151 0.0049 0.0078
0 0.3027 0.1517 0.0039 0.0091
0 0.2905 0.1517 0.0068 0.0117
0 0.2446 0.084 0.0049 0.0091
0 0.2676 0.0677 0.0039 0.0052
0 0.2524 0.0671 0.0029 0.0039
0 0.2358 0.069 0.0029 0.0052
0 0.2148 0.207 0.0059 0.013
0 0.0449 0.123 0.0039 0.0065
0 0.0532 0.1387 0.0049 0.0065
0 0.0381 0.1387 0.0039 0.0065
0 0.0195 0.1419 0.0039 0.0052
