0 0.0083 0.1866 0.0088 0.0226
0 0.1968 0.0312 0.0107 0.0278
0 0.2349 0.0252 0.0127 0.0191
0 0.1826 0.0747 0.0098 0.0243
0 0.1489 0.0773 0.0107 0.0226
0 0.2075 0.1016 0.0107 0.0226
0 0.2046 0.1372 0.0107 0.0243
0 0.1636 0.1424 0.0127 0.0278
0 0.1597 0.2179 0.0107 0.0295
0 0.1704 0.1884 0.0127 0.0295
0 0.2061 0.1927 0.0078 0.0278
0 0.2007 0.2161 0.0088 0.026
0 0.1826 0.2335 0.0098 0.0365
0 0.2222 0.3316 0.0127 0.0312
0 0.208 0.2812 0.0117 0.0417
0 0.1738 0.263 0.0117 0.0295
0 0.1782 0.4019 0.0127 0.0295
0 0.2432 0.0616 0.0137 0.033
0 0.2837 0.0642 0.0107 0.0278
0 0.2861 0.0312 0.0078 0.0208
0 0.3232 0.0339 0.0078 0.0226
0 0.3281 0.0764 0.0117 0.0278
0 0.3457 0.0373 0.0098 0.0226
0 0.3613 0.0729 0.0117 0.0278
0 0.3789 0.1163 0.0098 0.0278
0 0.4185 0.099 0.0107 0.0278
0 0.3813 0.1866 0.0107 0.026
0 0.3472 0.1814 0.0127 0.033
0 0.3262 0.1476 0.0117 0.0278
0 0.2881 0.1398 0.0117 0.0295
0 0.2539 0.138 0.0156 0.0226
0 0.2461 0.1085 0.0117 0.026
0 0.25 0.1788 0.0098 0.0278
0 0.2964 0.1849 0.0146 0.026
0 0.2622 0.2135 0.0107 0.0278
0 0.3135 0.2682 0.0117 0.0295
0 0.3525 0.2708 0.0117 0.0278
0 0.3687 0.2969 0.0127 0.0312
0 0.3887 0.2752 0.0215 0.0503
0 0.3677 0.3455 0.0127 0.0278
0 0.311 0.3411 0.0127 0.033
0 0.249 0.2595 0.0098 0.033
0 0.4263 0.1649 0.0186 0.0729
0 0.377 0.0608 0.0098 0.0243
0 0.3677 0.053 0.0107 0.0191
0 0.4673 0.105 0.0088 0.0226
0 0.4746 0.1467 0.0098 0.026
0 0.4907 0.191 0.0127 0.0243
0 0.5 0.0825 0.0117 0.026
0 0.5381 0.1988 0.0215 0.0781
0 0.6099 0.0434 0.0127 0.0243
0 0.5811 0.2135 0.0137 0.0312
0 0.6191 0.3385 0.0117 0.0312
0 0.6675 0.0191 0.0088 0.0174
0 0.6421 0.0434 0.0107 0.0243
0 0.6748 0.1094 0.0098 0.0278
0 0.7178 0.1189 0.0098 0.0295
0 0.6841 0.1502 0.0107 0.026
0 0.7441 0.1814 0.0137 0.026
0 0.6367 0.1519 0.0117 0.0295
0 0.627 0.2257 0.0137 0.0347
0 0.6597 0.2231 0.0107 0.026
0 0.6372 0.2769 0.0127 0.026
0 0.6519 0.296 0.0146 0.0295
0 0.665 0.3438 0.0156 0.0347
0 0.6997 0.3099 0.0127 0.0365
0 0.6792 0.316 0.0088 0.0174
0 0.7153 0.3359 0.0107 0.0295
0 0.7271 0.27 0.0146 0.033
0 0.7915 0.2569 0.0146 0.0312
0 0.7627 0.3438 0.0137 0.0312
0 0.6733 0.3984 0.0146 0.0295
0 0.8145 0.349 0.0117 0.0278
0 0.7261 0.4097 0.0146 0.0347
0 0.772 0.4106 0.0146 0.033
0 0.8198 0.4115 0.0186 0.0382
0 0.8931 0.4054 0.0146 0.0365
0 0.8809 0.0512 0.0117 0.026
0 0.9751 0.0486 0.0088 0.0243
0 0.9722 0.1163 0.0088 0.0278
0 0.8745 0.1285 0.0107 0.0208
0 0.9146 0.2153 0.0088 0.0208
0 0.9268 0.2517 0.0156 0.0208
0 0.9644 0.1944 0.0088 0.0278
0 0.9858 0.1753 0.0107 0.0243
0 0.9897 0.2057 0.0088 0.0226
0 0.9775 0.2188 0.0098 0.0278
0 0.9727 0.309 0.0137 0.0382
0 0.9849 0.3698 0.0127 0.0278
0 0.9854 0.4089 0.0195 0.033
0 0.8364 0.4149 0.0146 0.0312
0 0.7915 0.4835 0.0088 0.0295
0 0.8281 0.0755 0.0117 0.0226
