0 0.4829 0.5544 0.0205 0.0363
0 0.4253 0.5383 0.0205 0.0363
0 0.1123 0.5262 0.0234 0.0363
0 0.1426 0.7251 0.0098 0.0121
0 0.0566 0.6774 0.0098 0.0161
0 0.0371 0.7231 0.0098 0.0134
0 0.6465 0.744 0.0059 0.0094
0 0.6167 0.7164 0.0068 0.0108
0 0.5879 0.6694 0.0098 0.0161
0 0.5591 0.7413 0.0068 0.0121
0 0.5435 0.7392 0.0068 0.0108
0 0.5762 0.7399 0.0059 0.0094
0 0.9307 0.6989 0.0059 0.0108
0 0.7637 0.4073 0.0176 0.0376
0 0.3945 0.7292 0.0078 0.0094
0 0.3623 0.6962 0.0059 0.0108
0 0.5259 0.7406 0.0068 0.0134
0 0.666 0.7446 0.0059 0.0081
0 0.7124 0.7453 0.0049 0.0067
0 0.7256 0.7446 0.0059 0.0081
0 0.9512 0.705 0.0059 0.0094
