0 0.0454 0.0508 0.0303 0.0543
0 0.1099 0.0383 0.0205 0.0348
0 0.1919 0.0543 0.0186 0.0334
0 0.251 0.0487 0.0195 0.0418
0 0.2676 0.1859 0.0234 0.0515
0 0.1694 0.1818 0.0225 0.0515
0 0.1821 0.1532 0.0186 0.0306
0 0.1006 0.1184 0.0215 0.0362
0 0.0557 0.2013 0.0234 0.0487
0 0.1011 0.2493 0.0225 0.0446
0 0.188 0.2549 0.0303 0.0529
0 0.2554 0.2834 0.0244 0.0487
0 0.2256 0.36 0.0293 0.0599
0 0.0938 0.4053 0.0312 0.0641
0 0.1851 0.3893 0.0342 0.0682
0 0.3022 0.4464 0.0225 0.0515
0 0.2729 0.4081 0.0244 0.0557
0 0.3174 0.3572 0.0273 0.0487
0 0.0986 0.3698 0.0312 0.0432
0 0.3447 0.0404 0.0215 0.0306
0 0.3555 0.0717 0.0195 0.0404
0 0.3989 0.0543 0.0166 0.0251
0 0.4209 0.0787 0.0176 0.0376
0 0.4248 0.1205 0.0195 0.046
0 0.376 0.1518 0.0234 0.0446
0 0.355 0.1894 0.0244 0.0501
0 0.3115 0.1372 0.0215 0.046
0 0.2759 0.1476 0.0225 0.0446
0 0.3428 0.2779 0.0273 0.046
0 0.4038 0.2779 0.0225 0.0599
0 0.3979 0.3969 0.0303 0.0557
0 0.4434 0.0383 0.0254 0.0292
0 0.5259 0.0515 0.0205 0.0418
0 0.5029 0.1393 0.0488 0.1031
0 0.5518 0.1428 0.0234 0.0543
0 0.6074 0.071 0.0254 0.0474
0 0.6128 0.0334 0.0205 0.0251
0 0.6196 0.1448 0.0244 0.0585
0 0.6431 0.1957 0.0303 0.0543
0 0.5469 0.2235 0.0391 0.0794
0 0.6211 0.3029 0.0273 0.0487
0 0.6914 0.0425 0.0195 0.0376
0 0.7095 0.0703 0.0225 0.0487
0 0.73 0.0905 0.0225 0.0474
0 0.7573 0.0251 0.0166 0.0279
0 0.7759 0.0474 0.0166 0.039
0 0.7856 0.1003 0.0225 0.0446
0 0.8452 0.0975 0.0264 0.0529
0 0.7031 0.2521 0.0254 0.0501
0 0.7529 0.2201 0.0195 0.0501
0 0.835 0.211 0.0215 0.0487
0 0.8286 0.2716 0.0205 0.0501
0 0.8779 0.0467 0.0195 0.0376
0 0.9106 0.0313 0.0205 0.0237
0 0.9277 0.11 0.0273 0.0585
0 0.9697 0.1901 0.0293 0.0571
0 0.8682 0.2618 0.0234 0.0529
0 0.8882 0.3259 0.0283 0.0501
0 0.9185 0.3691 0.0303 0.0641
0 0.9282 0.4095 0.0361 0.0696
0 0.8296 0.3329 0.0244 0.0418
0 0.812 0.3753 0.0283 0.0543
0 0.7524 0.3162 0.0283 0.0613
0 0.7588 0.4234 0.0332 0.0613
0 0.8506 0.4443 0.0312 0.0613
0 0.6836 0.3628 0.0254 0.0515
0 0.6699 0.3955 0.0312 0.0529
0 0.0098 0.3531 0.0176 0.0571
0 0.0127 0.2911 0.0176 0.0334
0 0.0278 0.0299 0.0244 0.032
