0 0.9722 0.3069 0.0518 0.0999
0 0.8496 0.3539 0.0508 0.091
0 0.6919 0.406 0.0498 0.0778
0 0.5747 0.3811 0.0518 0.0954
0 0.6245 0.2452 0.0498 0.0969
0 0.7109 0.1894 0.041 0.0822
0 0.8091 0.2327 0.0596 0.1013
0 0.8735 0.1615 0.0439 0.0793
0 0.8027 0.0756 0.0449 0.0749
0 0.8628 0.0521 0.0381 0.072
0 0.939 0.0764 0.04 0.0734
0 0.9873 0.1278 0.0234 0.1028
0 0.9668 0.0536 0.0332 0.069
0 0.7734 0.0433 0.0332 0.0543
0 0.6919 0.1233 0.0361 0.0646
0 0.6841 0.0595 0.0361 0.0602
0 0.7451 0.025 0.0293 0.0499
0 0.6313 0.1703 0.042 0.0793
0 0.6201 0.1189 0.0352 0.0705
0 0.5952 0.0962 0.0303 0.0573
0 0.6592 0.0213 0.0293 0.0396
0 0.562 0.0316 0.0322 0.0543
0 0.5322 0.1175 0.0371 0.0675
0 0.5122 0.188 0.0439 0.0822
0 0.4844 0.0485 0.0254 0.0499
0 0.5171 0.072 0.0322 0.0617
0 0.4277 0.1549 0.0371 0.0631
0 0.4248 0.116 0.0352 0.0646
0 0.3984 0.0595 0.0332 0.0631
0 0.3467 0.1887 0.0352 0.0661
0 0.4453 0.232 0.041 0.0764
0 0.4917 0.2878 0.0439 0.0852
0 0.3779 0.2702 0.041 0.0764
0 0.4272 0.4001 0.0479 0.0984
0 0.3647 0.5918 0.0635 0.1116
0 0.2998 0.3979 0.0469 0.094
0 0.2495 0.301 0.042 0.0852
0 0.3018 0.1872 0.0391 0.069
0 0.2959 0.0492 0.0254 0.0455
0 0.3545 0.0551 0.0254 0.0514
0 0.3818 0.0066 0.0215 0.0162
0 0.2798 0.022 0.0225 0.0441
0 0.2812 0.1175 0.0332 0.0587
0 0.2324 0.1153 0.0352 0.0749
0 0.1919 0.2474 0.04 0.0778
0 0.2529 0.0808 0.0273 0.0529
0 0.2217 0.069 0.0273 0.0529
0 0.2334 0.0198 0.0234 0.0426
0 0.186 0.0206 0.0322 0.0441
0 0.1357 0.08 0.0371 0.069
0 0.1147 0.0543 0.0264 0.0499
0 0.082 0.1043 0.0293 0.047
0 0.0596 0.1601 0.0293 0.0587
0 0.0811 0.2599 0.0352 0.0675
0 0.1416 0.4038 0.0527 0.0881
0 0.1143 0.3128 0.043 0.0764
0 0.0459 0.4023 0.0488 0.0881
0 0.0161 0.3341 0.0342 0.0778
0 0.0156 0.2335 0.0312 0.0617
0 0.0161 0.1454 0.0264 0.0441
0 0.0298 0.1028 0.0264 0.0441
0 0.0083 0.0771 0.0186 0.0396
0 0.0386 0.0639 0.0205 0.0426
0 0.0503 0.0301 0.0205 0.0426
0 0.335 0.094 0.0332 0.0617
