0 0.0498 0.8265 0.0137 0.0218
0 0.0249 0.79 0.0068 0.0154
0 0.0532 0.7458 0.0068 0.0141
0 0.2378 0.8419 0.0107 0.0218
0 0.2817 0.8393 0.0088 0.0192
0 0.3037 0.8502 0.0078 0.0128
0 0.291 0.8195 0.0098 0.0154
0 0.3052 0.7791 0.0068 0.0115
0 0.166 0.7663 0.0078 0.0115
0 0.2725 0.2849 0.0195 0.0371
0 0.2939 0.3099 0.043 0.0256
0 0.3481 0.6908 0.0166 0.0269
0 0.4336 0.5941 0.0195 0.041
0 0.4688 0.5973 0.0215 0.0397
0 0.4648 0.8496 0.0098 0.0166
0 0.4692 0.8777 0.0088 0.0166
0 0.4966 0.856 0.0088 0.0141
0 0.5083 0.8303 0.0068 0.0141
0 0.5552 0.8566 0.0088 0.0154
0 0.6538 0.8656 0.0088 0.0154
0 0.6777 0.8636 0.0078 0.0192
0 0.6694 0.8553 0.0107 0.0179
0 0.6929 0.87 0.0068 0.0115
0 0.373 0.8489 0.0098 0.0179
0 0.584 0.516 0.0234 0.0384
0 0.6504 0.5474 0.0254 0.0397
0 0.7378 0.4673 0.0303 0.0512
0 0.7119 0.8649 0.0098 0.0141
0 0.7217 0.8592 0.0078 0.0128
0 0.8203 0.8777 0.0078 0.0115
0 0.8506 0.8246 0.0078 0.0154
0 0.9082 0.8528 0.0098 0.0154
0 0.9116 0.8252 0.0068 0.0141
0 0.9229 0.8873 0.0078 0.0102
0 0.0186 0.7298 0.0078 0.0128
0 0.0103 0.8284 0.0127 0.0205
0 0.0693 0.7478 0.0078 0.0179
0 0.0635 0.6793 0.0059 0.009
0 0.0781 0.6754 0.0059 0.0115
0 0.1001 0.6453 0.0068 0.0128
0 0.1191 0.6498 0.0059 0.009
0 0.1089 0.6357 0.0049 0.009
0 0.1021 0.6287 0.0049 0.0102
0 0.0869 0.6325 0.0059 0.0102
0 0.0869 0.6229 0.0059 0.009
0 0.0732 0.6114 0.0059 0.009
0 0.0684 0.6312 0.0059 0.0102
0 0.0513 0.6396 0.0049 0.009
0 0.021 0.6325 0.0068 0.0128
0 0.0166 0.614 0.0059 0.009
0 0.0117 0.6223 0.0059 0.0102
0 0.0396 0.6223 0.0068 0.0128
0 0.0498 0.628 0.0059 0.009
0 0.0439 0.6594 0.0059 0.0077
0 0.062 0.6504 0.0049 0.0102
0 0.1128 0.6805 0.0049 0.009
0 0.1182 0.662 0.0059 0.0102
0 0.0566 0.6191 0.0059 0.009
0 0.0674 0.6204 0.0059 0.009
0 0.167 0.8303 0.0098 0.0192
0 0.1592 0.7337 0.0059 0.0128
0 0.1626 0.7446 0.0068 0.0141
0 0.0991 0.6479 0.0068 0.0128
0 0.0322 0.612 0.0059 0.0102
0 0.042 0.6037 0.0059 0.009
0 0.0225 0.6044 0.0059 0.0077
0 0.1514 0.6402 0.0059 0.0102
0 0.1494 0.6524 0.0059 0.0115
0 0.1362 0.6402 0.0068 0.0128
0 0.125 0.644 0.0059 0.0102
0 0.1328 0.6076 0.0059 0.009
0 0.1797 0.6972 0.0059 0.009
0 0.1689 0.6869 0.0059 0.009
0 0.1748 0.6831 0.0059 0.009
0 0.1636 0.6953 0.0068 0.0077
0 0.1162 0.719 0.0059 0.0115
0 0.188 0.6793 0.0068 0.0115
0 0.1885 0.694 0.0059 0.0102
0 0.1924 0.7106 0.0059 0.0102
0 0.1938 0.7241 0.0068 0.009
0 0.1968 0.6997 0.0049 0.009
0 0.2046 0.6901 0.0068 0.0102
0 0.1978 0.6857 0.0068 0.009
0 0.1914 0.6012 0.0059 0.009
0 0.1514 0.6012 0.0059 0.0064
0 0.2729 0.596 0.0225 0.0371
0 0.021 0.5602 0.0049 0.009
0 0.0249 0.5429 0.0049 0.0077
0 0.0122 0.5314 0.0049 0.0077
0 0.0156 0.5525 0.0059 0.0115
0 0.0186 0.5768 0.0059 0.009
0 0.0464 0.5858 0.0049 0.009
0 0.0259 0.5845 0.0068 0.0115
0 0.0786 0.5519 0.0029 0.0077
0 0.0981 0.5442 0.0049 0.0077
0 0.1421 0.5621 0.0088 0.0128
0 0.1265 0.5544 0.0068 0.0102
0 0.0723 0.5397 0.0059 0.009
0 0.0874 0.5294 0.0068 0.0115
0 0.1685 0.5736 0.0088 0.0154
0 0.1802 0.5653 0.0068 0.0115
0 0.1953 0.5659 0.0078 0.0128
0 0.1973 0.5775 0.0078 0.0128
0 0.1748 0.5896 0.0078 0.0115
0 0.2935 0.7356 0.0068 0.0115
0 0.2935 0.751 0.0068 0.0115
0 0.2974 0.7714 0.0068 0.0141
0 0.314 0.7638 0.0088 0.0141
0 0.3062 0.8022 0.0088 0.0141
0 0.2866 0.8047 0.0068 0.0115
0 0.3667 0.7919 0.0088 0.0141
0 0.3262 0.7036 0.0059 0.009
0 0.3218 0.7055 0.0049 0.0128
0 0.3438 0.6716 0.0059 0.009
0 0.3286 0.6504 0.0049 0.0102
0 0.312 0.678 0.0068 0.0115
0 0.3208 0.6876 0.0068 0.0102
0 0.334 0.7074 0.0059 0.009
0 0.3828 0.6735 0.0078 0.0102
0 0.3755 0.6741 0.0068 0.009
0 0.3462 0.662 0.0049 0.0077
0 0.3789 0.7151 0.0059 0.009
0 0.4937 0.806 0.0068 0.0115
0 0.4971 0.8195 0.0059 0.0102
0 0.4902 0.8451 0.0078 0.0154
0 0.5054 0.806 0.0068 0.0115
0 0.5356 0.7919 0.0068 0.0115
0 0.5469 0.7939 0.0059 0.0102
0 0.5469 0.8073 0.0059 0.0115
0 0.5479 0.8303 0.0059 0.009
0 0.54 0.822 0.0059 0.0102
0 0.5376 0.8399 0.0068 0.0102
0 0.5522 0.8483 0.0068 0.0141
0 0.5576 0.8195 0.0059 0.0102
0 0.584 0.8585 0.0078 0.0141
0 0.5332 0.6633 0.0059 0.0102
0 0.5249 0.6786 0.0049 0.0102
0 0.5132 0.6697 0.0068 0.0154
0 0.5176 0.6863 0.0078 0.0128
0 0.6104 0.7202 0.0059 0.009
0 0.6118 0.7042 0.0068 0.0102
0 0.5977 0.7029 0.0039 0.0077
0 0.605 0.6402 0.0049 0.0077
0 0.5996 0.717 0.0059 0.0102
0 0.6006 0.7311 0.0059 0.0102
0 0.7148 0.6793 0.0078 0.0115
0 0.707 0.6812 0.0059 0.0102
0 0.6812 0.7574 0.0049 0.009
0 0.7065 0.7401 0.0049 0.0077
0 0.708 0.7638 0.0059 0.009
0 0.6904 0.7465 0.0059 0.0077
0 0.6978 0.7657 0.0049 0.0102
0 0.7036 0.7734 0.0049 0.0077
0 0.6934 0.7778 0.0078 0.009
0 0.687 0.774 0.0049 0.0064
0 0.6812 0.8086 0.0049 0.0115
0 0.6816 0.7945 0.0059 0.009
0 0.6958 0.7932 0.0049 0.009
0 0.7017 0.8022 0.0049 0.009
0 0.7227 0.8079 0.0078 0.0154
0 0.7114 0.7958 0.0068 0.0141
0 0.709 0.8195 0.0059 0.0102
0 0.7202 0.8367 0.0068 0.0115
0 0.7061 0.8297 0.0059 0.0102
0 0.7124 0.8412 0.0068 0.0102
0 0.6733 0.822 0.0068 0.0102
0 0.6836 0.8316 0.0059 0.009
0 0.6899 0.854 0.0068 0.0102
0 0.7041 0.8592 0.0059 0.0077
0 0.7417 0.8656 0.0088 0.0077
0 0.6978 0.8265 0.0068 0.0115
0 0.6606 0.8457 0.0068 0.0115
0 0.7676 0.8259 0.0059 0.0077
0 0.77 0.8393 0.0068 0.009
0 0.7764 0.8278 0.0059 0.0115
0 0.7891 0.8297 0.0059 0.0102
0 0.8013 0.8489 0.0068 0.0102
0 0.7959 0.8617 0.0059 0.0102
0 0.7856 0.872 0.0068 0.0102
0 0.7778 0.8604 0.0068 0.0077
0 0.8071 0.8732 0.0068 0.0128
0 0.833 0.7804 0.0039 0.009
0 0.8652 0.8163 0.0078 0.0192
0 0.8633 0.8259 0.0059 0.0102
0 0.8398 0.8233 0.0059 0.0102
0 0.835 0.8323 0.0059 0.0102
0 0.8682 0.856 0.0059 0.0115
0 0.8687 0.8367 0.0049 0.009
0 0.8711 0.8809 0.0078 0.0128
0 0.8296 0.7567 0.0049 0.0077
0 0.8394 0.7382 0.0049 0.0064
0 0.8364 0.7484 0.0049 0.009
0 0.8838 0.8105 0.0059 0.0077
0 0.8857 0.7868 0.0039 0.0064
0 0.874 0.7625 0.0039 0.0064
0 0.8579 0.7548 0.0049 0.0064
0 0.8721 0.7446 0.0039 0.0064
0 0.8848 0.7439 0.0039 0.0051
0 0.8872 0.7061 0.0049 0.009
0 0.8975 0.774 0.0039 0.0064
0 0.9526 0.7817 0.0049 0.009
0 0.9414 0.7714 0.0039 0.0064
0 0.9072 0.7497 0.0039 0.0064
0 0.9219 0.7778 0.0039 0.0064
0 0.9316 0.7881 0.0039 0.0064
0 0.9272 0.7682 0.0049 0.0077
0 0.856 0.733 0.0049 0.009
0 0.8506 0.7183 0.0039 0.0077
0 0.8447 0.71 0.0039 0.0064
0 0.8408 0.7202 0.0059 0.009
0 0.8218 0.7324 0.0049 0.0077
0 0.8813 0.8566 0.0068 0.0102
0 0.9526 0.87 0.0068 0.0115
0 0.9414 0.8252 0.0078 0.0141
0 0.8857 0.8265 0.0078 0.0115
0 0.8857 0.7778 0.0059 0.009
0 0.8521 0.7862 0.0068 0.0102
0 0.0034 0.6242 0.0068 0.0141
0 0.0146 0.6767 0.0078 0.0115
0 0.0088 0.6882 0.0078 0.0115
0 0.0044 0.7132 0.0088 0.0128
0 0.0239 0.7132 0.0068 0.0128
0 0.0127 0.7004 0.0059 0.0128
0 0.0298 0.7087 0.0068 0.0115
0 0.0322 0.6908 0.0078 0.0115
0 0.0376 0.6754 0.0068 0.0115
0 0.0513 0.7049 0.0068 0.009
0 0.0571 0.694 0.0068 0.0102
0 0.0767 0.6869 0.0068 0.009
0 0.0718 0.6959 0.0068 0.009
0 0.0454 0.7266 0.0068 0.0115
0 0.0703 0.717 0.0098 0.0128
0 0.0732 0.7087 0.0059 0.009
0 0.0952 0.6965 0.0068 0.0102
0 0.0991 0.6869 0.0068 0.0115
0 0.0962 0.7279 0.0088 0.0115
0 0.0986 0.7522 0.0078 0.0115
0 0.1182 0.7394 0.0078 0.0115
0 0.0967 0.7631 0.0078 0.0102
0 0.0835 0.7791 0.0088 0.0115
0 0.0308 0.7369 0.0088 0.0115
0 0.1763 0.7183 0.0088 0.0128
0 0.1777 0.735 0.0078 0.0128
0 0.1758 0.749 0.0078 0.0102
0 0.1694 0.7561 0.0088 0.0141
0 0.1699 0.8067 0.0078 0.0154
0 0.1641 0.7939 0.0078 0.0154
0 0.1895 0.7439 0.0117 0.0205
0 0.4038 0.8444 0.0127 0.0166
0 0.8911 0.7676 0.0049 0.0064
0 0.897 0.7484 0.0068 0.009
0 0.9214 0.7881 0.0049 0.0064
0 0.8394 0.758 0.0049 0.0051
0 0.0264 0.5736 0.0059 0.0102
0 0.9595 0.8489 0.0068 0.0077
0 0.98 0.8323 0.0068 0.0102
0 0.9941 0.8406 0.0078 0.0115
0 0.9854 0.8054 0.0059 0.0077
0 0.9692 0.8003 0.0049 0.0077
0 0.959 0.7913 0.0059 0.0077
0 0.8525 0.8028 0.0059 0.0077
0 0.8208 0.7612 0.0049 0.0064
0 0.8237 0.6991 0.0049 0.0077
0 0.8193 0.6914 0.0059 0.0102
0 0.8164 0.6665 0.0039 0.0064
0 0.8281 0.6697 0.0039 0.0051
0 0.833 0.701 0.0039 0.009
0 0.8687 0.6959 0.0049 0.0064
0 0.8784 0.7337 0.0049 0.0077
0 0.8608 0.7222 0.0049 0.0077
0 0.8398 0.7337 0.0039 0.0077
0 0.8345 0.7202 0.0049 0.0064
0 0.8452 0.7292 0.0049 0.0064
0 0.8506 0.7567 0.0059 0.0077
0 0.9023 0.7337 0.0039 0.0077
0 0.9097 0.7209 0.0049 0.0077
0 0.9194 0.7522 0.0049 0.0064
0 0.9351 0.7606 0.0049 0.0077
0 0.9321 0.7407 0.0049 0.0064
0 0.8936 0.7401 0.0059 0.0077
0 0.9561 0.7414 0.0059 0.0077
0 0.9453 0.7356 0.0059 0.0064
0 0.9702 0.7414 0.0068 0.0077
0 0.9961 0.7439 0.0059 0.0077
0 0.9824 0.7426 0.0059 0.0077
0 0.9897 0.7522 0.0049 0.0064
0 0.9736 0.7631 0.0059 0.0077
0 0.9844 0.7791 0.0059 0.009
0 0.9336 0.7772 0.0059 0.0077
0 0.9072 0.7638 0.0059 0.0064
0 0.9155 0.7714 0.0049 0.0064
0 0.9941 0.7266 0.0078 0.009
0 0.8657 0.646 0.0049 0.0064
0 0.9062 0.6613 0.0039 0.0064
0 0.8735 0.6588 0.0029 0.0038
0 0.9722 0.6786 0.0029 0.0051
0 0.9814 0.685 0.0039 0.0051
0 0.9541 0.6658 0.0039 0.0051
0 0.9702 0.6972 0.0049 0.0064
0 0.9102 0.6761 0.0059 0.0077
0 0.1445 0.5749 0.0059 0.0077
0 0.1562 0.5743 0.0078 0.009
0 0.1577 0.5922 0.0068 0.0115
0 0.061 0.5211 0.0049 0.0102
0 0.1104 0.5403 0.0039 0.0077
0 0.1377 0.5435 0.0059 0.009
0 0.1553 0.5615 0.0059 0.009
0 0.0835 0.6421 0.0068 0.0115
