0 0.4224 0.0957 0.0088 0.0143
0 0.4214 0.1589 0.0088 0.013
0 0.417 0.1921 0.0059 0.0117
0 0.4399 0.1296 0.0088 0.0169
0 0.4541 0.1621 0.0078 0.0143
0 0.4932 0.1888 0.0078 0.0104
0 0.5259 0.1934 0.0088 0.0143
0 0.5479 0.2005 0.0078 0.013
0 0.5596 0.1361 0.0059 0.0117
0 0.5474 0.1022 0.0088 0.0143
0 0.5132 0.1035 0.0088 0.0143
0 0.4844 0.1048 0.0078 0.0117
0 0.5229 0.1354 0.0068 0.013
0 0.5771 0.151 0.0078 0.013
0 0.5957 0.1113 0.0078 0.0117
0 0.5615 0.084 0.0078 0.0143
0 0.5894 0.1706 0.0088 0.013
0 0.6689 0.0885 0.0078 0.0156
0 0.6567 0.2454 0.0088 0.0169
0 0.665 0.2728 0.0098 0.0169
0 0.6938 0.2806 0.0088 0.0169
0 0.1123 0.1868 0.0098 0.0143
0 0.0918 0.2643 0.0098 0.0182
0 0.0605 0.2676 0.0098 0.0169
0 0.0259 0.2526 0.0068 0.0156
0 0.0366 0.2708 0.0068 0.0156
0 0.1167 0.2578 0.0088 0.0182
0 0.1372 0.3464 0.0107 0.0234
0 0.0815 0.222 0.0107 0.0143
0 0.1514 0.1973 0.0098 0.0169
0 0.1338 0.2207 0.0078 0.0143
0 0.1685 0.1862 0.0068 0.0156
0 0.1904 0.196 0.0098 0.0169
0 0.1875 0.2233 0.0078 0.0169
0 0.2065 0.1654 0.0088 0.0156
0 0.2178 0.1439 0.0078 0.0143
0 0.2271 0.0853 0.0068 0.0143
0 0.23 0.2311 0.0088 0.0143
0 0.146 0.1341 0.0088 0.013
0 0.2725 0.1465 0.0078 0.0117
0 0.2939 0.1517 0.0078 0.0143
0 0.3032 0.1009 0.0068 0.0117
0 0.2427 0.1999 0.0068 0.0117
0 0.3447 0.0703 0.0078 0.013
0 0.3545 0.2695 0.0078 0.0156
0 0.4629 0.2975 0.0078 0.0143
0 0.4365 0.3014 0.0098 0.0169
0 0.3882 0.2806 0.0088 0.0143
0 0.3828 0.2318 0.0098 0.0156
0 0.3735 0.2786 0.0107 0.0156
0 0.4126 0.2376 0.0088 0.0143
0 0.4302 0.2572 0.0088 0.0143
0 0.4116 0.2878 0.0088 0.0156
0 0.3765 0.2064 0.0088 0.0143
0 0.3857 0.1888 0.0078 0.013
0 0.415 0.209 0.0078 0.0117
0 0.4434 0.2142 0.0078 0.0117
0 0.4512 0.2513 0.0078 0.013
0 0.4688 0.252 0.0078 0.0117
0 0.4922 0.2285 0.0078 0.0117
0 0.5137 0.2285 0.0078 0.0169
0 0.5181 0.2839 0.0088 0.013
0 0.5039 0.3001 0.0078 0.0143
0 0.5146 0.3138 0.0098 0.0156
0 0.4854 0.3086 0.0078 0.013
0 0.5376 0.319 0.0107 0.0156
0 0.5405 0.2871 0.0088 0.0169
0 0.5654 0.2891 0.0078 0.0156
0 0.5786 0.3197 0.0088 0.0143
0 0.6025 0.3281 0.0098 0.0156
0 0.5859 0.2936 0.0078 0.0169
0 0.6143 0.3001 0.0098 0.0169
0 0.6221 0.3275 0.0098 0.0169
0 0.645 0.3353 0.0088 0.0169
0 0.6021 0.2572 0.0088 0.0143
0 0.5791 0.2598 0.0059 0.0143
0 0.6211 0.2786 0.0078 0.0156
0 0.6353 0.3047 0.0088 0.0156
0 0.6416 0.276 0.0078 0.013
0 0.6235 0.2402 0.0088 0.0143
0 0.4468 0.0391 0.0068 0.013
0 0.4805 0.0365 0.0078 0.013
0 0.5049 0.0378 0.0059 0.013
0 0.5264 0.0443 0.0078 0.0104
0 0.5801 0.0501 0.0078 0.0117
0 0.6069 0.0404 0.0068 0.0156
0 0.6514 0.0514 0.0098 0.0143
0 0.6343 0.0462 0.0068 0.0091
0 0.6753 0.3138 0.0107 0.0182
0 0.6694 0.3398 0.0088 0.0208
0 0.7021 0.3451 0.0078 0.0156
0 0.7085 0.319 0.0088 0.0156
0 0.7227 0.3522 0.0078 0.0169
0 0.7451 0.375 0.0098 0.013
0 0.7456 0.3327 0.0088 0.0169
0 0.7739 0.3366 0.0088 0.0221
0 0.7603 0.2923 0.0088 0.0143
0 0.7266 0.2839 0.0117 0.0156
0 0.708 0.2461 0.0078 0.0156
0 0.7334 0.2526 0.0098 0.013
0 0.751 0.2168 0.0078 0.0143
0 0.73 0.2201 0.0088 0.013
0 0.7085 0.2083 0.0088 0.0156
0 0.6816 0.1667 0.0078 0.013
0 0.6401 0.207 0.0088 0.0156
0 0.7085 0.1504 0.0088 0.0143
0 0.7256 0.151 0.0059 0.013
0 0.7397 0.1849 0.0088 0.0156
0 0.7656 0.1934 0.0059 0.0143
0 0.7661 0.1693 0.0088 0.013
0 0.7559 0.1211 0.0078 0.0156
0 0.7603 0.0924 0.0088 0.0156
0 0.7339 0.1204 0.0088 0.0143
0 0.686 0.0521 0.0088 0.013
0 0.7134 0.0241 0.0088 0.0143
0 0.6353 0.4049 0.0127 0.0234
0 0.5972 0.4062 0.0127 0.0208
0 0.7461 0.1654 0.0078 0.013
0 0.7544 0.2663 0.0088 0.0143
0 0.7759 0.2969 0.0068 0.0156
0 0.7852 0.362 0.0117 0.0182
0 0.8101 0.3698 0.0107 0.0182
0 0.8457 0.375 0.0098 0.0182
0 0.8691 0.4342 0.0098 0.0143
0 0.7822 0.2539 0.0098 0.0156
0 0.7935 0.3079 0.0088 0.0169
0 0.8159 0.3053 0.0107 0.0169
0 0.8291 0.3424 0.0098 0.0156
0 0.8379 0.3542 0.0098 0.0182
0 0.8823 0.3561 0.0107 0.0195
0 0.917 0.3236 0.0098 0.0169
0 0.96 0.3451 0.0098 0.0234
0 0.9834 0.3835 0.0098 0.0247
0 0.9517 0.334 0.0088 0.0169
0 0.9824 0.3034 0.0117 0.0182
0 0.9595 0.2897 0.0107 0.0169
0 0.9097 0.2734 0.0107 0.0208
0 0.8701 0.2715 0.0098 0.0169
0 0.832 0.2917 0.0078 0.013
0 0.8042 0.2298 0.0107 0.0169
0 0.7783 0.222 0.0098 0.0169
0 0.7861 0.1927 0.0078 0.0156
0 0.8267 0.1302 0.0088 0.013
0 0.8022 0.1634 0.0068 0.0117
0 0.8467 0.1367 0.0098 0.0156
0 0.8726 0.1413 0.0088 0.0143
0 0.8462 0.2311 0.0088 0.0169
0 0.8315 0.2357 0.0068 0.013
0 0.8716 0.2077 0.0088 0.0143
0 0.8896 0.2038 0.0078 0.0143
0 0.875 0.2461 0.0078 0.0156
0 0.8911 0.2448 0.0107 0.0156
0 0.9238 0.1803 0.0098 0.0169
0 0.9248 0.2135 0.0098 0.013
0 0.9556 0.181 0.0068 0.013
0 0.9746 0.1803 0.0098 0.0169
0 0.9614 0.1159 0.0088 0.013
0 0.9561 0.1504 0.0078 0.0143
0 0.9395 0.0749 0.0078 0.0117
0 0.9634 0.0749 0.0068 0.0117
0 0.9839 0.0762 0.0127 0.0169
0 0.9082 0.0749 0.0078 0.0143
0 0.8765 0.0736 0.0088 0.0117
0 0.9922 0.1217 0.0098 0.0169
0 0.9829 0.1543 0.0088 0.0169
0 0.438 0.4082 0.0107 0.0221
0 0.5083 0.4342 0.0107 0.0247
0 0.6704 0.4271 0.0146 0.0156
0 0.084 0.1328 0.0078 0.0156
0 0.1509 0.0527 0.0068 0.0117
0 0.1802 0.0579 0.0068 0.0117
0 0.2075 0.0924 0.0068 0.013
0 0.1895 0.1393 0.0078 0.013
0 0.1074 0.7995 0.0176 0.0391
0 0.1621 0.8424 0.0195 0.0339
0 0.1787 0.8581 0.0156 0.0339
0 0.2886 0.9525 0.0166 0.0299
0 0.4302 0.9544 0.0146 0.0365
0 0.457 0.7858 0.0215 0.0352
0 0.623 0.86 0.0195 0.0378
0 0.748 0.931 0.0156 0.0391
0 0.0503 0.0176 0.0088 0.0143
0 0.0894 0.0091 0.0088 0.013
0 0.1118 0.0293 0.0088 0.0117
0 0.1143 0.0117 0.0078 0.013
0 0.1431 0.0078 0.0088 0.0104
0 0.1704 0.0358 0.0068 0.0117
0 0.1943 0.0111 0.0098 0.0117
0 0.2031 0.0312 0.0059 0.013
0 0.2085 0.0612 0.0068 0.013
0 0.1743 0.0866 0.0088 0.0143
0 0.1445 0.0892 0.0078 0.0117
0 0.0815 0.1921 0.0088 0.0143
0 0.1074 0.2188 0.0098 0.013
0 0.1636 0.2266 0.0088 0.0104
0 0.1582 0.14 0.0059 0.0117
0 0.145 0.11 0.0088 0.0143
0 0.1592 0.1107 0.0078 0.013
0 0.1763 0.1667 0.0088 0.0156
0 0.1836 0.1615 0.0078 0.0156
0 0.23 0.028 0.0088 0.0117
0 0.2344 0.0573 0.0078 0.013
0 0.2559 0.028 0.0078 0.0143
0 0.2827 0.0352 0.0068 0.013
0 0.3008 0.0306 0.0078 0.0143
0 0.3188 0.0215 0.0088 0.0169
0 0.2715 0.0065 0.0078 0.0104
0 0.2539 0.1777 0.0078 0.0117
0 0.2612 0.2174 0.0068 0.0104
0 0.0093 0.2669 0.0068 0.013
0 0.3311 0.2702 0.0078 0.0117
0 0.355 0.2337 0.0088 0.0143
0 0.3916 0.1589 0.0098 0.013
0 0.4629 0.2168 0.0078 0.0143
0 0.4946 0.2038 0.0068 0.0117
0 0.4766 0.1647 0.0078 0.0117
0 0.5024 0.1621 0.0068 0.0117
0 0.5522 0.1686 0.0068 0.0143
0 0.4219 0.2917 0.0078 0.0156
0 0.542 0.3639 0.0117 0.0143
0 0.3364 0.0326 0.0088 0.013
0 0.3516 0.0085 0.0078 0.0091
0 0.3613 0.0384 0.0078 0.0117
0 0.377 0.0117 0.0078 0.013
0 0.4575 0.0111 0.0088 0.0117
0 0.4888 0.0065 0.0088 0.013
0 0.5161 0.015 0.0088 0.0143
0 0.5381 0.0078 0.0098 0.013
0 0.5513 0.0443 0.0088 0.013
0 0.5664 0.0091 0.0078 0.013
0 0.5859 0.0195 0.0078 0.0104
0 0.6089 0.0182 0.0088 0.0156
0 0.6348 0.0202 0.0098 0.0169
0 0.6528 0.0215 0.0088 0.0143
0 0.6851 0.0208 0.0088 0.013
0 0.73 0.0234 0.0088 0.0156
0 0.7246 0.0573 0.0098 0.0156
0 0.6523 0.0885 0.0098 0.013
0 0.6157 0.0827 0.0088 0.0143
0 0.5742 0.1068 0.0078 0.013
0 0.7871 0.0579 0.0098 0.0169
0 0.7915 0.1035 0.0107 0.0169
0 0.7988 0.1087 0.0098 0.0143
0 0.8423 0.0072 0.0068 0.0091
0 0.8672 0.0059 0.0078 0.0091
0 0.8867 0.0091 0.0078 0.0104
0 0.8999 0.0078 0.0088 0.0104
0 0.9336 0.0117 0.0078 0.013
0 0.9585 0.015 0.0088 0.0117
0 0.8442 0.0833 0.0068 0.0104
0 0.8228 0.1667 0.0088 0.0104
0 0.8535 0.1686 0.0078 0.0117
0 0.8179 0.1953 0.0088 0.0156
0 0.9023 0.1888 0.0078 0.013
0 0.8345 0.0339 0.0068 0.0104
0 0.6509 0.3112 0.0088 0.013
0 0.7383 0.3529 0.0098 0.0156
0 0.8091 0.2728 0.0088 0.0143
0 0.9849 0.0202 0.0088 0.0117
0 0.9912 0.0495 0.0098 0.013
0 0.3315 0.5039 0.0146 0.0208
0 0.3491 0.9414 0.0205 0.0286
0 0.4385 0.8861 0.0176 0.0273
0 0.2637 0.6615 0.0137 0.026
0 0.8901 0.2852 0.0107 0.0156
0 0.9351 0.2168 0.0068 0.0117
0 0.7163 0.1966 0.0088 0.0104
0 0.6934 0.1999 0.0078 0.0091
0 0.6768 0.2467 0.0078 0.0169
0 0.6221 0.1094 0.0078 0.013
0 0.6465 0.1146 0.0078 0.013
0 0.5371 0.0807 0.0078 0.013
0 0.5039 0.0788 0.0078 0.0117
0 0.4683 0.0749 0.0068 0.0117
0 0.4316 0.0729 0.0078 0.0104
0 0.4521 0.0977 0.0078 0.013
0 0.5342 0.1595 0.0078 0.0143
0 0.4092 0.1237 0.0078 0.013
0 0.6084 0.1367 0.0078 0.013
0 0.1069 0.14 0.0068 0.0117
0 0.1123 0.1107 0.0078 0.013
0 0.0854 0.1094 0.0068 0.0104
0 0.1138 0.056 0.0068 0.013
0 0.0908 0.0625 0.0078 0.013
0 0.0898 0.0391 0.0078 0.013
0 0.2832 0.1191 0.0078 0.0143
0 0.2847 0.1719 0.0088 0.0156
0 0.2539 0.2331 0.0078 0.013
0 0.2856 0.2383 0.0068 0.0104
0 0.248 0.0033 0.0078 0.0091
0 0.1504 0.0319 0.0059 0.0117
0 0.1968 0.112 0.0068 0.013
0 0.231 0.1094 0.0068 0.013
0 0.2744 0.099 0.0078 0.013
0 0.2837 0.069 0.0068 0.013
0 0.3149 0.069 0.0088 0.013
0 0.3218 0.0964 0.0088 0.013
0 0.311 0.1276 0.0068 0.013
0 0.8281 0.0736 0.0078 0.0143
0 0.8184 0.0312 0.0059 0.0104
0 0.8521 0.0299 0.0068 0.0104
0 0.9375 0.0384 0.0078 0.0117
0 0.8428 0.1029 0.0078 0.013
0 0.9131 0.0404 0.0078 0.013
0 0.8149 0.0658 0.0068 0.0143
