0 0.9321 0.1724 0.0869 0.0895
0 0.5293 0.1137 0.1367 0.1168
0 0.0928 0.094 0.0898 0.0813
0 0.186 0.1873 0.0381 0.0317
0 0.7686 0.2356 0.0547 0.0419
0 0.7031 0.267 0.0195 0.0159
0 0.6704 0.2886 0.0244 0.021
0 0.1953 0.106 0.0234 0.0203
0 0.269 0.1267 0.0146 0.0133
0 0.3066 0.1441 0.0137 0.0102
0 0.4004 0.1514 0.0137 0.0108
0 0.3599 0.1349 0.0127 0.0133
0 0.3779 0.1273 0.0117 0.0108
0 0.3047 0.1206 0.0137 0.0102
0 0.2686 0.1044 0.0137 0.0121
0 0.3018 0.0946 0.0098 0.0089
0 0.1426 0.1483 0.0215 0.0146
0 0.2222 0.0784 0.0146 0.0108
0 0.7119 0.4584 0.0723 0.0571
0 0.9688 0.2086 0.0371 0.0337
0 0.6758 0.2095 0.0137 0.014
