0 0.7725 0.491 0.0527 0.0702
0 0.7256 0.4993 0.0527 0.051
0 0.5537 0.2741 0.0332 0.0661
0 0.4546 0.3092 0.0342 0.0592
0 0.4146 0.3347 0.0439 0.0744
0 0.0815 0.4112 0.0166 0.0317
0 0.146 0.5034 0.0342 0.0565
0 0.0425 0.407 0.0049 0.0096
0 0.0259 0.3939 0.0049 0.0083
0 0.0332 0.3926 0.0059 0.0083
0 0.0645 0.4105 0.0059 0.0083
0 0.0479 0.3843 0.0039 0.011
0 0.0962 0.365 0.0068 0.0138
0 0.0225 0.4112 0.0039 0.0096
0 0.0664 0.3733 0.0039 0.0083
0 0.0742 0.3733 0.0039 0.0083
0 0.1147 0.4105 0.0049 0.011
0 0.0586 0.3719 0.0059 0.0138
0 0.1138 0.427 0.0049 0.011
0 0.1294 0.4022 0.0049 0.011
0 0.1372 0.4056 0.0049 0.0096
0 0.1475 0.4311 0.0059 0.011
0 0.1455 0.3994 0.0059 0.011
0 0.1597 0.3994 0.0049 0.011
0 0.165 0.3994 0.0039 0.011
0 0.1699 0.3974 0.0039 0.0069
0 0.1812 0.3981 0.0049 0.0083
0 0.1992 0.4084 0.0039 0.0069
0 0.1855 0.3912 0.0039 0.0083
0 0.1743 0.3747 0.0049 0.0083
0 0.2769 0.3884 0.0049 0.011
0 0.3418 0.416 0.0039 0.0083
0 0.3457 0.3815 0.0039 0.0083
0 0.6323 0.3988 0.0049 0.0096
0 0.6445 0.3919 0.0039 0.0096
0 0.6357 0.3898 0.0039 0.0083
0 0.6802 0.3809 0.0049 0.0096
0 0.7021 0.3774 0.0059 0.011
0 0.7646 0.3871 0.0039 0.0083
0 0.7578 0.3843 0.0039 0.0083
0 0.7329 0.3829 0.0049 0.0083
0 0.793 0.3733 0.0039 0.0083
0 0.8638 0.4256 0.0049 0.011
0 0.8682 0.4091 0.0059 0.011
0 0.8862 0.4187 0.0049 0.0083
0 0.8877 0.405 0.0039 0.0083
0 0.9038 0.4015 0.0049 0.0096
0 0.9185 0.4201 0.0049 0.0083
0 0.9131 0.405 0.0039 0.0083
0 0.9233 0.4043 0.0049 0.0124
0 0.9287 0.4153 0.0059 0.0096
0 0.9097 0.4146 0.0049 0.0083
0 0.9395 0.3946 0.0039 0.0096
0 0.9409 0.416 0.0068 0.011
0 0.8979 0.4318 0.0068 0.0124
0 0.9365 0.4394 0.0059 0.011
0 0.9512 0.4194 0.0078 0.0124
0 0.9658 0.4222 0.0059 0.0124
0 0.9668 0.4449 0.0078 0.011
0 0.9839 0.4256 0.0068 0.011
0 0.9956 0.4222 0.0049 0.0096
0 0.9956 0.4594 0.0068 0.0152
0 0.9868 0.4125 0.0068 0.0124
