0 0.0801 0.0966 0.0176 0.0212
0 0.1084 0.1005 0.0293 0.019
0 0.1519 0.0705 0.0264 0.0254
0 0.1909 0.1301 0.0264 0.0275
0 0.1958 0.2207 0.0557 0.0564
0 0.3306 0.2137 0.1865 0.1791
0 0.4028 0.0596 0.0244 0.0219
0 0.4351 0.0832 0.0283 0.024
0 0.4155 0.1199 0.0303 0.024
0 0.5142 0.0236 0.0303 0.0162
0 0.5479 0.0945 0.0293 0.0226
0 0.5918 0.0726 0.0254 0.0282
0 0.6792 0.0857 0.0303 0.0261
0 0.6934 0.1573 0.041 0.0522
0 0.48 0.1685 0.0205 0.0324
0 0.8262 0.074 0.0273 0.0268
0 0.9292 0.0628 0.0322 0.031
0 0.811 0.1432 0.0342 0.0353
0 0.6787 0.0106 0.0293 0.0226
0 0.7817 0.0102 0.0244 0.0219
0 0.5918 0.2786 0.1914 0.158
0 0.8545 0.2489 0.0566 0.0494
0 0.1636 0.2077 0.0361 0.0331
