0 0.0728 0.1589 0.0088 0.0191
0 0.165 0.1345 0.0078 0.0156
0 0.2192 0.158 0.0088 0.0208
0 0.6431 0.1536 0.0088 0.0191
0 0.7446 0.1745 0.0088 0.0191
0 0.7905 0.1866 0.0088 0.0226
0 0.854 0.1962 0.0107 0.0278
0 0.9116 0.2014 0.0088 0.0243
0 0.9502 0.3976 0.0117 0.0312
0 0.1509 0.4227 0.0107 0.0295
0 0.3159 0.1597 0.0088 0.0208
0 0.4595 0.1589 0.0088 0.0191
0 0.1387 0.1198 0.0078 0.0174
0 0.1128 0.1241 0.0068 0.0156
0 0.0581 0.125 0.0088 0.0139
0 0.0356 0.1198 0.0107 0.0208
0 0.0435 0.0825 0.0088 0.0156
0 0.0161 0.0668 0.0088 0.0156
0 0.0259 0.0139 0.0068 0.0174
0 0.0513 0.0104 0.0088 0.0174
0 0.0718 0.0165 0.0088 0.0191
0 0.1001 0.0208 0.0088 0.0174
0 0.1274 0.0226 0.0088 0.0208
0 0.1475 0.066 0.0098 0.0208
0 0.0967 0.0677 0.0078 0.0174
0 0.124 0.059 0.0078 0.0208
0 0.1558 0.013 0.0088 0.0191
0 0.1826 0.0104 0.0078 0.0208
0 0.2075 0.013 0.0088 0.0156
0 0.23 0.0182 0.0088 0.0191
0 0.2495 0.0651 0.0088 0.0226
0 0.2412 0.1259 0.0078 0.0191
0 0.2144 0.1233 0.0068 0.0208
0 0.1914 0.1198 0.0078 0.0174
0 0.1992 0.0729 0.0078 0.0208
0 0.2231 0.0712 0.0088 0.0208
0 0.2559 0.0252 0.0098 0.0295
0 0.083 0.1198 0.0098 0.0174
0 0.3384 0.1181 0.0088 0.0174
0 0.3711 0.1285 0.0078 0.0174
0 0.3721 0.0712 0.0078 0.0174
0 0.3979 0.112 0.0088 0.0226
0 0.3999 0.0686 0.0088 0.0156
0 0.4194 0.0642 0.0068 0.0139
0 0.4253 0.1146 0.0088 0.0174
0 0.4497 0.1094 0.0068 0.0174
0 0.4507 0.0703 0.0068 0.0156
0 0.4761 0.1241 0.0088 0.0191
0 0.5308 0.1207 0.0088 0.0191
0 0.5312 0.0625 0.0078 0.0174
0 0.5518 0.0703 0.0078 0.0191
0 0.5576 0.125 0.0078 0.0174
0 0.5 0.0599 0.0078 0.0156
0 0.5044 0.0156 0.0068 0.0174
0 0.5264 0.0174 0.0078 0.0174
0 0.5537 0.0104 0.0078 0.0174
0 0.4805 0.0139 0.0098 0.0208
0 0.4746 0.0634 0.0078 0.0156
0 0.4482 0.02 0.0078 0.0191
0 0.4258 0.0174 0.0078 0.0139
0 0.4004 0.0113 0.0078 0.0122
0 0.373 0.0148 0.0078 0.0156
0 0.3545 0.02 0.0098 0.0191
0 0.0625 0.0781 0.0078 0.0208
0 0.5737 0.0165 0.0088 0.0156
0 0.5835 0.0625 0.0068 0.0139
0 0.6069 0.0703 0.0068 0.0156
0 0.603 0.0234 0.0068 0.0122
0 0.6245 0.0156 0.0068 0.0174
0 0.6323 0.059 0.0088 0.0174
0 0.6104 0.1155 0.0078 0.0156
0 0.5815 0.1215 0.0088 0.0208
0 0.6362 0.1102 0.0088 0.0191
0 0.6201 0.105 0.0078 0.0156
0 0.6582 0.0564 0.0078 0.0191
0 0.6836 0.0781 0.0078 0.0174
0 0.6899 0.1241 0.0068 0.0156
0 0.71 0.0694 0.0059 0.0139
0 0.6792 0.0113 0.0107 0.0226
0 0.6543 0.0122 0.0098 0.0208
0 0.7036 0.0174 0.0088 0.0174
0 0.7295 0.0095 0.0098 0.0156
0 0.7358 0.0616 0.0088 0.0191
0 0.7183 0.1137 0.0088 0.0156
0 0.7427 0.1155 0.0068 0.0191
0 0.7515 0.0122 0.0088 0.0139
0 0.7793 0.0174 0.0098 0.0174
0 0.7617 0.0564 0.0078 0.0156
0 0.7837 0.0634 0.0068 0.0122
0 0.8042 0.0182 0.0068 0.0156
0 0.8081 0.0642 0.0068 0.0139
0 0.8369 0.0608 0.0078 0.0174
0 0.855 0.0122 0.0068 0.0139
0 0.8779 0.0148 0.0059 0.0156
0 0.8916 0.0599 0.0078 0.0191
0 0.8652 0.0564 0.0078 0.0156
0 0.8472 0.1076 0.0088 0.0174
0 0.877 0.1111 0.0098 0.0208
0 0.8979 0.1267 0.0068 0.0174
0 0.9175 0.1536 0.0088 0.0226
0 0.8862 0.1658 0.0088 0.0191
0 0.8618 0.1615 0.0088 0.0243
0 0.8286 0.1589 0.0088 0.0191
0 0.8228 0.1267 0.0068 0.0174
0 0.7944 0.112 0.0088 0.0156
0 0.7656 0.1276 0.0098 0.0156
0 0.9526 0.1675 0.0068 0.0156
0 0.9741 0.191 0.0107 0.0243
0 0.9731 0.1589 0.0068 0.0156
