0 0.5596 0.1572 0.0664 0.0732
0 0.4082 0.3262 0.0859 0.0766
0 0.7725 0.4211 0.0508 0.04
0 0.1089 0.3723 0.0068 0.0061
0 0.0947 0.3723 0.0059 0.0075
0 0.1182 0.3784 0.0039 0.0061
0 0.0859 0.3611 0.0039 0.0054
0 0.0664 0.3801 0.0059 0.0054
0 0.0435 0.3564 0.0049 0.0054
0 0.0273 0.3526 0.0059 0.0061
0 0.0371 0.3791 0.0039 0.0047
0 0.0498 0.3818 0.0039 0.0047
0 0.0186 0.3787 0.0059 0.0054
0 0.0088 0.3703 0.0059 0.0061
0 0.0151 0.3906 0.0068 0.0061
0 0.0278 0.3906 0.0068 0.0061
0 0.0498 0.3963 0.0059 0.0054
0 0.0654 0.3991 0.0059 0.0068
0 0.0107 0.4051 0.0078 0.0068
0 0.0122 0.4177 0.0068 0.0047
0 0.0308 0.4221 0.0068 0.0068
0 0.0259 0.4102 0.0068 0.0075
0 0.0225 0.3997 0.0059 0.0068
0 0.0322 0.4018 0.0039 0.0054
0 0.0493 0.4055 0.0068 0.0075
0 0.041 0.4123 0.0059 0.0047
0 0.0518 0.4163 0.0059 0.0061
0 0.0498 0.4248 0.0078 0.0068
0 0.0708 0.4092 0.0068 0.0068
0 0.0723 0.3974 0.0039 0.0047
0 0.0801 0.3997 0.0039 0.0054
0 0.0952 0.4089 0.0049 0.0061
0 0.0869 0.4167 0.0039 0.0068
0 0.0811 0.4245 0.0059 0.0047
0 0.0786 0.4173 0.0049 0.0068
0 0.1113 0.4045 0.0059 0.0068
0 0.1372 0.396 0.0049 0.0047
0 0.1611 0.4089 0.0059 0.0061
0 0.1309 0.4167 0.0059 0.0054
0 0.1084 0.4116 0.0059 0.0047
0 0.0776 0.4082 0.0049 0.0047
0 0.104 0.4184 0.0049 0.0047
0 0.1201 0.415 0.0039 0.0047
0 0.1475 0.4275 0.0059 0.0054
0 0.1377 0.4272 0.0059 0.0047
0 0.127 0.4248 0.0059 0.0054
0 0.124 0.435 0.0059 0.0054
0 0.1338 0.4377 0.0059 0.0054
0 0.1484 0.4404 0.0059 0.0054
0 0.1597 0.4451 0.0068 0.0054
0 0.1113 0.4319 0.0059 0.0061
0 0.0879 0.4312 0.0059 0.0061
0 0.103 0.439 0.0068 0.0068
0 0.0703 0.4329 0.0059 0.0068
0 0.0718 0.4428 0.0068 0.0075
0 0.0801 0.376 0.0059 0.0054
0 0.0864 0.4428 0.0068 0.0075
0 0.0513 0.4343 0.0068 0.0068
0 0.0654 0.4394 0.0059 0.0061
0 0.0776 0.4505 0.0068 0.0068
0 0.1011 0.4472 0.0049 0.0068
0 0.1206 0.4502 0.0049 0.0061
0 0.0942 0.4533 0.0068 0.0068
0 0.1108 0.4661 0.0068 0.0068
0 0.1201 0.4688 0.0059 0.0068
0 0.0659 0.4627 0.0068 0.0068
0 0.0176 0.4549 0.0078 0.0088
0 0.0063 0.4658 0.0088 0.0088
0 0.0283 0.4699 0.0098 0.0088
0 0.0562 0.477 0.0088 0.0081
0 0.0767 0.4824 0.0088 0.0081
0 0.0938 0.4831 0.0078 0.0081
0 0.0996 0.497 0.0078 0.0075
0 0.1191 0.5024 0.0059 0.0075
0 0.0742 0.4959 0.0059 0.0068
0 0.0928 0.5081 0.0098 0.0095
0 0.1011 0.5095 0.0068 0.0081
0 0.0654 0.498 0.0098 0.0095
0 0.0518 0.4986 0.0098 0.0081
0 0.0435 0.4827 0.0068 0.0061
0 0.0322 0.4844 0.0078 0.0095
0 0.0083 0.4807 0.0088 0.0061
0 0.0044 0.4895 0.0068 0.0102
0 0.0288 0.497 0.0107 0.0088
0 0.0259 0.5054 0.0107 0.0095
0 0.0391 0.5102 0.0098 0.0095
0 0.064 0.5142 0.0107 0.0081
0 0.0444 0.4905 0.0088 0.0068
0 0.084 0.5203 0.0098 0.0095
0 0.0996 0.5227 0.0098 0.0088
0 0.1299 0.5227 0.0098 0.0088
0 0.1406 0.5136 0.0078 0.0081
0 0.0879 0.5393 0.0098 0.0068
0 0.0889 0.5457 0.0098 0.0075
0 0.0859 0.5522 0.0078 0.0081
0 0.0752 0.5556 0.0117 0.0095
0 0.062 0.5362 0.0107 0.0102
0 0.0566 0.5484 0.0117 0.0075
0 0.0542 0.562 0.0127 0.0129
0 0.0708 0.5705 0.0127 0.0108
0 0.0513 0.5837 0.0127 0.0129
0 0.0361 0.5376 0.0098 0.0075
0 0.105 0.5386 0.0088 0.0081
0 0.0347 0.5451 0.0088 0.0075
0 0.0269 0.5464 0.0068 0.0075
0 0.0117 0.54 0.0117 0.0108
0 0.0244 0.5457 0.0078 0.0061
0 0.0083 0.5525 0.0107 0.0102
0 0.0293 0.5576 0.0117 0.0122
0 0.0156 0.5525 0.0078 0.0088
0 0.0186 0.5745 0.0137 0.0108
0 0.0151 0.5864 0.0146 0.0115
0 0.0288 0.5833 0.0127 0.0122
0 0.0415 0.6023 0.0127 0.0122
0 0.0977 0.6047 0.0137 0.0129
0 0.0308 0.6162 0.0146 0.0142
0 0.0308 0.6426 0.0166 0.0156
0 0.0605 0.6145 0.0156 0.0136
0 0.1299 0.3811 0.0059 0.0061
0 0.1738 0.4021 0.0039 0.0061
0 0.1895 0.4106 0.0059 0.0054
0 0.2051 0.414 0.0039 0.0054
0 0.2178 0.417 0.0059 0.0061
0 0.2275 0.4228 0.0059 0.0081
0 0.1992 0.4505 0.0059 0.0054
0 0.2705 0.4495 0.0059 0.0047
0 0.2773 0.4407 0.0039 0.0047
0 0.2651 0.436 0.0049 0.0061
0 0.2563 0.4431 0.0068 0.0054
0 0.251 0.4482 0.0059 0.0061
0 0.2412 0.4512 0.0059 0.0054
0 0.2075 0.4597 0.0049 0.0061
0 0.2144 0.4634 0.0049 0.0054
0 0.1777 0.4492 0.0078 0.0081
0 0.1558 0.4566 0.0068 0.0054
0 0.1694 0.4617 0.0049 0.0047
0 0.1567 0.4661 0.0088 0.0081
0 0.2393 0.4749 0.0059 0.0068
0 0.2231 0.4719 0.0068 0.0061
0 0.1655 0.4671 0.0049 0.0061
0 0.1362 0.4543 0.0049 0.0047
0 0.1309 0.4597 0.0059 0.0061
0 0.1558 0.4746 0.0068 0.0075
0 0.1758 0.479 0.0078 0.0068
0 0.2021 0.4753 0.0059 0.0061
0 0.2104 0.4942 0.0068 0.0075
0 0.2275 0.4885 0.0059 0.0068
0 0.1626 0.4858 0.0068 0.0081
0 0.1333 0.4824 0.0068 0.0068
0 0.1372 0.4925 0.0068 0.0068
0 0.2319 0.518 0.0068 0.0061
0 0.2236 0.5122 0.0059 0.0068
0 0.2158 0.5075 0.0078 0.0068
0 0.2139 0.5149 0.0078 0.0081
0 0.2227 0.5285 0.0078 0.0081
0 0.2036 0.5257 0.0068 0.0081
0 0.1987 0.5342 0.0088 0.0061
0 0.1797 0.5098 0.0371 0.0373
0 0.1484 0.5271 0.0117 0.0095
0 0.312 0.4726 0.0049 0.0047
0 0.2993 0.4722 0.0049 0.0054
0 0.3135 0.48 0.0059 0.0047
0 0.3037 0.479 0.0059 0.0054
0 0.3003 0.4831 0.0068 0.0068
0 0.2866 0.4807 0.0068 0.0061
0 0.2749 0.4834 0.0068 0.0075
0 0.3042 0.4929 0.0068 0.0061
0 0.2886 0.4919 0.0068 0.0068
0 0.2954 0.5014 0.0068 0.0068
0 0.3159 0.498 0.0088 0.0068
0 0.3096 0.5068 0.0078 0.0068
0 0.2437 0.4963 0.0068 0.0061
0 0.2241 0.5 0.0068 0.0068
0 0.2505 0.5129 0.0068 0.0081
0 0.2598 0.5159 0.0059 0.0075
0 0.271 0.5244 0.0088 0.0081
0 0.2915 0.5305 0.0088 0.0081
0 0.2715 0.5356 0.0078 0.0088
0 0.248 0.5318 0.0098 0.0081
0 0.3125 0.4858 0.0059 0.0054
0 0.3286 0.5139 0.0068 0.0075
0 0.2837 0.5393 0.0107 0.0095
0 0.2876 0.5491 0.0068 0.0088
0 0.2485 0.5654 0.0107 0.0088
0 0.2354 0.5847 0.0098 0.0108
0 0.2456 0.5867 0.0088 0.0108
0 0.2549 0.5864 0.0078 0.0075
0 0.2559 0.5952 0.0078 0.0075
0 0.2417 0.5789 0.0068 0.0075
0 0.2358 0.6094 0.0107 0.0102
0 0.209 0.6335 0.0098 0.0122
0 0.2295 0.6372 0.0098 0.0115
0 0.2461 0.6352 0.0117 0.0102
0 0.231 0.6589 0.0146 0.0129
0 0.1836 0.6541 0.0117 0.0115
0 0.3301 0.4912 0.0059 0.0068
0 0.25 0.4925 0.0059 0.0068
0 0.584 0.5566 0.0039 0.0061
0 0.5742 0.5664 0.0039 0.0054
0 0.6079 0.5722 0.0049 0.0047
0 0.5898 0.5661 0.0059 0.0061
0 0.6221 0.5644 0.0039 0.0041
0 0.6255 0.5711 0.0049 0.0041
0 0.6201 0.5796 0.0059 0.0061
0 0.6309 0.5823 0.0039 0.0047
0 0.6255 0.5491 0.0049 0.0047
0 0.6323 0.5566 0.0068 0.0061
0 0.6528 0.5667 0.0049 0.0047
0 0.5703 0.5854 0.0059 0.0068
0 0.6079 0.5813 0.0049 0.0054
0 0.5615 0.5965 0.0059 0.0075
0 0.5586 0.6054 0.0059 0.0061
0 0.5474 0.6108 0.0068 0.0075
0 0.4727 0.6243 0.0078 0.0075
0 0.5688 0.6206 0.0068 0.0068
0 0.5635 0.6264 0.0059 0.0075
0 0.5552 0.6284 0.0068 0.0075
0 0.5488 0.6182 0.0059 0.0061
0 0.625 0.6064 0.0059 0.0068
0 0.6167 0.6043 0.0068 0.0054
0 0.605 0.6023 0.0049 0.0054
0 0.5874 0.5928 0.0049 0.0054
0 0.6187 0.6203 0.0049 0.0047
0 0.6338 0.626 0.0059 0.0054
0 0.6123 0.6274 0.0059 0.0068
0 0.625 0.6311 0.0059 0.0061
0 0.6313 0.6331 0.0049 0.0047
0 0.48 0.6382 0.0107 0.0095
0 0.5728 0.6006 0.0068 0.0061
0 0.5708 0.6585 0.0088 0.0108
0 0.5718 0.6839 0.0107 0.0115
0 0.5581 0.6863 0.0107 0.0081
0 0.5513 0.6782 0.0107 0.0108
0 0.6348 0.6406 0.0059 0.0075
0 0.6235 0.6375 0.0088 0.0068
0 0.5908 0.6413 0.0078 0.0088
0 0.5806 0.6406 0.0088 0.0075
0 0.5679 0.6396 0.0068 0.0068
0 0.6099 0.6545 0.0049 0.0068
0 0.5986 0.6551 0.0059 0.0068
0 0.6138 0.686 0.0088 0.0075
0 0.6182 0.6555 0.0059 0.0075
0 0.6445 0.5725 0.0039 0.0054
0 0.8481 0.6287 0.0049 0.0054
0 0.8486 0.6175 0.0039 0.0047
0 0.8091 0.6142 0.0049 0.0047
0 0.8208 0.606 0.0029 0.0047
0 0.8403 0.6054 0.0049 0.0047
0 0.8057 0.6043 0.0039 0.0054
0 0.9863 0.6314 0.0039 0.0054
0 0.9678 0.6304 0.0039 0.0047
0 0.978 0.6223 0.0049 0.0047
0 0.9839 0.6128 0.0049 0.0061
0 0.9585 0.6128 0.0029 0.0034
0 0.9448 0.6135 0.0049 0.0034
0 0.9258 0.6145 0.0039 0.0027
0 0.8677 0.6159 0.0088 0.0081
0 0.9077 0.6084 0.0049 0.0041
0 0.708 0.6748 0.0078 0.0081
0 0.6987 0.6955 0.0088 0.0088
0 0.7095 0.6972 0.0068 0.0081
0 0.8022 0.6982 0.0068 0.0061
0 0.8042 0.6795 0.0068 0.0068
0 0.814 0.6806 0.0068 0.0061
0 0.8213 0.6768 0.0059 0.0054
0 0.8315 0.6741 0.0068 0.0054
0 0.8325 0.667 0.0049 0.0047
0 0.8262 0.6697 0.0039 0.0034
0 0.8003 0.6728 0.0049 0.0041
0 0.812 0.6663 0.0049 0.0061
0 0.8091 0.6575 0.0049 0.0047
0 0.8027 0.6599 0.0039 0.0041
0 0.7969 0.6663 0.0059 0.0047
0 0.8062 0.669 0.0029 0.0047
0 0.8394 0.6673 0.0049 0.0054
0 0.8462 0.6724 0.0049 0.0047
0 0.8354 0.6826 0.0068 0.0061
0 0.8433 0.6829 0.0049 0.0068
0 0.8511 0.6887 0.0049 0.0047
0 0.8579 0.6846 0.0049 0.0047
0 0.8452 0.6785 0.0049 0.0047
0 0.8662 0.6799 0.0039 0.0047
0 0.8638 0.7019 0.0088 0.0081
0 0.8774 0.6863 0.0068 0.0068
0 0.9438 0.7019 0.0068 0.0081
0 0.9448 0.7212 0.0068 0.0075
0 0.9565 0.7226 0.0068 0.0075
0 0.9146 0.7066 0.0068 0.0068
0 0.9927 0.6877 0.0049 0.0068
0 0.9849 0.6928 0.0068 0.0061
0 0.9966 0.707 0.0049 0.0075
0 0.9692 0.706 0.0088 0.0081
0 0.9648 0.69 0.0078 0.0061
0 0.9146 0.6863 0.0049 0.0081
0 0.9854 0.7243 0.0059 0.0081
0 0.9951 0.7243 0.0059 0.0068
0 0.9077 0.7222 0.0068 0.0068
0 0.9185 0.7239 0.0088 0.0088
0 0.9692 0.7283 0.0068 0.0081
0 0.9028 0.6856 0.0068 0.0068
0 0.8877 0.6795 0.0039 0.0054
0 0.8613 0.6836 0.0039 0.0054
0 0.1938 0.4607 0.0088 0.0081
0 0.1885 0.482 0.0059 0.0047
0 0.209 0.4848 0.0059 0.0047
0 0.1978 0.4834 0.0088 0.0088
