0 0.0405 0.9358 0.0479 0.1076
0 0.0942 0.8012 0.0283 0.0642
0 0.1899 0.7969 0.0283 0.0729
0 0.7446 0.7882 0.0322 0.066
0 0.6294 0.8255 0.0303 0.0816
0 0.7124 0.7153 0.0186 0.0382
0 0.7471 0.6424 0.0137 0.0312
0 0.6782 0.4983 0.0127 0.0278
0 0.8062 0.6345 0.0146 0.033
0 0.8267 0.7248 0.0186 0.0399
0 0.7808 0.75 0.0186 0.0382
0 0.0259 0.4913 0.0127 0.0312
0 0.0698 0.5069 0.0127 0.0278
0 0.1641 0.4922 0.0098 0.026
0 0.2861 0.4931 0.0098 0.0243
0 0.1685 0.5434 0.0127 0.0278
0 0.0947 0.6328 0.0273 0.0503
0 0.2432 0.4913 0.0117 0.0208
0 0.5376 0.559 0.0127 0.0278
0 0.7622 0.4991 0.0107 0.026
0 0.7773 0.5469 0.0137 0.0312
0 0.4946 0.7509 0.0557 0.1198
0 0.2344 0.9774 0.0371 0.0417
0 0.687 0.9557 0.0342 0.0781
0 0.0278 0.513 0.0322 0.0677
0 0.8154 0.9661 0.0352 0.0642
0 0.6558 0.7318 0.0166 0.033
0 0.3584 0.9592 0.0391 0.0781
0 0.3354 0.855 0.0283 0.0608
0 0.3921 0.829 0.0244 0.0642
0 0.4424 0.776 0.0215 0.0556
0 0.5566 0.7656 0.0156 0.0417
0 0.4917 0.5677 0.0127 0.0243
0 0.9668 0.9783 0.0449 0.0399
0 0.7036 0.4852 0.0107 0.026
0 0.7212 0.4931 0.0127 0.0278
0 0.7402 0.4705 0.0098 0.0243
0 0.1299 0.5 0.0098 0.0243
0 0.4438 0.4913 0.0127 0.0278
0 0.3857 0.4922 0.0098 0.026
0 0.8359 0.4818 0.0078 0.0191
0 0.8687 0.4896 0.0088 0.0208
0 0.3545 0.4792 0.0078 0.0243
0 0.3281 0.4991 0.0117 0.026
0 0.5796 0.4852 0.0127 0.026
0 0.6919 0.4766 0.0088 0.0226
0 0.6538 0.4748 0.0088 0.0191
0 0.728 0.4679 0.0088 0.0226
0 0.9849 0.4861 0.0107 0.0278
0 0.8525 0.4661 0.0078 0.0156
0 0.8672 0.4514 0.0059 0.0139
0 0.9702 0.4661 0.0068 0.0191
0 0.5229 0.3134 0.1865 0.3906
0 0.937 0.8394 0.042 0.0816
0 0.8149 0.8524 0.042 0.0764
0 0.8447 0.6623 0.0234 0.0677
0 0.6846 0.6068 0.0312 0.0677
0 0.6934 0.8229 0.041 0.0833
0 0.3496 0.783 0.0371 0.0868
0 0.2842 0.8238 0.0352 0.092
0 0.3115 0.6797 0.0254 0.0747
0 0.2886 0.6424 0.0205 0.0556
0 0.229 0.6337 0.0303 0.0625
0 0.2588 0.6233 0.0176 0.0521
0 0.0557 0.6545 0.0254 0.059
0 0.0903 0.7057 0.0283 0.0677
0 0.1729 0.921 0.0371 0.0955
0 0.0259 0.796 0.0146 0.0677
0 0.0298 0.4444 0.0088 0.0278
0 0.1289 0.4644 0.0078 0.0191
0 0.0869 0.4627 0.0078 0.0191
0 0.1416 0.4714 0.0078 0.0191
