0 0.4868 0.28 0.0771 0.0575
0 0.6138 0.3924 0.0596 0.0567
0 0.1128 0.8467 0.0342 0.0368
0 0.2456 0.8994 0.0264 0.0302
0 0.1665 0.8043 0.0283 0.0317
0 0.3677 0.8301 0.0322 0.0302
0 0.4917 0.8331 0.0303 0.0317
0 0.4717 0.8077 0.0312 0.0324
0 0.5469 0.8968 0.0312 0.031
0 0.0552 0.7981 0.0283 0.0295
0 0.6772 0.8943 0.0303 0.0332
0 0.8711 0.9038 0.0293 0.0302
0 0.9829 0.846 0.0244 0.0324
0 0.7056 0.8394 0.0283 0.028
0 0.6768 0.8106 0.0273 0.028
0 0.104 0.906 0.0322 0.0273
0 0.3335 0.7845 0.0225 0.0243
0 0.022 0.7664 0.0146 0.028
0 0.1953 0.7506 0.0215 0.0243
0 0.21 0.7089 0.0215 0.0221
0 0.165 0.678 0.0215 0.0206
0 0.1323 0.7008 0.0205 0.0236
0 0.0869 0.6669 0.0215 0.0221
0 0.2788 0.7189 0.0186 0.0214
0 0.2627 0.7561 0.0195 0.0206
0 0.3979 0.7557 0.0225 0.0184
0 0.1909 0.6478 0.0166 0.0177
0 0.2363 0.647 0.0176 0.0192
0 0.2495 0.6787 0.0186 0.0192
0 0.1177 0.6444 0.0166 0.0184
0 0.1216 0.6153 0.0205 0.0221
0 0.3008 0.6566 0.0195 0.0206
0 0.1948 0.6231 0.0205 0.0214
0 0.0454 0.6153 0.0205 0.0177
0 0.5479 0.7752 0.0215 0.0265
0 0.6279 0.7944 0.0195 0.0206
0 0.6567 0.7996 0.0205 0.0265
0 0.5449 0.72 0.0195 0.0251
0 0.7437 0.8235 0.0225 0.0228
0 0.7344 0.7981 0.0234 0.0251
0 0.7627 0.7955 0.0234 0.0228
0 0.6851 0.7885 0.0244 0.0251
0 0.6909 0.7612 0.0225 0.0192
0 0.834 0.731 0.0195 0.0206
0 0.8965 0.7605 0.0254 0.0236
0 0.9424 0.8117 0.0234 0.0243
0 0.8999 0.6982 0.0166 0.0169
0 0.7651 0.7008 0.0186 0.0192
0 0.9521 0.7015 0.0176 0.0192
0 0.875 0.7413 0.0195 0.0162
0 0.3062 0.6968 0.0166 0.0155
0 0.4058 0.7167 0.0205 0.0184
0 0.3096 0.6326 0.0156 0.0184
0 0.3984 0.8021 0.0273 0.0258
0 0.7651 0.6691 0.0205 0.0177
0 0.9722 0.7351 0.0186 0.0169
0 0.8223 0.6415 0.0195 0.0169
0 0.9468 0.6525 0.0166 0.0184
0 0.9668 0.6746 0.0156 0.0155
0 0.8335 0.7071 0.0186 0.0169
