0 0.3809 0.4523 0.0195 0.0503
0 0.3662 0.4036 0.0078 0.0191
0 0.6387 0.4349 0.0098 0.0295
0 0.6299 0.428 0.0098 0.0295
0 0.7344 0.4106 0.0098 0.0226
0 0.897 0.4427 0.0127 0.0347
0 0.9497 0.5139 0.0088 0.0243
0 0.9888 0.4714 0.0068 0.0191
0 0.353 0.4583 0.0088 0.0208
0 0.4536 0.4297 0.0068 0.0156
0 0.4941 0.4288 0.0059 0.0139
0 0.416 0.4323 0.0059 0.0174
0 0.1455 0.4288 0.0078 0.0208
0 0.9507 0.4644 0.0068 0.0156
0 0.9688 0.4609 0.0078 0.0191
0 0.0391 0.4774 0.0078 0.0174
0 0.082 0.4783 0.0059 0.0156
0 0.8398 0.4236 0.0078 0.0174
0 0.8101 0.434 0.0049 0.0139
0 0.792 0.4193 0.0078 0.0191
0 0.9087 0.4175 0.0068 0.0156
0 0.9448 0.4288 0.0068 0.0139
0 0.9229 0.4106 0.0078 0.0156
0 0.8179 0.4618 0.0068 0.0139
0 0.7471 0.4201 0.0059 0.0139
0 0.7271 0.4158 0.0068 0.0156
0 0.7183 0.4227 0.0068 0.0122
0 0.96 0.3976 0.0059 0.0139
0 0.9492 0.3733 0.0059 0.0139
0 0.938 0.3845 0.0049 0.0122
0 0.9077 0.3472 0.0049 0.0104
0 0.8701 0.4297 0.0059 0.0122
0 0.8735 0.3646 0.0049 0.0139
0 0.8818 0.3498 0.0059 0.0122
0 0.856 0.4036 0.0049 0.0122
0 0.8486 0.3785 0.0059 0.0139
0 0.7646 0.4158 0.0059 0.0156
0 0.5547 0.4696 0.0059 0.0156
0 0.5791 0.4757 0.0059 0.0104
0 0.5352 0.4609 0.0059 0.0156
0 0.2412 0.2778 0.0156 0.059
