0 0.3462 0.1763 0.0322 0.0453
0 0.4209 0.2414 0.0312 0.0521
0 0.6182 0.2654 0.0352 0.0809
0 0.5923 0.4026 0.0303 0.0425
0 0.769 0.4033 0.0244 0.0412
0 0.0117 0.4733 0.0234 0.0466
0 0.0435 0.7503 0.0088 0.0137
0 0.0103 0.8429 0.0068 0.0151
0 0.001 0.8402 0.0039 0.0151
0 0.0474 0.8395 0.0049 0.011
0 0.0522 0.8484 0.0049 0.0096
0 0.0605 0.8272 0.0039 0.0055
0 0.0557 0.8182 0.0039 0.0069
0 0.063 0.8052 0.0029 0.0082
0 0.0659 0.8505 0.0049 0.0082
0 0.0713 0.8621 0.0039 0.0069
0 0.0859 0.845 0.0059 0.011
0 0.0991 0.869 0.0049 0.0123
0 0.1274 0.8676 0.0049 0.0096
0 0.1294 0.8464 0.0049 0.011
0 0.1143 0.8436 0.0059 0.011
0 0.105 0.8422 0.0049 0.0082
0 0.147 0.8477 0.0049 0.0082
0 0.1641 0.8642 0.0039 0.0082
0 0.1729 0.8532 0.0039 0.0082
0 0.2158 0.8457 0.0039 0.0069
0 0.2334 0.8464 0.0039 0.0082
0 0.2412 0.8409 0.0039 0.011
0 0.2612 0.8498 0.0049 0.0096
0 0.2559 0.8464 0.0039 0.011
0 0.2705 0.8505 0.0059 0.011
0 0.2817 0.8567 0.0049 0.0096
0 0.2881 0.8491 0.0059 0.011
0 0.3115 0.8484 0.0059 0.0096
0 0.3022 0.8491 0.0049 0.0082
0 0.2949 0.8512 0.0039 0.0096
0 0.3921 0.8457 0.0049 0.0123
0 0.4009 0.8416 0.0049 0.0123
0 0.4224 0.845 0.0049 0.011
0 0.437 0.8299 0.0049 0.0082
0 0.4468 0.8429 0.0068 0.0123
0 0.4517 0.8388 0.0049 0.0123
0 0.4634 0.8422 0.0068 0.0137
0 0.4688 0.8333 0.0039 0.0096
0 0.4268 0.8203 0.0059 0.011
0 0.4761 0.834 0.0068 0.011
0 0.4849 0.8347 0.0049 0.0096
0 0.4976 0.8443 0.0049 0.0151
0 0.5552 0.8326 0.0068 0.011
0 0.5732 0.8292 0.0059 0.0123
0 0.584 0.8306 0.0078 0.0151
0 0.6084 0.8265 0.0078 0.0151
0 0.6392 0.8244 0.0068 0.0137
0 0.6357 0.8073 0.0039 0.0096
0 0.584 0.8134 0.0039 0.011
0 0.749 0.7723 0.0059 0.011
0 0.751 0.7654 0.0059 0.011
0 0.7354 0.7654 0.0039 0.011
0 0.7383 0.7771 0.0059 0.0096
0 0.7227 0.8134 0.0078 0.0137
0 0.748 0.8093 0.0078 0.0137
0 0.7432 0.8292 0.0078 0.0123
0 0.7612 0.8148 0.0088 0.0137
0 0.7534 0.799 0.0068 0.0123
0 0.7754 0.8032 0.0078 0.0178
0 0.7861 0.8128 0.0078 0.0178
0 0.8037 0.8141 0.0078 0.0151
0 0.7969 0.8121 0.0059 0.0137
0 0.7695 0.823 0.0059 0.0137
0 0.7578 0.845 0.0078 0.0137
0 0.7588 0.7517 0.0059 0.011
0 0.7583 0.7641 0.0029 0.0055
0 0.7407 0.7428 0.0049 0.0096
0 0.7495 0.7442 0.0029 0.0069
0 0.7192 0.7997 0.0049 0.0082
0 0.7231 0.7798 0.0049 0.0069
0 0.8623 0.725 0.0078 0.0151
0 0.8896 0.7263 0.0137 0.0233
0 0.8696 0.8059 0.0088 0.0178
0 0.9219 0.7174 0.0059 0.011
0 0.9453 0.7497 0.0039 0.0096
0 0.9473 0.7353 0.0039 0.0137
0 0.9253 0.751 0.0068 0.0123
0 0.9023 0.7373 0.0059 0.0123
0 0.9082 0.7325 0.0059 0.011
0 0.9346 0.7901 0.0098 0.0219
0 0.9214 0.8189 0.0088 0.0165
0 0.9492 0.7977 0.0137 0.0206
0 0.9609 0.7339 0.0059 0.0137
0 0.9678 0.7503 0.0059 0.011
0 0.9814 0.7181 0.0039 0.0096
0 0.9863 0.7284 0.0078 0.0137
0 0.9839 0.7407 0.0068 0.0137
0 0.9854 0.7922 0.0117 0.0206
0 0.9751 0.7929 0.0068 0.0137
0 0.9399 0.6914 0.0049 0.0082
0 0.9385 0.7037 0.0039 0.0082
0 0.9614 0.7195 0.0068 0.0096
0 0.9399 0.6763 0.0049 0.0082
0 0.9692 0.6605 0.0049 0.0096
0 0.0981 0.8539 0.0049 0.0096
0 0.0703 0.8436 0.0059 0.0082
