0 0.9404 0.7906 0.0254 0.0615
0 0.9878 0.5059 0.0225 0.0747
0 0.9414 0.4385 0.043 0.0864
0 0.7749 0.5242 0.0381 0.082
0 0.8574 0.4729 0.0469 0.0849
0 0.8296 0.3089 0.0459 0.0937
0 0.7319 0.3375 0.0498 0.0835
0 0.6885 0.3272 0.041 0.0747
0 0.6509 0.4729 0.0479 0.1054
0 0.5884 0.3111 0.0479 0.0864
0 0.52 0.3133 0.0459 0.0966
0 0.439 0.3631 0.0459 0.1025
0 0.5083 0.4041 0.0498 0.0761
0 0.5083 0.4751 0.0498 0.0835
0 0.4028 0.5205 0.0381 0.0952
0 0.3145 0.3177 0.0488 0.0849
0 0.2637 0.3499 0.0449 0.0849
0 0.3564 0.5198 0.0449 0.082
0 0.2495 0.552 0.04 0.0849
0 0.1895 0.4165 0.043 0.0835
0 0.1543 0.2914 0.041 0.0966
0 0.1675 0.5476 0.0459 0.0878
0 0.127 0.4224 0.041 0.0659
0 0.0195 0.4114 0.041 0.082
0 0.043 0.5974 0.0352 0.0732
0 0.0415 0.6757 0.0459 0.0805
0 0.9424 0.2965 0.0293 0.0483
0 0.978 0.3309 0.0361 0.082
