0 0.3721 0.7138 0.0352 0.0747
0 0.2876 0.7445 0.0361 0.063
0 0.4854 0.4678 0.0488 0.0688
0 0.2822 0.6435 0.0117 0.022
0 0.2373 0.6969 0.0117 0.0264
0 0.2036 0.7035 0.0146 0.022
0 0.1743 0.6537 0.0107 0.022
0 0.2236 0.6201 0.0098 0.022
0 0.1812 0.6157 0.0107 0.022
0 0.1382 0.6215 0.0088 0.0249
0 0.3633 0.6406 0.0117 0.022
0 0.3188 0.6428 0.0107 0.0176
0 0.3198 0.5959 0.0107 0.0234
0 0.2891 0.5659 0.0117 0.022
0 0.3271 0.7899 0.0195 0.0249
0 0.3262 0.7408 0.0156 0.0264
0 0.7744 0.5996 0.0176 0.0307
0 0.7222 0.6347 0.0166 0.0249
0 0.7202 0.6947 0.0127 0.0278
0 0.6685 0.705 0.0186 0.0307
0 0.6421 0.7716 0.0244 0.0527
0 0.6616 0.6413 0.0166 0.0351
0 0.5791 0.7072 0.0137 0.0293
0 0.6567 0.5286 0.0107 0.0293
0 0.6987 0.4722 0.0107 0.0278
0 0.7422 0.4422 0.0137 0.041
0 0.6118 0.4202 0.0107 0.0234
0 0.646 0.4056 0.0107 0.0205
0 0.7275 0.3638 0.0117 0.0249
0 0.7759 0.3697 0.0127 0.0249
0 0.8062 0.3565 0.0127 0.022
0 0.8193 0.3726 0.0098 0.022
0 0.8672 0.3543 0.0117 0.0234
0 0.8076 0.4012 0.0117 0.0205
0 0.8594 0.3982 0.0137 0.0264
0 0.8726 0.4253 0.0127 0.0307
0 0.8584 0.4773 0.0117 0.0234
0 0.8604 0.522 0.0137 0.0278
0 0.7964 0.53 0.0146 0.041
0 0.7603 0.5527 0.0146 0.0249
0 0.8418 0.5776 0.0176 0.0395
0 0.9927 0.5403 0.0107 0.0381
0 0.9468 0.5249 0.0146 0.0337
0 0.916 0.5776 0.0176 0.0395
0 0.9194 0.6464 0.0205 0.0337
0 0.9883 0.6515 0.0176 0.041
0 0.9883 0.7365 0.0195 0.0381
0 0.9023 0.2328 0.0098 0.0176
0 0.979 0.2701 0.0107 0.022
0 0.959 0.2518 0.0117 0.0205
0 0.9316 0.2775 0.0117 0.022
0 0.8901 0.2914 0.0127 0.0205
0 0.9399 0.3265 0.0107 0.0205
0 0.9834 0.3177 0.0137 0.0264
0 0.9751 0.3646 0.0146 0.0293
0 0.9839 0.4143 0.0146 0.0293
0 0.9272 0.4165 0.0146 0.0307
0 0.9111 0.3924 0.0137 0.0293
0 0.8989 0.5117 0.0146 0.0278
0 0.8564 0.2635 0.0098 0.0205
0 0.8452 0.2965 0.0127 0.022
0 0.8179 0.2782 0.0127 0.0264
