0 0.8604 0.6396 0.0078 0.019
0 0.9404 0.5899 0.0059 0.0132
0 0.9272 0.6023 0.0068 0.0146
0 0.9102 0.6213 0.0078 0.0146
0 0.8906 0.6455 0.0078 0.0161
0 0.9365 0.6221 0.0078 0.0161
0 0.9629 0.6111 0.0078 0.0205
0 0.9458 0.6389 0.0068 0.0146
0 0.9761 0.6367 0.0068 0.0161
0 0.9868 0.6104 0.0068 0.0161
0 0.9937 0.5921 0.0068 0.0175
0 0.978 0.7113 0.0107 0.0219
0 0.957 0.6915 0.0117 0.0292
0 0.9468 0.7332 0.0146 0.0278
0 0.8911 0.6864 0.0186 0.0307
0 0.8647 0.7222 0.0205 0.0409
0 0.7993 0.5636 0.0166 0.0336
0 0.7471 0.6798 0.0156 0.0263
0 0.7158 0.7288 0.0117 0.0249
0 0.7026 0.712 0.0088 0.0205
0 0.6567 0.5475 0.0146 0.0336
0 0.5884 0.424 0.0244 0.0292
0 0.6182 0.7061 0.0098 0.0205
0 0.6064 0.712 0.0117 0.0205
0 0.5986 0.7814 0.0137 0.0219
0 0.5801 0.7032 0.0117 0.0205
0 0.5713 0.7295 0.0117 0.0263
0 0.5601 0.7091 0.0127 0.0292
0 0.5283 0.6367 0.0137 0.0278
0 0.4795 0.6433 0.0137 0.0263
0 0.5679 0.5687 0.0068 0.0146
0 0.5488 0.5943 0.0078 0.0161
0 0.5288 0.5563 0.0068 0.0161
0 0.5474 0.5746 0.0049 0.0117
0 0.5396 0.5797 0.0068 0.0132
0 0.5156 0.5636 0.0078 0.0161
0 0.5088 0.5468 0.0078 0.0146
0 0.4937 0.549 0.0068 0.0161
0 0.5 0.5673 0.0059 0.0117
0 0.4907 0.5855 0.0049 0.0132
0 0.4678 0.5797 0.0059 0.0132
0 0.4727 0.5548 0.0059 0.0132
0 0.4673 0.5439 0.0049 0.0117
0 0.3999 0.5351 0.0088 0.0146
0 0.396 0.5453 0.0068 0.0146
0 0.3911 0.5534 0.0068 0.0132
0 0.3813 0.5307 0.0068 0.0117
0 0.3496 0.5482 0.0078 0.0146
0 0.3218 0.5439 0.0088 0.0146
0 0.313 0.5526 0.0068 0.0146
0 0.3213 0.6001 0.0098 0.0161
0 0.3086 0.5958 0.0078 0.0132
0 0.2979 0.6075 0.0098 0.019
0 0.334 0.6075 0.0098 0.0161
0 0.3081 0.6513 0.0107 0.019
0 0.3008 0.6754 0.0117 0.0205
0 0.3223 0.652 0.0098 0.0146
0 0.3398 0.6513 0.0098 0.019
0 0.3599 0.6484 0.0088 0.0219
0 0.3818 0.6411 0.0098 0.019
0 0.3931 0.6462 0.0107 0.0175
0 0.3896 0.682 0.0137 0.0307
0 0.3701 0.6732 0.0137 0.0307
0 0.4199 0.6886 0.0117 0.0263
0 0.3306 0.5219 0.0068 0.0117
0 0.3223 0.5161 0.0078 0.0117
0 0.3076 0.5292 0.0059 0.0146
0 0.2915 0.5249 0.0068 0.0117
0 0.2866 0.5855 0.0107 0.0161
0 0.2563 0.5585 0.0088 0.0146
0 0.2588 0.5855 0.0098 0.0132
0 0.2646 0.606 0.0098 0.0161
0 0.2954 0.6323 0.0088 0.0219
0 0.2837 0.6411 0.0127 0.0219
0 0.248 0.6528 0.0195 0.0395
0 0.2256 0.6294 0.0098 0.019
0 0.2969 0.5402 0.0078 0.0161
0 0.2861 0.5424 0.0098 0.0175
0 0.2451 0.5351 0.0098 0.0146
0 0.2041 0.5234 0.0078 0.0175
0 0.2085 0.5461 0.0088 0.019
0 0.2192 0.5461 0.0088 0.0161
0 0.2285 0.5446 0.0078 0.0161
0 0.2168 0.5088 0.0098 0.0205
0 0.2305 0.5746 0.0098 0.0146
0 0.2124 0.5826 0.0068 0.0161
0 0.1997 0.5694 0.0068 0.0161
0 0.1992 0.6287 0.0078 0.0175
0 0.1372 0.4905 0.0088 0.0132
0 0.187 0.5227 0.0088 0.0161
0 0.1807 0.5694 0.0098 0.019
0 0.1772 0.5358 0.0088 0.0249
0 0.2354 0.6184 0.0059 0.0175
0 0.2241 0.5972 0.0068 0.0161
0 0.1968 0.5965 0.0088 0.0175
0 0.1914 0.6067 0.0078 0.0146
0 0.1753 0.595 0.0088 0.0146
0 0.1519 0.5928 0.0088 0.0161
0 0.1841 0.6374 0.0107 0.0205
0 0.1333 0.6323 0.0107 0.0219
0 0.1147 0.6096 0.0107 0.0205
0 0.1553 0.5534 0.0098 0.0161
0 0.1504 0.5263 0.0078 0.0146
0 0.1558 0.5058 0.0068 0.0117
0 0.147 0.5117 0.0068 0.0117
0 0.1172 0.5227 0.0098 0.019
0 0.1367 0.6981 0.0156 0.0336
0 0.1675 0.6893 0.0146 0.0307
0 0.0371 0.5724 0.0098 0.019
0 0.0298 0.6104 0.0127 0.0219
0 0.0376 0.6798 0.0107 0.0175
0 0.0283 0.7171 0.0137 0.0249
0 0.0908 0.7281 0.0137 0.0263
0 0.2017 0.7047 0.0146 0.0234
0 0.188 0.7361 0.0127 0.0219
0 0.1729 0.5811 0.0098 0.0219
0 0.1357 0.5987 0.0098 0.0219
0 0.1699 0.6243 0.0098 0.0234
0 0.0947 0.6075 0.0098 0.0161
0 0.0928 0.6418 0.0078 0.0205
0 0.0928 0.5841 0.0078 0.019
0 0.0918 0.5468 0.0195 0.0439
0 0.1187 0.5548 0.0088 0.0161
0 0.145 0.5673 0.0068 0.0117
0 0.1333 0.5651 0.0068 0.0132
0 0.1084 0.5658 0.0078 0.0146
0 0.0469 0.5629 0.0117 0.0175
0 0.1021 0.5234 0.0088 0.0205
0 0.085 0.4971 0.0117 0.0234
0 0.0532 0.4817 0.0088 0.019
0 0.0269 0.4803 0.0107 0.0249
0 0.0449 0.5278 0.0078 0.0175
0 0.3535 0.7354 0.0137 0.0292
0 0.3999 0.712 0.0107 0.0205
0 0.3726 0.5453 0.0088 0.0234
0 0.3667 0.5292 0.0068 0.0117
0 0.3511 0.5285 0.0068 0.0161
0 0.2681 0.5446 0.0088 0.0132
0 0.9453 0.682 0.0117 0.0307
0 0.9932 0.6257 0.0078 0.0117
0 0.7773 0.7178 0.0195 0.0439
0 0.7754 0.7047 0.0078 0.0468
0 0.0132 0.6944 0.0127 0.0234
0 0.0049 0.6674 0.0117 0.0249
0 0.0093 0.6396 0.0107 0.0219
0 0.0195 0.5504 0.0098 0.019
0 0.1001 0.693 0.0127 0.0263
0 0.021 0.5892 0.0088 0.0146
0 0.0044 0.5738 0.0088 0.0161
0 0.4331 0.3933 0.0127 0.0351
0 0.3276 0.7113 0.0186 0.0365
