0 0.689 0.1218 0.0225 0.0243
0 0.7676 0.1212 0.0254 0.0206
0 0.3057 0.0436 0.0352 0.0262
0 0.5571 0.033 0.0322 0.0262
0 0.377 0.1137 0.0488 0.0741
0 0.2935 0.1879 0.0771 0.0903
0 0.2144 0.1274 0.0244 0.0206
0 0.1011 0.1352 0.0225 0.0224
0 0.103 0.1829 0.0303 0.0293
0 0.1138 0.3128 0.0654 0.0548
0 0.6802 0.1791 0.0732 0.0766
0 0.876 0.2667 0.0293 0.0249
0 0.9014 0.3196 0.0332 0.0262
0 0.8516 0.3763 0.0332 0.0299
0 0.9111 0.4283 0.0352 0.0181
0 0.7861 0.2109 0.0312 0.0318
0 0.6743 0.071 0.0303 0.0274
0 0.7783 0.0741 0.0332 0.0249
0 0.8936 0.072 0.0273 0.0206
0 0.0098 0.1794 0.0195 0.0249
0 0.0142 0.076 0.0244 0.0199
0 0.1201 0.0227 0.0293 0.0231
0 0.9575 0.3676 0.0342 0.0287
0 0.9844 0.3346 0.0293 0.0299
0 0.9438 0.3125 0.0322 0.028
0 0.9668 0.2841 0.0352 0.0312
0 0.9087 0.1729 0.0361 0.028
0 0.916 0.6498 0.043 0.0374
0 0.9512 0.581 0.0488 0.048
0 0.9019 0.585 0.04 0.0324
0 0.9746 0.496 0.0488 0.0411
0 0.0083 0.1249 0.0186 0.0181
0 0.1079 0.2639 0.0361 0.028
0 0.4346 0.0383 0.0371 0.0268
0 0.6841 0.0231 0.0303 0.0212
0 0.2295 0.0358 0.0254 0.0218
