0 0.6567 0.6087 0.0205 0.034
0 0.0566 0.4157 0.0098 0.0178
0 0.0234 0.3817 0.0078 0.0118
0 0.0352 0.4038 0.0098 0.0178
0 0.0669 0.3462 0.0068 0.0178
0 0.1011 0.3254 0.0068 0.0118
0 0.0898 0.4216 0.0078 0.0178
0 0.0752 0.4061 0.0098 0.0163
0 0.1729 0.3802 0.0078 0.0178
0 0.2686 0.3735 0.0078 0.0163
0 0.2568 0.3994 0.0078 0.0178
0 0.2529 0.4194 0.0059 0.0104
0 0.2783 0.4164 0.0078 0.0163
0 0.2925 0.3794 0.0068 0.0163
0 0.3071 0.3735 0.0068 0.0133
0 0.3105 0.4024 0.0078 0.0148
0 0.2861 0.2966 0.0078 0.0163
0 0.3008 0.3121 0.0078 0.0148
0 0.3311 0.3743 0.0078 0.0148
0 0.3403 0.3595 0.0068 0.0148
0 0.3643 0.3395 0.0078 0.0133
0 0.4067 0.4157 0.0088 0.0118
0 0.0303 0.5052 0.0117 0.0222
0 0.0703 0.5074 0.0098 0.0207
0 0.1016 0.4771 0.0078 0.0163
0 0.1157 0.5015 0.0088 0.0148
0 0.082 0.5052 0.0098 0.0163
0 0.1108 0.5481 0.0166 0.034
0 0.1333 0.5355 0.0088 0.0148
0 0.1846 0.5022 0.0234 0.0488
0 0.2808 0.483 0.0088 0.0163
0 0.2856 0.4615 0.0107 0.0207
0 0.3545 0.5022 0.0078 0.0163
0 0.3604 0.4852 0.0078 0.0178
0 0.395 0.5015 0.0088 0.0178
0 0.3887 0.5288 0.0098 0.0163
0 0.3755 0.5607 0.0088 0.0178
0 0.3779 0.628 0.0098 0.0192
0 0.4077 0.6834 0.0107 0.0207
0 0.4463 0.6916 0.0117 0.0251
0 0.4253 0.6746 0.0107 0.0207
0 0.4126 0.6457 0.0088 0.0192
0 0.0508 0.5473 0.0098 0.0178
0 0.0435 0.48 0.0107 0.0192
0 0.0503 0.4445 0.0088 0.0163
0 0.0293 0.4475 0.0098 0.0192
0 0.4004 0.5429 0.0078 0.0178
0 0.5317 0.3609 0.0068 0.0148
0 0.5396 0.3602 0.0068 0.0133
0 0.5591 0.3735 0.0088 0.0163
0 0.5488 0.3765 0.0059 0.0133
0 0.5488 0.432 0.0078 0.0178
0 0.5806 0.3979 0.0068 0.0118
0 0.5928 0.412 0.0078 0.0163
0 0.603 0.392 0.0088 0.0178
0 0.6108 0.3713 0.0068 0.0148
0 0.6455 0.432 0.0098 0.0178
0 0.6426 0.4697 0.0098 0.0192
0 0.563 0.4941 0.0264 0.0296
0 0.6025 0.4993 0.0117 0.0222
0 0.6226 0.4993 0.0088 0.0192
0 0.623 0.537 0.0098 0.0178
0 0.6338 0.5429 0.0098 0.0178
0 0.6484 0.5074 0.0098 0.0178
0 0.666 0.5496 0.0078 0.0192
0 0.6479 0.5732 0.0107 0.0222
0 0.6934 0.5651 0.0098 0.0178
0 0.6924 0.5318 0.0098 0.0163
0 0.7109 0.5621 0.0098 0.0148
0 0.7285 0.5762 0.0098 0.0192
0 0.7637 0.5732 0.0098 0.0192
0 0.7217 0.5229 0.0117 0.0192
0 0.7275 0.5 0.0098 0.0178
0 0.7075 0.5037 0.0088 0.0163
0 0.7314 0.4852 0.0098 0.0148
0 0.7451 0.5126 0.0098 0.0192
0 0.7422 0.4386 0.0078 0.0163
0 0.707 0.3891 0.0078 0.0178
0 0.6572 0.3942 0.0098 0.0192
0 0.687 0.4268 0.0068 0.0133
0 0.6992 0.4357 0.0078 0.0163
0 0.7842 0.5074 0.0098 0.0178
0 0.7974 0.5348 0.0107 0.0163
0 0.8091 0.5385 0.0088 0.0178
0 0.8032 0.5052 0.0088 0.0163
0 0.7998 0.443 0.0098 0.0192
0 0.8647 0.4179 0.0107 0.0163
0 0.9126 0.4179 0.0088 0.0163
0 0.9146 0.4645 0.0107 0.0178
0 0.9482 0.463 0.0098 0.0178
0 0.9771 0.4682 0.0107 0.0192
0 0.9253 0.446 0.0068 0.0133
0 0.9526 0.4453 0.0107 0.0148
0 0.8252 0.5141 0.0215 0.0459
0 0.8828 0.5518 0.0234 0.0444
0 0.9771 0.6435 0.0107 0.0237
0 0.7837 0.6361 0.0146 0.0178
0 0.748 0.6524 0.0098 0.0237
0 0.7822 0.6716 0.0117 0.0266
0 0.7974 0.6842 0.0107 0.0222
0 0.5825 0.6916 0.0107 0.0192
0 0.6211 0.6805 0.0137 0.0207
0 0.6963 0.6857 0.0078 0.0163
0 0.7046 0.6938 0.0107 0.0207
0 0.7183 0.6901 0.0107 0.0192
0 0.0181 0.6849 0.0088 0.0296
0 0.0176 0.6176 0.0078 0.0192
0 0.0991 0.0451 0.0068 0.0104
0 0.1006 0.0251 0.0078 0.0118
0 0.1333 0.0244 0.0068 0.0133
0 0.144 0.054 0.0068 0.0104
0 0.1206 0.0481 0.0068 0.0104
0 0.165 0.0251 0.0059 0.0118
0 0.1895 0.0355 0.0059 0.0118
0 0.2168 0.0325 0.0078 0.0118
0 0.2432 0.0355 0.0078 0.0118
0 0.2661 0.0155 0.0068 0.0104
0 0.2778 0.0629 0.0068 0.0133
0 0.25 0.0614 0.0078 0.0104
0 0.2212 0.0555 0.0088 0.0133
0 0.3779 0.0555 0.0059 0.0104
0 0.4121 0.0577 0.0059 0.0118
0 0.4873 0.0577 0.0078 0.0118
0 0.5137 0.0614 0.0078 0.0104
0 0.5449 0.054 0.0078 0.0133
0 0.5723 0.0562 0.0078 0.0118
0 0.7031 0.0481 0.0078 0.0133
0 0.8018 0.0422 0.0078 0.0133
0 0.8145 0.0163 0.0078 0.0118
0 0.8379 0.0163 0.0078 0.0118
0 0.8335 0.0422 0.0088 0.0163
0 0.8843 0.0348 0.0088 0.0133
0 0.9326 0.0407 0.0078 0.0133
0 0.9683 0.037 0.0068 0.0118
0 0.499 0.2707 0.0078 0.0148
0 0.5278 0.2803 0.0068 0.0133
0 0.5532 0.284 0.0068 0.0118
0 0.543 0.2478 0.0078 0.0133
0 0.6289 0.2692 0.0078 0.0148
0 0.6353 0.2426 0.0068 0.0118
0 0.6602 0.2707 0.0078 0.0148
0 0.6641 0.25 0.0059 0.0118
0 0.6958 0.2862 0.0068 0.0133
0 0.689 0.2744 0.0068 0.0133
0 0.877 0.3291 0.0078 0.0104
0 0.8066 0.3425 0.0078 0.0133
0 0.7788 0.3632 0.0088 0.0163
0 0.7534 0.3513 0.0068 0.0104
0 0.7651 0.3291 0.0068 0.0133
0 0.8286 0.4423 0.0068 0.0118
0 0.8262 0.4667 0.0078 0.0133
0 0.8833 0.4815 0.0068 0.0133
0 0.7759 0.4305 0.0068 0.0148
0 0.7661 0.4941 0.0088 0.0148
0 0.6782 0.4778 0.0088 0.0148
0 0.625 0.4497 0.0078 0.0148
0 0.6631 0.378 0.0078 0.0133
0 0.6255 0.3499 0.0088 0.0133
0 0.665 0.5274 0.0098 0.0163
0 0.7354 0.554 0.0078 0.0163
0 0.6099 0.6967 0.0107 0.0178
0 0.4253 0.3913 0.0088 0.0163
0 0.4199 0.3543 0.0078 0.0133
0 0.4346 0.3373 0.0078 0.0118
0 0.4917 0.3624 0.0088 0.0148
0 0.5049 0.3632 0.0078 0.0133
0 0.5137 0.355 0.0078 0.0148
0 0.5195 0.3661 0.0078 0.0133
0 0.5552 0.3439 0.0068 0.0133
0 0.5845 0.3306 0.0068 0.0133
0 0.5947 0.3654 0.0078 0.0148
0 0.5859 0.372 0.0078 0.0133
0 0.5752 0.4593 0.0098 0.0192
0 0.5332 0.4482 0.0078 0.0118
0 0.4277 0.73 0.0117 0.0222
0 0.501 0.6864 0.0117 0.0207
0 0.3677 0.3787 0.0068 0.0118
0 0.3477 0.3802 0.0078 0.0118
0 0.3755 0.3735 0.0068 0.0133
0 0.3833 0.4357 0.0088 0.0133
0 0.4082 0.4438 0.0078 0.0148
0 0.2866 0.4349 0.0088 0.0178
0 0.2607 0.443 0.0078 0.0133
0 0.229 0.4142 0.0068 0.0118
0 0.2295 0.3994 0.0078 0.0118
0 0.2056 0.3957 0.0068 0.0133
0 0.2134 0.3698 0.0068 0.0118
0 0.2476 0.3765 0.0068 0.0133
0 0.2676 0.3928 0.0078 0.0133
0 0.2441 0.341 0.0059 0.0104
0 0.2388 0.3247 0.0068 0.0133
0 0.2666 0.3269 0.0059 0.0118
0 0.2607 0.3018 0.0059 0.0089
0 0.2373 0.2988 0.0059 0.0118
0 0.3203 0.3055 0.0059 0.0104
0 0.3921 0.3609 0.0068 0.0089
0 0.3472 0.4053 0.0088 0.0148
0 0.0576 0.2862 0.0078 0.0104
0 0.0811 0.2811 0.0078 0.0118
0 0.043 0.3661 0.0098 0.0163
0 0.0776 0.3454 0.0088 0.0133
0 0.1055 0.3491 0.0078 0.0148
0 0.1187 0.3536 0.0088 0.0148
0 0.123 0.3765 0.0078 0.0163
0 0.1348 0.3513 0.0078 0.0133
0 0.1362 0.3277 0.0068 0.0104
0 0.1548 0.3247 0.0068 0.0104
0 0.167 0.3306 0.0078 0.0133
0 0.1665 0.3476 0.0068 0.0148
0 0.1802 0.3277 0.0088 0.0133
0 0.2134 0.3365 0.0068 0.0104
0 0.1919 0.4016 0.0088 0.0163
0 0.1899 0.4327 0.0088 0.0163
0 0.2002 0.4349 0.0078 0.0148
0 0.1416 0.3661 0.0098 0.0163
0 0.1519 0.3676 0.0068 0.0133
0 0.1499 0.3476 0.0049 0.0089
0 0.0732 0.4416 0.0078 0.0163
0 0.0098 0.4697 0.0098 0.0192
0 0.0161 0.4312 0.0088 0.0133
0 0.0156 0.4061 0.0098 0.0163
0 0.0068 0.3891 0.0098 0.0148
0 0.0029 0.3558 0.0078 0.0133
0 0.0093 0.5214 0.0107 0.0192
0 0.0195 0.5451 0.0117 0.0192
0 0.1333 0.5251 0.0107 0.0178
0 0.9868 0.4475 0.0088 0.0133
0 0.9673 0.6731 0.0127 0.0207
0 0.519 0.2552 0.0068 0.0104
0 0.5811 0.2027 0.0059 0.0118
0 0.5566 0.2101 0.0078 0.0118
0 0.4829 0.2581 0.0068 0.0133
0 0.0747 0.017 0.0068 0.0104
0 0.1689 0.003 0.0059 0.0089
0 0.1943 0.0067 0.0078 0.0133
0 0.2188 0.0022 0.0059 0.0074
0 0.2358 0.0067 0.0068 0.0104
0 0.1846 0.0695 0.0078 0.0118
0 0.6904 0.3905 0.0078 0.0118
0 0.4102 0.5806 0.0098 0.0163
0 0.7515 0.4408 0.0068 0.0148
0 0.6128 0.5525 0.0107 0.0192
0 0.4131 0.3787 0.0078 0.0178
0 0.3823 0.4001 0.0088 0.0163
0 0.1968 0.3469 0.0068 0.0163
0 0.2046 0.3358 0.0068 0.0148
0 0.1646 0.4135 0.0068 0.0163
0 0.8003 0.5592 0.0107 0.0207
0 0.7759 0.554 0.0107 0.0163
0 0.8091 0.4808 0.0088 0.0178
0 0.7905 0.4623 0.0088 0.0163
0 0.7622 0.463 0.0107 0.0178
0 0.7686 0.4416 0.0078 0.0133
0 0.8296 0.4312 0.0068 0.0133
0 0.125 0.5533 0.0098 0.0178
