0 0.4941 0.3464 0.0469 0.0911
0 0.5347 0.0911 0.0518 0.1042
0 0.7925 0.4382 0.0205 0.0404
0 0.0488 0.5299 0.0215 0.0365
0 0.0947 0.5469 0.0195 0.0339
0 0.1528 0.5449 0.0186 0.0326
0 0.1899 0.5404 0.0127 0.0208
0 0.229 0.5534 0.0186 0.026
0 0.2593 0.4915 0.0127 0.0221
0 0.0894 0.4681 0.0146 0.0273
0 0.1948 0.4648 0.0146 0.0234
0 0.1328 0.5059 0.0176 0.0247
0 0.2876 0.543 0.0186 0.0312
0 0.1528 0.4492 0.0107 0.0208
0 0.2114 0.4492 0.0107 0.0182
0 0.1567 0.5085 0.0146 0.0273
0 0.1211 0.5436 0.0137 0.0247
0 0.0366 0.4603 0.0127 0.0221
0 0.0718 0.4967 0.0127 0.0273
0 0.0757 0.3971 0.0107 0.0208
0 0.3042 0.5104 0.0146 0.0234
0 0.2832 0.4876 0.0117 0.0195
0 0.2915 0.4746 0.0088 0.0169
0 0.5835 0.5573 0.0127 0.0208
0 0.5645 0.5521 0.0117 0.0208
0 0.5967 0.5286 0.0098 0.0182
0 0.23 0.4811 0.0107 0.0169
0 0.2734 0.4714 0.0117 0.0208
0 0.7407 0.5924 0.0127 0.0234
0 0.0576 0.4336 0.0098 0.0156
0 0.1001 0.4238 0.0107 0.0169
0 0.1191 0.4258 0.0078 0.013
0 0.1519 0.416 0.0068 0.0143
0 0.2471 0.4583 0.0078 0.013
0 0.2607 0.4525 0.0098 0.0143
0 0.3184 0.4987 0.0078 0.0182
0 0.334 0.4961 0.0078 0.0156
0 0.2588 0.4297 0.0098 0.0156
0 0.2158 0.4251 0.0078 0.0143
0 0.0454 0.4004 0.0107 0.0169
0 0.1772 0.4382 0.0088 0.0169
0 0.186 0.4167 0.0088 0.0156
0 0.0918 0.3848 0.0078 0.0143
0 0.7261 0.5579 0.0107 0.0169
0 0.749 0.5625 0.0117 0.0156
0 0.7085 0.5592 0.0107 0.0143
0 0.6929 0.5645 0.0107 0.0143
0 0.3628 0.4642 0.0088 0.0143
0 0.3228 0.4382 0.0088 0.0143
0 0.271 0.4108 0.0088 0.0143
0 0.2339 0.4277 0.0088 0.0143
0 0.2476 0.4128 0.0088 0.013
0 0.292 0.4316 0.0078 0.0143
0 0.3193 0.4206 0.0078 0.013
0 0.3604 0.4414 0.0078 0.013
0 0.7329 0.5397 0.0088 0.0143
0 0.0308 0.3867 0.0088 0.0182
0 0.1406 0.4004 0.0078 0.0143
0 0.1855 0.3815 0.0078 0.0156
0 0.0449 0.3535 0.0078 0.0143
0 0.1089 0.4089 0.0088 0.0156
