0 0.8916 0.2949 0.0605 0.1067
0 0.7803 0.198 0.0586 0.1039
0 0.708 0.191 0.0527 0.1039
0 0.7554 0.3989 0.0576 0.0955
0 0.5615 0.2542 0.0547 0.0955
0 0.6289 0.1699 0.0527 0.0899
0 0.54 0.1131 0.0547 0.0969
0 0.4194 0.1383 0.0557 0.0969
0 0.4365 0.2753 0.0566 0.1152
0 0.2827 0.2374 0.0557 0.0983
0 0.2012 0.158 0.0527 0.0941
0 0.1172 0.1994 0.0625 0.1152
0 0.3867 0.5688 0.0723 0.1292
0 0.5522 0.5829 0.0615 0.1039
0 0.6123 0.7037 0.0645 0.1124
0 0.7104 0.5456 0.0576 0.0969
0 0.8149 0.6088 0.0596 0.1138
