0 0.1045 0.2332 0.0371 0.0591
0 0.1719 0.1897 0.0332 0.064
0 0.0801 0.2668 0.0254 0.0476
0 0.1616 0.4959 0.0361 0.0657
0 0.2944 0.4745 0.0361 0.0788
0 0.3071 0.3588 0.0342 0.0575
0 0.4033 0.2348 0.0273 0.0624
0 0.3892 0.3251 0.0264 0.0591
0 0.3984 0.3777 0.0293 0.0722
0 0.3804 0.5 0.04 0.0739
0 0.4805 0.2931 0.0371 0.0805
0 0.5693 0.2085 0.0273 0.069
0 0.6226 0.1773 0.0342 0.0591
0 0.6909 0.1576 0.0439 0.0952
0 0.7559 0.1076 0.0527 0.0936
0 0.4727 0.2085 0.0156 0.0328
0 0.9121 0.2578 0.0215 0.046
0 0.5327 0.2258 0.0283 0.0542
0 0.4233 0.2258 0.0205 0.0443
0 0.2349 0.4532 0.0146 0.0328
0 0.3413 0.2356 0.0186 0.0345
