0 0.0703 0.2895 0.0371 0.0661
0 0.1782 0.3192 0.0342 0.0661
0 0.2871 0.3246 0.0352 0.0661
0 0.4604 0.3408 0.0322 0.0634
0 0.5352 0.3644 0.0312 0.0621
0 0.623 0.3785 0.0293 0.0607
0 0.0625 0.6208 0.0352 0.0702
0 0.7144 0.6404 0.0342 0.058
0 0.8081 0.5553 0.0361 0.0607
0 0.9053 0.5236 0.041 0.0594
0 0.1807 0.6194 0.0391 0.0702
0 0.3071 0.581 0.0342 0.0769
0 0.3833 0.4899 0.0361 0.0594
0 0.439 0.6289 0.0381 0.0648
0 0.5791 0.5331 0.0371 0.0648
0 0.687 0.3549 0.0361 0.0567
0 0.7778 0.359 0.0361 0.0567
0 0.8633 0.3462 0.0332 0.0634
