0 0.3628 0.3609 0.042 0.0542
0 0.564 0.2709 0.0225 0.0381
0 0.3374 0.2387 0.0186 0.0264
0 0.0513 0.0842 0.0205 0.0307
0 0.0 0.0608 0.0 0.0044
0 0.0 0.0652 0.0 0.0073
0 0.0 0.0695 0.0 0.0102
0 0.0 0.0717 0.0 0.0117
0 0.0 0.0739 0.0 0.0132
0 0.5942 0.0608 0.0166 0.0307
0 0.6558 0.0695 0.0146 0.0278
0 0.4956 0.2921 0.0205 0.0278
0 0.0005 0.0622 0.001 0.0161
0 0.0005 0.063 0.001 0.0176
0 0.0005 0.0637 0.001 0.019
0 0.0015 0.0644 0.0029 0.0205
0 0.002 0.0659 0.0039 0.0234
0 0.002 0.0666 0.0039 0.0249
0 0.0024 0.0666 0.0049 0.0249
0 0.0029 0.0673 0.0059 0.0264
0 0.1748 0.0703 0.0137 0.0293
0 0.2324 0.0725 0.0156 0.0337
0 0.2852 0.0732 0.0137 0.0293
0 0.0674 0.2116 0.0176 0.0307
0 0.103 0.2116 0.0166 0.0249
0 0.4341 0.0556 0.0166 0.0293
0 0.4839 0.0681 0.0186 0.0249
0 0.5327 0.0476 0.0166 0.0278
0 0.937 0.1772 0.0186 0.0351
