0 0.6484 0.511 0.0449 0.105
0 0.7842 0.4705 0.0508 0.1123
0 0.7739 0.0967 0.0361 0.0902
0 0.8267 0.2376 0.04 0.0921
0 0.1855 0.1105 0.0312 0.081
0 0.2837 0.1529 0.0322 0.0773
0 0.1855 0.2569 0.041 0.0939
0 0.2827 0.2781 0.0342 0.0921
0 0.2983 0.477 0.0498 0.1215
0 0.2061 0.4576 0.0488 0.1013
0 0.3853 0.1004 0.0322 0.0866
0 0.3755 0.2505 0.0381 0.0958
0 0.4917 0.2081 0.04 0.0921
0 0.4834 0.0939 0.0293 0.0847
0 0.5215 0.4945 0.0527 0.1271
0 0.4146 0.4972 0.0518 0.1105
0 0.5864 0.1271 0.0322 0.081
0 0.6167 0.2845 0.04 0.0902
0 0.7192 0.2606 0.04 0.0902
0 0.665 0.0829 0.0332 0.0847
