0 0.5679 0.6904 0.0107 0.0162
0 0.5176 0.7206 0.0098 0.0206
0 0.5327 0.6963 0.0107 0.0191
0 0.7236 0.839 0.0078 0.0191
0 0.6963 0.7993 0.0098 0.0191
0 0.7329 0.7985 0.0088 0.0235
0 0.978 0.1118 0.0088 0.0206
0 0.8984 0.1456 0.0098 0.0235
0 0.875 0.1471 0.0098 0.0206
0 0.8281 0.0978 0.0078 0.0191
0 0.874 0.1206 0.0078 0.0176
0 0.9038 0.1074 0.0088 0.0235
0 0.8569 0.0757 0.0088 0.0191
0 0.8291 0.0279 0.0098 0.0206
0 0.9429 0.1066 0.0107 0.0221
0 0.9648 0.0721 0.0078 0.0176
0 0.8833 0.8956 0.0127 0.0235
0 0.7915 0.9801 0.0088 0.0221
0 0.8359 0.9544 0.0117 0.0235
0 0.8428 0.9316 0.0098 0.0221
0 0.8145 0.9426 0.0078 0.0176
0 0.0215 0.9647 0.0098 0.0235
0 0.0601 0.9522 0.0107 0.025
0 0.1016 0.961 0.0117 0.025
0 0.9883 0.8816 0.0117 0.0221
0 0.9116 0.8838 0.0107 0.0176
0 0.9512 0.7956 0.0117 0.0235
0 0.5996 0.6537 0.0117 0.0221
0 0.6514 0.6941 0.0117 0.0206
0 0.6631 0.6654 0.0117 0.0221
0 0.856 0.8059 0.0107 0.0235
0 0.8389 0.7625 0.0098 0.0191
0 0.873 0.7816 0.0098 0.0191
0 0.8843 0.7375 0.0107 0.0221
0 0.8843 0.6346 0.0107 0.0221
0 0.8901 0.5912 0.0107 0.0265
0 0.894 0.5662 0.0107 0.0176
0 0.9199 0.5368 0.0098 0.0176
0 0.8843 0.5257 0.0107 0.0221
0 0.936 0.5647 0.0107 0.0176
0 0.9766 0.5581 0.0098 0.0162
0 0.9907 0.5184 0.0107 0.0221
0 0.959 0.4941 0.0098 0.0206
0 0.9351 0.489 0.0107 0.0162
0 0.8994 0.4904 0.0098 0.0191
0 0.855 0.5706 0.0107 0.0235
0 0.8218 0.5588 0.0107 0.0235
0 0.7988 0.5257 0.0078 0.0191
0 0.8096 0.4831 0.0098 0.0191
0 0.854 0.4912 0.0107 0.0176
0 0.8423 0.525 0.0107 0.0176
0 0.9233 0.4449 0.0107 0.0191
0 0.8701 0.4147 0.0098 0.0235
0 0.8271 0.4029 0.0117 0.0206
0 0.8999 0.4059 0.0088 0.0206
0 0.9595 0.4551 0.0107 0.025
0 0.9702 0.4007 0.0088 0.0191
0 0.9487 0.3728 0.0088 0.0191
0 0.9028 0.3353 0.0088 0.0206
0 0.873 0.364 0.0078 0.0221
0 0.9341 0.3287 0.0107 0.0191
0 0.9834 0.3743 0.0098 0.0162
0 0.4766 0.8824 0.0117 0.0265
0 0.2817 0.4926 0.0107 0.0235
0 0.3091 0.4397 0.0107 0.0206
0 0.2759 0.4375 0.0107 0.0221
0 0.2646 0.4522 0.0098 0.0191
0 0.5513 0.2926 0.0088 0.0147
0 0.6621 0.3529 0.0078 0.0176
0 0.561 0.2088 0.0088 0.0206
0 0.5781 0.1721 0.0078 0.0176
0 0.6025 0.1426 0.0078 0.0206
0 0.5527 0.1441 0.0098 0.0206
0 0.5229 0.1897 0.0088 0.0206
0 0.5405 0.1625 0.0088 0.0191
0 0.5151 0.136 0.0088 0.0191
0 0.5293 0.1066 0.0098 0.0191
0 0.4355 0.3971 0.0098 0.0206
0 0.4463 0.3735 0.0098 0.0235
0 0.4907 0.3735 0.0088 0.0176
0 0.4102 0.3699 0.0098 0.0221
0 0.4209 0.3309 0.0098 0.0235
0 0.4751 0.3051 0.0107 0.0221
0 0.4248 0.2985 0.0117 0.0206
0 0.5156 0.2368 0.0098 0.0235
0 0.395 0.439 0.0127 0.0191
0 0.3975 0.4007 0.0098 0.0191
0 0.354 0.3993 0.0107 0.0191
0 0.3691 0.3743 0.0098 0.0191
0 0.1196 0.2809 0.0107 0.0206
0 0.1021 0.2522 0.0107 0.0191
0 0.1753 0.2596 0.0088 0.0191
0 0.1792 0.2338 0.0088 0.0176
0 0.1099 0.2588 0.0088 0.0176
0 0.125 0.2199 0.0098 0.0221
0 0.2505 0.2985 0.0107 0.0206
0 0.207 0.2963 0.0098 0.0162
0 0.23 0.2868 0.0088 0.0176
0 0.2759 0.2471 0.0088 0.0147
0 0.2021 0.3301 0.0098 0.0221
0 0.1685 0.1934 0.0107 0.0221
0 0.1377 0.1684 0.0078 0.0162
0 0.1768 0.1574 0.0098 0.0206
0 0.1997 0.1691 0.0088 0.0176
0 0.127 0.1228 0.0098 0.0221
0 0.1851 0.1309 0.0068 0.0176
0 0.3271 0.2603 0.0098 0.0235
0 0.3115 0.2346 0.0098 0.0221
0 0.3057 0.1963 0.0117 0.0191
0 0.2788 0.1897 0.0088 0.0206
0 0.2656 0.1574 0.0098 0.0206
0 0.1855 0.0831 0.0098 0.0221
0 0.1445 0.0897 0.0078 0.0176
0 0.106 0.0971 0.0088 0.0206
0 0.1157 0.0654 0.0088 0.0162
0 0.1367 0.0493 0.0098 0.0191
0 0.1494 0.0581 0.0098 0.0162
0 0.1733 0.0529 0.0088 0.0176
0 0.5103 0.3044 0.0107 0.0176
0 0.3545 0.8118 0.0117 0.0235
0 0.375 0.875 0.0098 0.0176
0 0.7041 0.9529 0.0117 0.0235
0 0.6724 0.9132 0.0107 0.0206
0 0.6841 0.9919 0.0127 0.0132
0 0.7241 0.9338 0.0107 0.0206
0 0.1968 0.639 0.0107 0.0221
0 0.1523 0.6243 0.0098 0.0221
0 0.1694 0.6029 0.0107 0.0206
0 0.2075 0.5846 0.0088 0.0221
0 0.2236 0.5676 0.0078 0.0206
0 0.1489 0.5735 0.0107 0.0206
0 0.1699 0.5404 0.0098 0.0221
0 0.2012 0.5353 0.0098 0.0206
0 0.2393 0.5257 0.0117 0.025
0 0.2197 0.4662 0.0098 0.0206
0 0.1831 0.4632 0.0107 0.0176
0 0.1689 0.4971 0.0098 0.0206
0 0.1431 0.461 0.0107 0.025
0 0.1294 0.4404 0.0088 0.0191
0 0.1265 0.5316 0.0107 0.0221
0 0.1348 0.4963 0.0098 0.0191
0 0.1592 0.425 0.0098 0.0206
0 0.2358 0.4272 0.0088 0.0162
0 0.3169 0.6441 0.0107 0.0206
0 0.3096 0.5441 0.0098 0.0176
0 0.2939 0.5257 0.0098 0.0191
0 0.2695 0.5449 0.0078 0.0191
0 0.2661 0.5743 0.0088 0.0191
0 0.2759 0.6221 0.0088 0.0176
0 0.4043 0.5676 0.0098 0.0206
0 0.2983 0.5846 0.0107 0.0191
0 0.2456 0.7904 0.0088 0.0191
0 0.293 0.6147 0.0098 0.0206
0 0.2495 0.6029 0.0088 0.0235
0 0.4033 0.5088 0.0098 0.0206
0 0.3682 0.5081 0.0098 0.0221
0 0.374 0.4735 0.0098 0.0206
0 0.3457 0.5691 0.0078 0.0176
0 0.3369 0.4809 0.0098 0.0176
0 0.2988 0.4794 0.0098 0.0176
0 0.4907 0.939 0.0107 0.025
0 0.5132 0.9735 0.0107 0.0235
0 0.5156 0.9007 0.0098 0.0191
0 0.4482 0.8478 0.0078 0.0191
0 0.4082 0.8449 0.0098 0.0221
0 0.5308 0.9228 0.0107 0.0221
0 0.5625 0.8956 0.0117 0.0235
0 0.6016 0.9132 0.0098 0.0206
0 0.5615 0.8191 0.0098 0.0206
0 0.5938 0.8169 0.0117 0.0221
0 0.6475 0.1463 0.0098 0.0191
0 0.7051 0.2272 0.0098 0.0221
0 0.6934 0.2978 0.0098 0.0191
0 0.7725 0.0743 0.0078 0.0162
0 0.7344 0.064 0.0098 0.0221
0 0.6929 0.0544 0.0107 0.0206
0 0.8135 0.7272 0.0137 0.0221
0 0.6719 0.4846 0.0098 0.0221
0 0.6558 0.4544 0.0088 0.0176
0 0.6826 0.4184 0.0078 0.0191
0 0.7046 0.389 0.0088 0.0162
0 0.6655 0.4154 0.0107 0.025
0 0.5752 0.5088 0.0098 0.0235
0 0.2334 0.1971 0.0098 0.0206
0 0.2148 0.2118 0.0078 0.0147
0 0.9702 0.7463 0.0127 0.0191
0 0.9263 0.7382 0.0127 0.0206
0 0.9497 0.7 0.0107 0.0235
0 0.9453 0.6691 0.0098 0.0235
0 0.957 0.6471 0.0098 0.0206
0 0.9136 0.6449 0.0107 0.0221
0 0.9321 0.6265 0.0088 0.0265
0 0.9253 0.5993 0.0107 0.0191
0 0.2549 0.1301 0.0117 0.0221
0 0.2153 0.125 0.0088 0.0176
0 0.2026 0.1375 0.0107 0.0162
0 0.2993 0.1257 0.0088 0.0221
0 0.2847 0.0926 0.0088 0.0235
0 0.2314 0.0971 0.0098 0.0235
0 0.2627 0.1993 0.0059 0.0132
0 0.4619 0.0669 0.0117 0.025
0 0.3594 0.0728 0.0098 0.0191
0 0.377 0.075 0.0098 0.0176
0 0.4062 0.0824 0.0098 0.0176
0 0.4043 0.0522 0.0078 0.0162
0 0.4224 0.0662 0.0088 0.0176
0 0.3926 0.0463 0.0098 0.0162
0 0.3403 0.1331 0.0088 0.0191
0 0.3027 0.0647 0.0078 0.0176
0 0.2729 0.0478 0.0088 0.0162
0 0.2515 0.0331 0.0088 0.0162
0 0.228 0.0544 0.0088 0.0176
0 0.3774 0.2382 0.0088 0.0206
0 0.3516 0.2934 0.0098 0.0162
0 0.3618 0.2618 0.0088 0.0176
0 0.3428 0.2338 0.0098 0.0176
0 0.4375 0.2368 0.0078 0.0176
0 0.4795 0.2515 0.0078 0.0147
0 0.4839 0.2 0.0088 0.0176
0 0.4404 0.1757 0.0098 0.0191
0 0.4492 0.189 0.0098 0.0221
0 0.4204 0.2007 0.0088 0.0191
0 0.4814 0.1324 0.0098 0.0206
0 0.5024 0.1463 0.0088 0.0162
0 0.437 0.1206 0.0088 0.0176
0 0.4604 0.1022 0.0088 0.0162
0 0.4946 0.1 0.0088 0.0176
0 0.5669 0.0956 0.0068 0.0206
0 0.5044 0.0632 0.0107 0.0206
0 0.4795 0.0279 0.0078 0.0206
0 0.5332 0.0684 0.0078 0.0191
0 0.5977 0.0956 0.0098 0.0176
0 0.5786 0.061 0.0107 0.0191
0 0.6182 0.0559 0.0098 0.0206
0 0.5518 0.0412 0.0098 0.0176
0 0.5713 0.0875 0.0117 0.025
0 0.522 0.0265 0.0107 0.0206
0 0.5894 0.0338 0.0088 0.0176
0 0.6299 0.0404 0.0098 0.0191
0 0.6401 0.0169 0.0088 0.0191
0 0.5996 0.0118 0.0078 0.0118
0 0.3818 0.1912 0.0098 0.0206
0 0.3477 0.1934 0.0098 0.0191
0 0.3486 0.1654 0.0059 0.0162
0 0.3784 0.1632 0.0088 0.0176
0 0.4136 0.1676 0.0088 0.0206
0 0.2476 0.3904 0.0107 0.0221
0 0.2529 0.364 0.0098 0.0191
0 0.2183 0.3574 0.0088 0.0176
0 0.5957 0.4463 0.0098 0.0191
0 0.5542 0.3912 0.0127 0.0235
0 0.5352 0.3463 0.0098 0.0221
0 0.6279 0.4875 0.0117 0.0191
0 0.5347 0.4471 0.0107 0.0206
0 0.5015 0.5044 0.0127 0.0235
0 0.4839 0.4772 0.0088 0.0191
0 0.5083 0.4331 0.0107 0.0221
0 0.4985 0.4213 0.0107 0.0221
0 0.5176 0.3743 0.0098 0.0221
0 0.5566 0.311 0.0078 0.0191
0 0.4028 0.1404 0.0068 0.0162
0 0.3213 0.3971 0.0098 0.0206
0 0.2842 0.3882 0.0098 0.0176
0 0.3301 0.3713 0.0098 0.0191
0 0.292 0.3669 0.0098 0.0191
0 0.3467 0.3265 0.0098 0.0176
0 0.312 0.3228 0.0068 0.0162
0 0.2715 0.3257 0.0098 0.0191
0 0.29 0.3 0.0098 0.0176
0 0.3179 0.2941 0.0088 0.0176
0 0.3843 0.2919 0.0088 0.0221
0 0.396 0.2537 0.0107 0.0191
0 0.7603 0.2154 0.0088 0.0191
0 0.7441 0.1838 0.0098 0.0206
0 0.7905 0.1787 0.0088 0.0191
0 0.7246 0.4162 0.0098 0.0206
0 0.7451 0.3897 0.0098 0.0206
0 0.7925 0.3831 0.0088 0.0191
0 0.5835 0.7846 0.0107 0.025
0 0.5576 0.7478 0.0098 0.0191
0 0.9536 0.764 0.0107 0.0221
0 0.8311 0.8449 0.0098 0.0221
0 0.7871 0.8066 0.0117 0.025
0 0.791 0.7897 0.0098 0.0206
0 0.5977 0.7176 0.0098 0.0235
0 0.6055 0.6838 0.0098 0.0206
0 0.624 0.6735 0.0098 0.0176
0 0.6841 0.9919 0.0127 0.0132
0 0.1851 0.5787 0.0107 0.025
0 0.374 0.1412 0.0098 0.0206
0 0.1875 0.3647 0.0098 0.0176
0 0.2358 0.3309 0.0088 0.0206
0 0.1772 0.3199 0.0088 0.0191
0 0.2134 0.3978 0.0088 0.0221
0 0.0469 0.4412 0.0098 0.0206
0 0.1372 0.4037 0.0088 0.0162
0 0.1079 0.3846 0.0107 0.0191
0 0.1436 0.3779 0.0078 0.0176
0 0.1343 0.3581 0.0107 0.0191
0 0.1196 0.3559 0.0107 0.0206
0 0.0903 0.3632 0.0088 0.0176
0 0.0996 0.3279 0.0117 0.0206
0 0.1401 0.3228 0.0088 0.0162
0 0.1587 0.3507 0.0107 0.0221
0 0.0361 0.3007 0.0078 0.0162
0 0.0347 0.3213 0.0088 0.0191
0 0.0146 0.3015 0.0078 0.0147
0 0.166 0.3 0.0117 0.0206
0 0.9653 0.5919 0.0127 0.0221
0 0.9941 0.6735 0.0078 0.0206
0 0.0688 0.1426 0.0107 0.0235
0 0.0527 0.1831 0.0098 0.0191
0 0.0288 0.1463 0.0088 0.0191
0 0.0562 0.1257 0.0088 0.0191
0 0.064 0.0824 0.0107 0.0176
0 0.0205 0.0081 0.0098 0.0191
0 0.0664 0.2529 0.0098 0.0206
0 0.0264 0.2456 0.0098 0.0147
0 0.2153 0.0265 0.0088 0.0147
0 0.1753 0.0088 0.0107 0.0176
0 0.3467 0.025 0.0078 0.0206
0 0.5664 0.5375 0.0117 0.0221
0 0.5449 0.5463 0.0117 0.0191
0 0.4971 0.5294 0.0117 0.0235
0 0.644 0.5537 0.0107 0.0221
0 0.6797 0.5221 0.0098 0.0206
0 0.5967 0.5882 0.0098 0.0206
0 0.5747 0.6169 0.0107 0.0221
0 0.7129 0.5015 0.0117 0.0235
0 0.6914 0.4618 0.0117 0.0206
0 0.7046 0.4809 0.0127 0.0206
0 0.7471 0.45 0.0098 0.0206
0 0.7773 0.4434 0.0098 0.0191
0 0.7764 0.4713 0.0117 0.0221
0 0.75 0.5162 0.0117 0.0235
0 0.7451 0.4904 0.0098 0.0191
0 0.6543 0.3706 0.0117 0.0176
0 0.5898 0.3787 0.0117 0.0162
0 0.7617 0.3456 0.0098 0.0176
0 0.6064 0.3279 0.0117 0.0206
0 0.7905 0.214 0.0107 0.0191
0 0.8091 0.2037 0.0107 0.0162
0 0.8291 0.1882 0.0117 0.0176
0 0.8257 0.1412 0.0107 0.0206
0 0.877 0.2132 0.0098 0.0206
0 0.8965 0.2125 0.0098 0.0191
0 0.9463 0.2118 0.0098 0.0176
0 0.9854 0.214 0.0098 0.0221
0 0.9355 0.1735 0.0117 0.0206
0 0.9468 0.1449 0.0088 0.0191
0 0.8203 0.0191 0.0098 0.0176
0 0.0938 0.4926 0.0098 0.0235
0 0.0879 0.4272 0.0098 0.0221
0 0.0605 0.4456 0.0098 0.0206
0 0.063 0.4228 0.0107 0.0162
0 0.0674 0.3941 0.0098 0.0176
0 0.0576 0.3588 0.0098 0.0176
0 0.0396 0.5088 0.0107 0.0206
0 0.0308 0.4787 0.0127 0.025
0 0.0532 0.5926 0.0107 0.0235
0 0.0737 0.561 0.0107 0.0221
0 0.332 0.5662 0.0117 0.0265
0 0.3276 0.6044 0.0107 0.0206
0 0.0181 0.4397 0.0088 0.0206
0 0.0176 0.339 0.0078 0.0191
0 0.0361 0.6485 0.0117 0.0235
0 0.0605 0.6941 0.0117 0.0206
0 0.0229 0.6985 0.0107 0.0235
0 0.0459 0.7397 0.0117 0.0235
0 0.0532 0.7735 0.0127 0.0235
0 0.0249 0.764 0.0127 0.0221
0 0.0801 0.7338 0.0117 0.0206
0 0.0957 0.7154 0.0098 0.0191
0 0.105 0.6735 0.0088 0.0176
0 0.1235 0.6728 0.0107 0.0221
0 0.1318 0.7493 0.0098 0.0221
0 0.0933 0.7662 0.0146 0.0265
0 0.0991 0.8088 0.0107 0.0206
0 0.0674 0.8029 0.0117 0.0235
0 0.0391 0.8051 0.0098 0.0221
0 0.0527 0.8426 0.0098 0.0176
0 0.1406 0.7713 0.0098 0.0221
0 0.1646 0.7066 0.0107 0.0221
0 0.2231 0.75 0.0107 0.0206
0 0.2173 0.775 0.0127 0.0235
0 0.2026 0.7176 0.0107 0.0176
0 0.2334 0.7331 0.0098 0.0162
0 0.2329 0.6485 0.0088 0.0176
0 0.1221 0.6382 0.0137 0.0235
0 0.084 0.6191 0.0117 0.0206
0 0.019 0.5882 0.0107 0.0206
0 0.0093 0.4949 0.0068 0.0191
0 0.1558 0.9044 0.0127 0.0206
0 0.1899 0.8971 0.0127 0.0235
0 0.1787 0.9522 0.0117 0.0221
0 0.146 0.9404 0.0127 0.0221
0 0.1138 0.914 0.0127 0.0191
0 0.127 0.875 0.0117 0.0206
0 0.0503 0.9051 0.0127 0.0191
0 0.0073 0.8728 0.0107 0.0221
0 0.1797 0.8397 0.0137 0.0235
0 0.1846 0.8176 0.0117 0.0206
0 0.1416 0.8096 0.0098 0.0221
0 0.2178 0.9581 0.0098 0.0191
0 0.0376 0.8882 0.0107 0.0206
0 0.0229 0.8199 0.0107 0.025
0 0.2534 0.6699 0.0107 0.0221
0 0.27 0.664 0.0107 0.0191
0 0.2974 0.6735 0.0107 0.0235
0 0.2607 0.7426 0.0117 0.0176
0 0.2969 0.7647 0.0117 0.0176
0 0.311 0.8088 0.0107 0.0265
0 0.2749 0.8162 0.0088 0.0176
0 0.3438 0.7463 0.0117 0.0191
0 0.3145 0.7081 0.0098 0.0191
0 0.3442 0.6816 0.0107 0.0221
0 0.3511 0.6382 0.0107 0.0176
0 0.3584 0.6154 0.0098 0.0191
0 0.4048 0.6801 0.0107 0.0221
0 0.3828 0.6471 0.0117 0.0176
0 0.3936 0.6103 0.0117 0.0176
0 0.3687 0.564 0.0107 0.0191
0 0.3882 0.5375 0.0107 0.0221
0 0.4287 0.6449 0.0098 0.0191
0 0.4497 0.6794 0.0107 0.0235
0 0.3975 0.7162 0.0117 0.0176
0 0.4297 0.7404 0.0117 0.0191
0 0.418 0.7368 0.0098 0.0176
0 0.4053 0.811 0.0117 0.0221
0 0.4463 0.8074 0.0098 0.0235
0 0.438 0.5816 0.0088 0.0191
0 0.4448 0.536 0.0107 0.0191
0 0.3433 0.5441 0.0107 0.0176
0 0.4775 0.5 0.0117 0.0235
0 0.4375 0.4713 0.0117 0.0191
0 0.4048 0.4809 0.0107 0.0176
0 0.1753 0.7632 0.0127 0.0235
0 0.5146 0.7493 0.0117 0.0221
0 0.4834 0.8154 0.0117 0.0221
0 0.4897 0.8015 0.0107 0.0235
0 0.6289 0.7581 0.0117 0.0191
0 0.6538 0.8 0.0127 0.0235
0 0.6372 0.836 0.0107 0.0191
0 0.624 0.8603 0.0137 0.0235
0 0.646 0.9022 0.0127 0.0191
0 0.4868 0.6603 0.0127 0.0206
0 0.5454 0.7904 0.0107 0.025
0 0.5503 0.6537 0.0107 0.0162
0 0.5029 0.6257 0.0098 0.0191
0 0.6289 0.6301 0.0117 0.0221
0 0.6763 0.5963 0.0127 0.0221
0 0.6841 0.6338 0.0107 0.0176
0 0.6958 0.6897 0.0107 0.0206
0 0.6748 0.7566 0.0137 0.0221
0 0.7012 0.7559 0.0117 0.0206
0 0.6855 0.8412 0.0117 0.0206
0 0.7075 0.8647 0.0127 0.0235
0 0.7461 0.8647 0.0117 0.0235
0 0.7803 0.8434 0.0117 0.0221
0 0.7681 0.8 0.0107 0.0235
0 0.7539 0.7706 0.0117 0.0235
0 0.7646 0.6985 0.0117 0.0206
0 0.7715 0.6676 0.0098 0.0206
0 0.769 0.625 0.0088 0.0176
0 0.7227 0.6235 0.0117 0.0235
0 0.7373 0.589 0.0117 0.0221
0 0.7812 0.5919 0.0098 0.0191
0 0.5884 0.8625 0.0107 0.0191
0 0.3325 0.9699 0.0127 0.025
0 0.376 0.9743 0.0117 0.025
0 0.4375 0.9647 0.0098 0.0235
0 0.4775 0.9507 0.0137 0.025
0 0.4365 0.9221 0.0117 0.0235
0 0.3789 0.9125 0.0117 0.0221
0 0.3047 0.9213 0.0117 0.0221
0 0.2437 0.9772 0.0127 0.0221
0 0.2622 0.9279 0.0107 0.0235
0 0.2266 0.8772 0.0117 0.0221
0 0.2739 0.8779 0.0127 0.0235
0 0.3281 0.8816 0.0098 0.025
0 0.3516 0.8875 0.0117 0.0221
0 0.4219 0.889 0.0098 0.0191
0 0.5718 0.9346 0.0107 0.0221
0 0.6216 0.9346 0.0127 0.0221
0 0.6304 0.9897 0.0127 0.0176
0 0.6841 0.964 0.0107 0.0191
0 0.7031 0.9088 0.0117 0.0235
0 0.7456 0.9676 0.0107 0.0265
0 0.7432 0.8993 0.0117 0.025
0 0.7808 0.8809 0.0107 0.0176
0 0.7783 0.911 0.0137 0.0191
0 0.8174 0.8743 0.0117 0.0221
0 0.9199 0.95 0.0117 0.0265
0 0.9531 0.9713 0.0098 0.025
0 0.9434 0.9904 0.0117 0.0162
0 0.9292 0.8441 0.0127 0.0235
0 0.9463 0.8809 0.0117 0.0206
0 0.9727 0.8544 0.0117 0.0235
0 0.9927 0.9632 0.0107 0.0206
0 0.6997 0.6596 0.0127 0.0221
0 0.7158 0.5765 0.0117 0.0206
0 0.7539 0.5559 0.0117 0.0176
0 0.7896 0.5559 0.0088 0.0206
0 0.8188 0.6449 0.0107 0.0221
0 0.8374 0.6485 0.0107 0.0206
0 0.8574 0.6662 0.0098 0.0176
0 0.8574 0.6926 0.0117 0.0235
0 0.8105 0.7029 0.0117 0.0206
0 0.8218 0.5941 0.0107 0.0206
0 0.854 0.6022 0.0107 0.0191
0 0.7236 0.5647 0.0117 0.0206
0 0.6914 0.536 0.0117 0.0191
0 0.4717 0.6934 0.0098 0.0191
0 0.9097 0.4713 0.0127 0.0221
0 0.8198 0.461 0.0146 0.0221
0 0.8057 0.2779 0.0098 0.0176
0 0.9873 0.3007 0.0117 0.0191
0 0.9448 0.3199 0.0088 0.0162
0 0.4414 0.0257 0.0098 0.0162
0 0.9819 0.1603 0.0107 0.0206
0 0.9536 0.5397 0.0088 0.0176
0 0.5269 0.8294 0.0127 0.0235
0 0.0068 0.7257 0.0137 0.0279
0 0.0112 0.9184 0.0107 0.0191
0 0.0405 0.2779 0.0088 0.0147
0 0.0122 0.2669 0.0107 0.0162
0 0.0151 0.1331 0.0088 0.0162
