0 0.9189 0.41 0.0215 0.0439
0 0.8682 0.5498 0.0195 0.0337
0 0.7988 0.5454 0.0176 0.0366
0 0.7979 0.4063 0.0176 0.0337
0 0.8506 0.3924 0.0176 0.0322
0 0.063 0.407 0.0186 0.0351
0 0.1206 0.4151 0.0186 0.0337
0 0.1714 0.4034 0.0166 0.0337
0 0.2319 0.4041 0.0166 0.0322
0 0.2778 0.4063 0.0166 0.0337
0 0.3374 0.4004 0.0166 0.0337
0 0.2305 0.5447 0.0195 0.0351
0 0.1519 0.5549 0.0186 0.0351
0 0.3086 0.5593 0.0176 0.0351
0 0.3882 0.3895 0.0166 0.0351
0 0.4375 0.4004 0.0156 0.0337
0 0.3848 0.5469 0.0195 0.0366
0 0.4629 0.5476 0.0176 0.0322
0 0.4932 0.3829 0.0156 0.0337
0 0.5425 0.41 0.0166 0.0322
0 0.5967 0.4026 0.0156 0.0293
0 0.5352 0.5425 0.0176 0.0337
0 0.5977 0.5432 0.0176 0.0351
0 0.6465 0.4085 0.0156 0.0293
0 0.6611 0.5315 0.0176 0.0351
0 0.6899 0.4063 0.0146 0.0307
0 0.7407 0.4092 0.0146 0.0307
0 0.7256 0.5366 0.0176 0.0307
