0 0.5098 0.2145 0.0391 0.0776
0 0.6128 0.1977 0.04 0.0791
0 0.394 0.2167 0.04 0.0878
0 0.3413 0.2467 0.0146 0.0307
0 0.9028 0.2635 0.0068 0.0117
0 0.9316 0.2526 0.0059 0.0132
0 0.8853 0.2306 0.0049 0.0132
0 0.9077 0.1369 0.0068 0.0132
0 0.9146 0.1881 0.0049 0.0102
0 0.9053 0.1874 0.0059 0.0117
0 0.9219 0.2328 0.0059 0.0117
0 0.9292 0.1881 0.0049 0.0102
0 0.1587 0.1889 0.042 0.0878
0 0.0479 0.2994 0.0078 0.0161
0 0.0181 0.3038 0.0068 0.0132
0 0.1411 0.5337 0.0439 0.0864
0 0.2725 0.1918 0.041 0.082
0 0.2256 0.194 0.0059 0.0132
0 0.2979 0.5351 0.041 0.0893
0 0.4639 0.5498 0.043 0.0835
0 0.6411 0.571 0.04 0.0878
0 0.8228 0.2247 0.042 0.0864
0 0.7222 0.1999 0.042 0.0922
0 0.8579 0.2504 0.0088 0.0146
0 0.8828 0.2555 0.0059 0.0102
0 0.9043 0.2401 0.0059 0.0117
0 0.959 0.2277 0.0078 0.0132
0 0.9741 0.2284 0.0068 0.0146
0 0.9849 0.2182 0.0049 0.0117
0 0.9775 0.2489 0.0059 0.0088
0 0.9526 0.1779 0.0068 0.0132
0 0.8833 0.1794 0.0068 0.0132
0 0.8491 0.1691 0.0068 0.0161
0 0.9233 0.134 0.0049 0.0102
0 0.915 0.153 0.0059 0.0102
0 0.9824 0.1691 0.0059 0.0132
0 0.9941 0.1742 0.0059 0.0117
0 0.9824 0.1274 0.0059 0.0117
0 0.9551 0.1508 0.0059 0.0117
0 0.9346 0.1559 0.0059 0.0102
0 0.8867 0.153 0.0059 0.0132
0 0.8403 0.1281 0.0068 0.0132
0 0.8271 0.1449 0.0059 0.0117
0 0.8135 0.1457 0.0059 0.0102
0 0.7993 0.1486 0.0049 0.0102
0 0.7983 0.1266 0.0068 0.0132
0 0.8604 0.0981 0.0059 0.0117
0 0.8921 0.123 0.0068 0.0117
0 0.8833 0.1127 0.0049 0.0117
0 0.9678 0.0981 0.0059 0.0117
0 0.9624 0.0791 0.0068 0.0146
0 0.9902 0.101 0.0059 0.0117
0 0.8408 0.1025 0.0059 0.0117
0 0.8169 0.104 0.0049 0.0088
0 0.8345 0.0893 0.0049 0.0088
0 0.9019 0.0827 0.0049 0.0102
0 0.918 0.0747 0.0059 0.0117
0 0.9033 0.1054 0.0078 0.0117
0 0.8813 0.0747 0.0068 0.0117
0 0.7954 0.0952 0.0049 0.0088
0 0.7852 0.0564 0.0059 0.0102
0 0.8413 0.0578 0.0068 0.0102
0 0.8687 0.0769 0.0068 0.0132
0 0.9844 0.0476 0.0078 0.0132
0 0.9614 0.0527 0.0068 0.0117
0 0.8345 0.0776 0.0068 0.0117
0 0.8169 0.0439 0.0049 0.0088
0 0.8555 0.1486 0.0059 0.0102
0 0.8545 0.2211 0.0078 0.0146
0 0.9473 0.1252 0.0078 0.0132
0 0.9092 0.0439 0.0078 0.0146
0 0.9438 0.0403 0.0049 0.0102
0 0.8516 0.0608 0.0078 0.0132
0 0.8633 0.0512 0.0078 0.0146
0 0.666 0.1647 0.0059 0.0132
0 0.6973 0.1625 0.0059 0.0088
0 0.6548 0.1881 0.0068 0.0132
0 0.6768 0.2152 0.0059 0.0117
0 0.6768 0.235 0.0059 0.0102
0 0.6504 0.2138 0.0059 0.0117
0 0.6523 0.112 0.0059 0.0132
0 0.6719 0.1171 0.0059 0.0117
0 0.6924 0.1266 0.0078 0.0161
0 0.7144 0.1164 0.0068 0.0132
0 0.7095 0.093 0.0068 0.0102
0 0.6895 0.1076 0.0078 0.0132
0 0.5908 0.0974 0.0059 0.0102
0 0.6074 0.0959 0.0059 0.0102
0 0.5688 0.1098 0.0068 0.0117
0 0.5596 0.1823 0.0059 0.0102
0 0.5405 0.2277 0.0068 0.0132
0 0.562 0.2233 0.0068 0.0102
0 0.54 0.1406 0.0059 0.0117
0 0.5464 0.112 0.0049 0.0102
0 0.5825 0.0864 0.0049 0.0088
0 0.5996 0.0739 0.0059 0.0102
0 0.6284 0.1105 0.0049 0.0102
0 0.6265 0.0915 0.0068 0.0132
0 0.6553 0.0498 0.0059 0.0117
0 0.6875 0.041 0.0059 0.0088
0 0.7109 0.0403 0.0059 0.0102
0 0.6465 0.1647 0.0059 0.0102
0 0.4482 0.2423 0.0078 0.0132
0 0.4268 0.2365 0.0059 0.0132
0 0.4492 0.2247 0.0059 0.0102
0 0.4761 0.2321 0.0068 0.0132
0 0.4302 0.2013 0.0068 0.0132
0 0.4688 0.1874 0.0059 0.0117
0 0.4873 0.164 0.0059 0.0117
0 0.501 0.1545 0.0059 0.0102
0 0.4448 0.1523 0.0049 0.0088
0 0.4834 0.1237 0.0059 0.0102
0 0.479 0.0959 0.0068 0.0102
0 0.4585 0.1083 0.0068 0.0117
0 0.4189 0.1281 0.0059 0.0102
0 0.4614 0.1442 0.0068 0.0132
0 0.499 0.0857 0.0059 0.0102
0 0.498 0.1032 0.0059 0.0102
0 0.4995 0.1325 0.0068 0.0132
0 0.5142 0.1325 0.0088 0.019
0 0.5552 0.0813 0.0049 0.0102
0 0.5649 0.0915 0.0068 0.0161
0 0.4746 0.0512 0.0059 0.0117
0 0.4551 0.0549 0.0059 0.0102
0 0.416 0.0578 0.0059 0.0102
0 0.439 0.0542 0.0068 0.0117
0 0.5435 0.041 0.0049 0.0088
0 0.5112 0.0432 0.0049 0.0102
0 0.5303 0.0095 0.0059 0.0102
0 0.5161 0.0051 0.0068 0.0102
0 0.4243 0.1552 0.0088 0.0146
0 0.3989 0.1281 0.0088 0.0132
0 0.377 0.1574 0.0059 0.0132
0 0.3594 0.1266 0.0059 0.0102
0 0.3955 0.112 0.0059 0.0102
0 0.3574 0.0827 0.0059 0.0102
0 0.4814 0.1479 0.0078 0.0146
0 0.4414 0.1018 0.0059 0.0102
0 0.3311 0.0307 0.0059 0.0117
0 0.394 0.0286 0.0068 0.0132
0 0.3691 0.0315 0.0059 0.0132
0 0.3496 0.1859 0.0059 0.0117
0 0.2212 0.1684 0.0068 0.0146
0 0.1997 0.1764 0.0068 0.0132
0 0.1919 0.1493 0.0068 0.0117
0 0.2295 0.1464 0.0059 0.0117
0 0.2148 0.1135 0.0059 0.0102
0 0.2368 0.0959 0.0068 0.0132
0 0.2578 0.0886 0.0059 0.0102
0 0.2769 0.0922 0.0068 0.0117
0 0.2729 0.0512 0.0049 0.0088
0 0.2319 0.0878 0.0068 0.0117
0 0.2148 0.0871 0.0059 0.0102
0 0.1914 0.082 0.0059 0.0117
0 0.1743 0.0717 0.0068 0.0117
0 0.1689 0.0681 0.0059 0.0102
0 0.1514 0.0783 0.0059 0.0102
0 0.1436 0.09 0.0059 0.0102
0 0.1675 0.0988 0.0049 0.0102
0 0.2012 0.0307 0.0059 0.0088
0 0.2358 0.0307 0.0068 0.0117
0 0.2593 0.0754 0.0049 0.0102
0 0.2393 0.0703 0.0059 0.0088
0 0.2192 0.0681 0.0068 0.0132
0 0.2383 0.1903 0.0078 0.0146
0 0.1245 0.175 0.0068 0.0132
0 0.0962 0.1816 0.0068 0.0146
0 0.1089 0.2408 0.0068 0.0132
0 0.123 0.2321 0.0059 0.0102
0 0.1045 0.1574 0.0059 0.0102
0 0.1338 0.1171 0.0059 0.0117
0 0.0806 0.0688 0.0088 0.0146
0 0.0557 0.0659 0.0078 0.0117
0 0.02 0.0761 0.0068 0.0117
0 0.0063 0.0864 0.0068 0.0117
0 0.0308 0.0425 0.0068 0.0117
0 0.0312 0.0608 0.0059 0.0102
0 0.0059 0.0586 0.0059 0.0117
0 0.0103 0.0337 0.0068 0.0117
0 0.0356 0.0344 0.0068 0.0132
0 0.062 0.0176 0.0068 0.0117
0 0.0894 0.0549 0.0068 0.0102
0 0.0298 0.0117 0.0068 0.0117
0 0.0679 0.0776 0.0068 0.0117
0 0.0552 0.1054 0.0068 0.0088
0 0.1108 0.112 0.0049 0.0132
0 0.1035 0.0212 0.0078 0.0132
0 0.9531 0.2284 0.0059 0.0146
0 0.9331 0.112 0.0049 0.0102
0 0.6924 0.0754 0.0059 0.0102
0 0.6909 0.06 0.0049 0.0088
0 0.0425 0.0761 0.0068 0.0146
0 0.9556 0.3155 0.0068 0.0161
0 0.978 0.3316 0.0068 0.0132
