0 0.1338 0.2349 0.0391 0.0764
0 0.2334 0.2467 0.0332 0.0617
0 0.2729 0.4273 0.0322 0.0646
0 0.1597 0.5808 0.0322 0.0661
0 0.1904 0.5 0.0352 0.069
0 0.3188 0.5903 0.0381 0.0734
0 0.3389 0.4897 0.0332 0.069
0 0.3535 0.254 0.0332 0.0617
0 0.4692 0.2621 0.0342 0.0631
0 0.3911 0.42 0.0303 0.0617
0 0.439 0.514 0.0322 0.0705
0 0.498 0.4251 0.0332 0.0631
0 0.5391 0.4993 0.0332 0.0617
0 0.46 0.5925 0.0332 0.0661
0 0.5117 0.7004 0.041 0.0705
0 0.6143 0.5999 0.0332 0.0661
0 0.7871 0.2717 0.0371 0.0646
0 0.686 0.2673 0.0361 0.0617
0 0.7158 0.4479 0.0293 0.0646
0 0.7471 0.5419 0.0371 0.0529
0 0.7329 0.6087 0.0361 0.0661
0 0.6611 0.522 0.0312 0.0631
0 0.6055 0.4185 0.0332 0.0646
0 0.5781 0.2438 0.0332 0.0617
