0 0.7603 0.4076 0.0146 0.0234
0 0.8203 0.4141 0.0059 0.0104
0 0.8066 0.4206 0.0059 0.0104
0 0.7769 0.4173 0.0068 0.0091
0 0.9233 0.4303 0.0068 0.0117
0 0.9468 0.4232 0.0049 0.0078
0 0.8882 0.4193 0.0068 0.0104
0 0.8677 0.3991 0.0049 0.0091
0 0.8823 0.4069 0.0049 0.0091
0 0.8892 0.4017 0.0049 0.0091
0 0.9033 0.4219 0.0059 0.0104
0 0.9165 0.4043 0.0049 0.0091
0 0.9536 0.4017 0.0049 0.0091
0 0.6729 0.4473 0.0059 0.0117
0 0.645 0.4479 0.0049 0.0104
0 0.522 0.3613 0.0244 0.043
0 0.5835 0.3984 0.0127 0.026
0 0.4487 0.4805 0.0283 0.0573
0 0.3042 0.4375 0.0088 0.0182
0 0.1621 0.3763 0.0176 0.0312
0 0.2515 0.4368 0.0107 0.0195
0 0.2095 0.4577 0.0068 0.0117
0 0.2266 0.4635 0.0059 0.0104
0 0.0698 0.4206 0.0068 0.0104
0 0.0229 0.4382 0.0088 0.0117
0 0.2896 0.457 0.0068 0.0104
0 0.27 0.4609 0.0049 0.0104
0 0.937 0.4427 0.0049 0.0104
0 0.9731 0.416 0.0068 0.0143
