0 0.9028 0.4927 0.0264 0.0571
0 0.8276 0.5161 0.0264 0.0571
0 0.8384 0.3763 0.0264 0.0527
0 0.7837 0.3572 0.0244 0.0498
0 0.7642 0.429 0.0264 0.0586
0 0.7393 0.5132 0.0254 0.0542
0 0.7095 0.4078 0.0283 0.0542
0 0.623 0.5015 0.0293 0.06
0 0.6719 0.3697 0.0273 0.0512
0 0.6343 0.3236 0.0244 0.0527
0 0.5928 0.3346 0.0273 0.0483
0 0.541 0.3485 0.0254 0.0498
0 0.5557 0.4283 0.0254 0.0542
0 0.5029 0.4261 0.0254 0.0498
0 0.4795 0.3206 0.0234 0.0498
0 0.4277 0.336 0.0254 0.0571
0 0.4395 0.5037 0.0254 0.0527
0 0.1289 0.418 0.0332 0.0659
0 0.1968 0.5454 0.0303 0.0659
0 0.1855 0.3023 0.0293 0.06
0 0.2207 0.284 0.0312 0.0615
0 0.25 0.5439 0.0293 0.06
0 0.3838 0.5029 0.0254 0.0542
0 0.3184 0.3324 0.0273 0.0586
0 0.3926 0.3455 0.0254 0.0527
0 0.3198 0.4707 0.0264 0.0542
