0 0.1562 0.1649 0.043 0.0821
0 0.2881 0.2497 0.0332 0.0613
0 0.377 0.3044 0.0293 0.0639
0 0.438 0.3572 0.0283 0.0495
0 0.4824 0.3846 0.0195 0.0443
0 0.5259 0.4153 0.0205 0.0378
0 0.5469 0.4302 0.0195 0.0339
0 0.5718 0.4407 0.0186 0.0339
0 0.5923 0.4498 0.0166 0.0287
0 0.6069 0.4628 0.0127 0.0261
0 0.6128 0.4778 0.0107 0.0196
0 0.6289 0.4837 0.0156 0.0261
0 0.6479 0.4928 0.0127 0.0235
0 0.665 0.4928 0.0137 0.0235
0 0.6929 0.5065 0.0127 0.0222
0 0.7134 0.5078 0.0107 0.0222
0 0.7383 0.5183 0.0117 0.0196
0 0.7603 0.5241 0.0127 0.0209
0 0.7847 0.5293 0.0107 0.0209
0 0.8076 0.53 0.0117 0.0196
0 0.8364 0.5326 0.0107 0.0169
0 0.8594 0.5287 0.0117 0.0169
0 0.877 0.5443 0.0098 0.0169
0 0.8945 0.5437 0.0098 0.0156
0 0.9297 0.5528 0.0117 0.0183
