0 0.0923 0.2446 0.0869 0.1553
0 0.2368 0.2261 0.1143 0.1807
0 0.4688 0.1694 0.0176 0.0322
0 0.5503 0.1577 0.0186 0.0361
0 0.6318 0.187 0.0137 0.0146
0 0.3657 0.188 0.0146 0.0166
0 0.7788 0.1772 0.0928 0.1318
0 0.9009 0.1553 0.1143 0.1523
0 0.709 0.5894 0.0332 0.0439
0 0.7783 0.5918 0.0332 0.043
0 0.2466 0.5869 0.0381 0.0469
0 0.459 0.6475 0.0137 0.0156
0 0.3955 0.6577 0.0117 0.0166
0 0.3828 0.5962 0.0117 0.0186
0 0.3037 0.5713 0.0078 0.0117
0 0.1274 0.5688 0.0146 0.0205
0 0.1865 0.5537 0.0137 0.0137
0 0.375 0.624 0.0098 0.0156
0 0.3418 0.5488 0.0098 0.0117
0 0.3267 0.5474 0.0107 0.0107
0 0.4604 0.5542 0.0127 0.0186
0 0.3823 0.5508 0.0068 0.0137
0 0.8462 0.3877 0.0049 0.0098
0 0.8604 0.3862 0.0098 0.0127
0 0.1079 0.6489 0.0146 0.0205
0 0.0693 0.647 0.0137 0.0186
0 0.0254 0.6104 0.0117 0.0117
0 0.2007 0.627 0.0146 0.0215
