0 0.1323 0.403 0.0283 0.0482
0 0.2188 0.3008 0.0176 0.0521
0 0.3501 0.278 0.0186 0.0378
0 0.3726 0.3522 0.0303 0.0534
0 0.4912 0.2988 0.0195 0.0404
0 0.4385 0.2962 0.0137 0.0352
0 0.1167 0.3255 0.0166 0.026
0 0.5903 0.3392 0.0283 0.0664
0 0.5679 0.2956 0.0303 0.0469
0 0.6997 0.3281 0.0283 0.0521
0 0.6724 0.2949 0.0166 0.0273
0 0.7407 0.3893 0.0264 0.0547
0 0.8647 0.362 0.0322 0.0495
0 0.8535 0.293 0.0195 0.0365
0 0.7583 0.3021 0.0205 0.0417
0 0.7314 0.291 0.0215 0.0378
0 0.7095 0.252 0.0146 0.0378
0 0.8862 0.2715 0.0146 0.0221
0 0.9546 0.2936 0.0166 0.0299
0 0.4678 0.2565 0.0156 0.0286
0 0.0234 0.2884 0.0156 0.0352
0 0.373 0.2728 0.0137 0.0273
0 0.5986 0.2891 0.0137 0.0156
0 0.8052 0.2852 0.0127 0.0208
0 0.9478 0.4076 0.0146 0.026
0 0.8818 0.3327 0.0137 0.0247
