0 0.1274 0.6673 0.0127 0.0294
0 0.3921 0.6415 0.0088 0.0221
0 0.5024 0.5009 0.0049 0.0129
0 0.5674 0.6204 0.0039 0.0129
0 0.5742 0.6094 0.0059 0.0165
0 0.6299 0.6167 0.0059 0.0165
0 0.0669 0.705 0.0068 0.0165
0 0.2568 0.7068 0.0117 0.0239
0 0.2632 0.5993 0.0068 0.0147
0 0.0332 0.7362 0.0098 0.0129
0 0.0176 0.6719 0.0078 0.0165
0 0.0493 0.6057 0.0068 0.0165
0 0.0786 0.5699 0.0068 0.0147
0 0.0703 0.5561 0.0059 0.0129
0 0.0117 0.5901 0.0059 0.0147
0 0.0332 0.5561 0.0059 0.0129
0 0.127 0.6333 0.0059 0.0129
0 0.1982 0.5726 0.0059 0.0129
0 0.2104 0.5533 0.0049 0.011
0 0.1743 0.5726 0.0049 0.0092
0 0.29 0.5671 0.0059 0.0129
0 0.4736 0.5064 0.0059 0.0129
0 0.46 0.4458 0.0059 0.0129
0 0.3643 0.6066 0.0059 0.011
0 0.311 0.6967 0.0068 0.0147
0 0.3872 0.5653 0.0068 0.0129
0 0.6797 0.6443 0.0078 0.0239
0 0.0938 0.6195 0.0078 0.0184
0 0.5435 0.4908 0.0068 0.0221
0 0.4746 0.4678 0.0059 0.0129
0 0.4814 0.4678 0.0059 0.0129
0 0.4893 0.4623 0.0039 0.0092
0 0.2119 0.6893 0.0098 0.0257
0 0.0908 0.6011 0.0078 0.0184
0 0.0391 0.5414 0.0059 0.0165
0 0.0332 0.5809 0.0059 0.011
0 0.1216 0.6186 0.0049 0.0092
0 0.9097 0.5671 0.0049 0.0129
0 0.9893 0.6811 0.0176 0.0423
