0 0.2192 0.1665 0.0127 0.0232
0 0.2603 0.1604 0.0186 0.0305
0 0.3345 0.172 0.0146 0.0244
0 0.3389 0.1354 0.0098 0.022
0 0.3672 0.1317 0.0117 0.0244
0 0.3916 0.1604 0.0098 0.0207
0 0.3779 0.1811 0.0137 0.0183
0 0.3452 0.1091 0.0146 0.0159
0 0.2988 0.1823 0.0098 0.0183
0 0.4268 0.111 0.0098 0.0171
0 0.4409 0.1463 0.0127 0.0244
0 0.4312 0.1787 0.0127 0.028
0 0.4839 0.1341 0.0107 0.0195
0 0.4673 0.1872 0.0107 0.0232
0 0.5229 0.1366 0.0127 0.0268
0 0.5542 0.175 0.0146 0.028
0 0.4932 0.1866 0.0117 0.0171
0 0.5986 0.136 0.0117 0.0207
0 0.6294 0.1268 0.0088 0.0244
0 0.6714 0.1463 0.0107 0.0244
0 0.6709 0.1146 0.0137 0.0268
0 0.6577 0.0854 0.0127 0.0244
0 0.5996 0.1774 0.0117 0.0256
0 0.6431 0.1768 0.0146 0.0317
0 0.666 0.1805 0.0098 0.0244
0 0.6836 0.1909 0.0117 0.0256
0 0.7104 0.1091 0.0127 0.0256
0 0.7153 0.1537 0.0166 0.0293
0 0.7173 0.1866 0.0166 0.0268
0 0.7612 0.1171 0.0146 0.0293
0 0.8013 0.1311 0.0127 0.0256
0 0.813 0.1799 0.0166 0.0402
0 0.8447 0.122 0.0137 0.0317
0 0.8584 0.1817 0.0195 0.0415
0 0.9106 0.1963 0.0146 0.0366
0 0.9443 0.1311 0.0156 0.0305
0 0.9624 0.1927 0.0166 0.0317
