0 0.6211 0.8398 0.0391 0.0703
0 0.5396 0.6706 0.0146 0.0286
0 0.1572 0.778 0.0293 0.0378
0 0.2393 0.5853 0.0117 0.0221
0 0.2051 0.6107 0.0078 0.013
0 0.3965 0.6315 0.0117 0.0182
0 0.8438 0.6126 0.0156 0.0247
0 0.9595 0.6576 0.0225 0.0391
0 0.7617 0.5924 0.0098 0.0156
0 0.7266 0.5905 0.0098 0.0195
0 0.6948 0.5807 0.0166 0.026
0 0.7417 0.5755 0.0088 0.013
0 0.8999 0.5911 0.0068 0.0104
0 0.9302 0.5833 0.0068 0.0104
0 0.8755 0.582 0.0068 0.0104
0 0.8379 0.5729 0.0078 0.013
0 0.8711 0.554 0.0059 0.0091
0 0.9829 0.5697 0.0068 0.0117
0 0.6743 0.5924 0.0049 0.0078
0 0.7876 0.5944 0.0107 0.0117
0 0.4902 0.5892 0.0098 0.0169
0 0.7905 0.6549 0.0322 0.0469
0 0.2666 0.5892 0.0098 0.0169
0 0.354 0.763 0.0146 0.0286
0 0.063 0.765 0.0283 0.056
