0 0.519 0.4343 0.0264 0.052
0 0.4497 0.3388 0.0107 0.0195
0 0.4478 0.301 0.0088 0.0143
0 0.5513 0.329 0.0107 0.0208
0 0.5864 0.314 0.0107 0.0221
0 0.5977 0.2848 0.0059 0.0104
0 0.479 0.3082 0.0088 0.0104
0 0.9248 0.3882 0.0098 0.0143
0 0.981 0.3563 0.0107 0.0156
0 0.9741 0.2887 0.0049 0.0078
0 0.958 0.29 0.0039 0.0078
0 0.8857 0.3004 0.0059 0.0104
0 0.6973 0.2926 0.0059 0.0078
0 0.667 0.3023 0.0039 0.0091
0 0.7471 0.2919 0.0059 0.0065
0 0.7749 0.2991 0.0049 0.0078
0 0.4277 0.6547 0.0312 0.0481
0 0.1294 0.3322 0.0146 0.0221
0 0.1787 0.2919 0.0098 0.0169
0 0.2412 0.342 0.0156 0.0286
0 0.7144 0.3388 0.0068 0.0091
