0 0.7178 0.7767 0.0117 0.0161
0 0.708 0.8243 0.0078 0.0146
0 0.6943 0.6874 0.0078 0.019
0 0.667 0.6852 0.0078 0.0176
0 0.6538 0.6757 0.0068 0.0132
0 0.6494 0.705 0.0059 0.0161
0 0.8398 0.6069 0.0039 0.0132
0 0.9321 0.705 0.0049 0.0161
0 0.8271 0.6252 0.0059 0.0146
0 0.7505 0.4971 0.0049 0.0102
0 0.9126 0.4824 0.0049 0.0102
0 0.9502 0.5015 0.0039 0.0102
0 0.9678 0.4283 0.0039 0.0073
0 0.6045 0.9502 0.0098 0.0234
0 0.6797 0.9905 0.0098 0.0132
0 0.1719 0.7753 0.0098 0.019
0 0.2363 0.8843 0.0117 0.0146
0 0.2642 0.8455 0.0107 0.0132
0 0.1558 0.6786 0.0088 0.0161
0 0.3345 0.951 0.0049 0.0278
0 0.3486 0.896 0.0137 0.0146
0 0.479 0.8272 0.0107 0.0176
0 0.5034 0.9143 0.0088 0.0161
0 0.5029 0.6545 0.0059 0.0176
0 0.4707 0.6354 0.0039 0.0146
0 0.5396 0.7035 0.0049 0.0161
0 0.5874 0.6984 0.0049 0.0176
0 0.7271 0.6332 0.0068 0.0161
0 0.6533 0.907 0.0078 0.019
0 0.71 0.8719 0.0098 0.019
0 0.6631 0.8411 0.0098 0.0161
0 0.2441 0.7042 0.0059 0.0117
0 0.2505 0.7269 0.0068 0.0102
0 0.7397 0.8001 0.0088 0.019
0 0.7173 0.6083 0.0068 0.0161
0 0.7388 0.6127 0.0049 0.0132
0 0.7568 0.6845 0.0059 0.0132
0 0.8701 0.6955 0.0078 0.0146
0 0.8643 0.6537 0.0059 0.0102
