0 0.9531 0.331 0.0371 0.0701
0 0.9282 0.2438 0.0381 0.0732
0 0.9277 0.0911 0.0391 0.0732
0 0.8491 0.31 0.0381 0.0685
0 0.7881 0.2664 0.0371 0.0717
0 0.7637 0.3871 0.041 0.0763
0 0.7373 0.331 0.0352 0.0826
0 0.6489 0.317 0.0381 0.067
0 0.6343 0.2391 0.0361 0.067
0 0.5493 0.2539 0.04 0.0717
0 0.5698 0.398 0.0381 0.0701
0 0.4546 0.317 0.0342 0.0732
0 0.4316 0.2547 0.043 0.0732
0 0.752 0.1044 0.0449 0.0779
0 0.0659 0.0958 0.0518 0.0981
0 0.1865 0.1776 0.043 0.0872
0 0.3521 0.3528 0.0381 0.0732
0 0.3608 0.2477 0.042 0.0717
0 0.2983 0.317 0.0361 0.0701
0 0.231 0.352 0.04 0.0717
0 0.481 0.1869 0.042 0.0748
