0 0.8125 0.1619 0.0176 0.0351
0 0.8589 0.1664 0.0166 0.0364
0 0.7183 0.1658 0.0166 0.0299
0 0.6836 0.1762 0.0137 0.0247
0 0.7158 0.1346 0.0156 0.0273
0 0.6421 0.1619 0.0146 0.0299
0 0.6729 0.13 0.0117 0.026
0 0.6323 0.1099 0.0107 0.0221
0 0.7109 0.0897 0.0137 0.026
0 0.7612 0.0949 0.0166 0.0286
0 0.8008 0.1073 0.0137 0.0247
0 0.8457 0.1001 0.0176 0.0286
0 0.9468 0.1131 0.0186 0.0364
0 0.6592 0.0605 0.0137 0.0221
0 0.6978 0.0546 0.0107 0.0182
0 0.5547 0.1567 0.0137 0.0273
0 0.6011 0.1632 0.0127 0.0273
0 0.5986 0.1157 0.0098 0.0182
0 0.5234 0.1177 0.0137 0.0273
0 0.4839 0.1112 0.0107 0.0195
0 0.4404 0.1248 0.0137 0.026
0 0.4312 0.1593 0.0146 0.0221
0 0.3921 0.1398 0.0107 0.0169
0 0.3804 0.1612 0.0127 0.0182
0 0.125 0.1222 0.0117 0.0182
0 0.0762 0.1229 0.0137 0.0195
0 0.1069 0.0754 0.0127 0.026
0 0.9648 0.1762 0.0195 0.0351
0 0.9062 0.1782 0.0176 0.0364
