0 0.0674 0.2988 0.0254 0.0456
0 0.0747 0.3197 0.0146 0.0299
0 0.1094 0.3307 0.0234 0.0443
0 0.0122 0.3737 0.0264 0.0547
0 0.0117 0.4564 0.0254 0.0612
0 0.0303 0.4557 0.0234 0.0521
0 0.0532 0.4375 0.0186 0.0339
0 0.1714 0.5833 0.0342 0.0573
0 0.1626 0.3678 0.0283 0.0482
0 0.1914 0.3379 0.0234 0.043
0 0.2207 0.3776 0.0273 0.0469
0 0.2603 0.3828 0.0264 0.0443
0 0.2988 0.4004 0.0176 0.0378
0 0.2817 0.4095 0.0186 0.0352
0 0.2949 0.2246 0.0547 0.0534
0 0.4624 0.4017 0.0186 0.0326
0 0.5063 0.3802 0.0186 0.0286
0 0.5508 0.4453 0.0176 0.026
0 0.5674 0.4525 0.0137 0.0221
0 0.5757 0.3997 0.0146 0.0286
0 0.5879 0.3763 0.0117 0.0234
0 0.729 0.4121 0.0088 0.0221
0 0.7593 0.39 0.0127 0.0221
0 0.7739 0.3932 0.0166 0.0286
0 0.814 0.4238 0.0127 0.0195
0 0.8125 0.4538 0.0098 0.0195
0 0.8335 0.431 0.0107 0.0156
0 0.8442 0.4199 0.0127 0.0195
0 0.8589 0.4388 0.0107 0.0182
0 0.8608 0.418 0.0127 0.0208
0 0.6895 0.1947 0.0488 0.0716
0 0.022 0.3164 0.0244 0.0469
0 0.8828 0.4206 0.0117 0.0182
0 0.8726 0.4518 0.0088 0.0156
0 0.8975 0.4264 0.0117 0.0169
0 0.8975 0.4622 0.0098 0.013
0 0.9126 0.418 0.0107 0.0156
0 0.9326 0.4154 0.0078 0.0156
0 0.9385 0.4199 0.0078 0.0143
0 0.9609 0.4147 0.0098 0.0169
0 0.9722 0.4147 0.0088 0.0143
0 0.8184 0.1484 0.0078 0.0156
0 0.9766 0.4792 0.0273 0.0365
0 0.3169 0.3685 0.0166 0.0312
0 0.2563 0.3457 0.0166 0.0273
0 0.0654 0.4121 0.0176 0.0326
0 0.1816 0.4857 0.0293 0.0339
0 0.334 0.3939 0.0195 0.0352
0 0.4429 0.3874 0.0166 0.0352
0 0.939 0.4492 0.0088 0.0156
0 0.5508 0.388 0.0137 0.0208
