0 0.0356 0.3099 0.0205 0.0494
0 0.0737 0.2806 0.0225 0.053
0 0.1079 0.3181 0.0205 0.0475
0 0.1309 0.3282 0.0195 0.0457
0 0.1558 0.3291 0.0205 0.0548
0 0.1978 0.3144 0.0186 0.0475
0 0.2158 0.2715 0.0176 0.0494
0 0.2495 0.33 0.0186 0.0457
0 0.2876 0.309 0.0186 0.0475
0 0.2964 0.2706 0.0186 0.0402
0 0.3105 0.319 0.0176 0.0494
0 0.335 0.3282 0.0195 0.042
0 0.3652 0.2989 0.0195 0.0494
0 0.3701 0.3592 0.0176 0.0457
0 0.3794 0.2706 0.0166 0.0366
0 0.4062 0.2989 0.0195 0.0457
0 0.4097 0.3528 0.0186 0.0475
0 0.4346 0.4369 0.0234 0.0658
0 0.4316 0.2587 0.0176 0.042
0 0.4619 0.3007 0.0176 0.0457
0 0.4614 0.3848 0.0166 0.042
0 0.4956 0.3675 0.0166 0.0475
0 0.4922 0.2907 0.0156 0.0439
0 0.52 0.3272 0.0186 0.0439
0 0.5273 0.2925 0.0176 0.0366
0 0.5503 0.3236 0.0166 0.0475
0 0.5679 0.2907 0.0146 0.0329
0 0.5737 0.3245 0.0166 0.0457
0 0.5933 0.3218 0.0186 0.0475
0 0.606 0.3044 0.0146 0.042
0 0.5908 0.2861 0.0156 0.0311
0 0.5972 0.4845 0.0225 0.0548
0 0.6313 0.3016 0.0166 0.0402
0 0.6406 0.3135 0.0195 0.0494
0 0.6631 0.3007 0.0156 0.0457
0 0.6812 0.3172 0.0166 0.0457
0 0.7046 0.3218 0.0186 0.0512
0 0.7295 0.3135 0.0195 0.0457
0 0.7446 0.33 0.0186 0.0494
0 0.7769 0.2971 0.0205 0.0457
0 0.7974 0.3208 0.0205 0.053
0 0.8306 0.3163 0.0205 0.0475
0 0.8428 0.351 0.0215 0.0512
0 0.8726 0.3099 0.0205 0.053
0 0.9155 0.3227 0.0225 0.053
0 0.9473 0.3254 0.0234 0.0548
0 0.9565 0.1627 0.0029 0.0073
0 0.9224 0.1581 0.0029 0.0091
0 0.6953 0.16 0.0039 0.0091
0 0.4814 0.1453 0.0039 0.0091
0 0.4429 0.1527 0.0029 0.0091
0 0.4478 0.1563 0.0029 0.0091
0 0.6538 0.16 0.0029 0.0055
