0 0.0127 0.5846 0.0059 0.0103
0 0.04 0.5743 0.0059 0.0132
0 0.0791 0.5721 0.0098 0.0206
0 0.1235 0.564 0.0068 0.0132
0 0.1543 0.5853 0.0078 0.0176
0 0.1802 0.5831 0.0068 0.0132
0 0.1958 0.564 0.0049 0.0132
0 0.2231 0.5669 0.0049 0.0074
0 0.2397 0.5735 0.0049 0.0088
0 0.2476 0.5735 0.0049 0.0088
0 0.2368 0.5632 0.0029 0.0059
0 0.3203 0.5787 0.0059 0.0132
0 0.4692 0.7118 0.0107 0.0324
0 0.4966 0.586 0.0244 0.0368
0 0.5459 0.5588 0.0176 0.0324
0 0.6055 0.5456 0.0059 0.0088
0 0.3804 0.5706 0.0049 0.0088
0 0.4253 0.5559 0.0049 0.0147
