0 0.5933 0.7054 0.0088 0.0161
0 0.5562 0.5965 0.0068 0.0117
0 0.4536 0.5154 0.0068 0.0102
0 0.7222 0.5548 0.0068 0.0132
0 0.0503 0.905 0.0127 0.0205
0 0.0894 0.5205 0.0068 0.0117
0 0.1289 0.5446 0.0039 0.0073
0 0.0566 0.5387 0.0059 0.0073
0 0.0269 0.5278 0.0068 0.0088
0 0.0825 0.5022 0.0049 0.0102
0 0.0737 0.4459 0.0029 0.0058
0 0.064 0.4218 0.0049 0.0073
0 0.0869 0.4094 0.0039 0.0088
0 0.1089 0.4532 0.0049 0.0058
0 0.2437 0.4854 0.0049 0.0088
0 0.2036 0.4985 0.0049 0.0088
0 0.6631 0.4035 0.0059 0.0088
0 0.2476 0.5768 0.0049 0.0102
