0 0.3047 0.5627 0.0176 0.0379
0 0.1514 0.4264 0.0039 0.0102
0 0.1997 0.4257 0.0029 0.0087
0 0.23 0.4089 0.0049 0.0102
0 0.2339 0.4052 0.0049 0.0087
0 0.1567 0.4308 0.0029 0.0073
0 0.2432 0.4089 0.0039 0.0102
0 0.2812 0.4031 0.0059 0.0102
0 0.2998 0.4315 0.0059 0.0087
0 0.3457 0.449 0.0059 0.0117
0 0.4893 0.371 0.0039 0.0073
0 0.4365 0.3907 0.0039 0.0087
0 0.5884 0.4402 0.0088 0.0175
0 0.5767 0.4803 0.0166 0.0277
0 0.6318 0.3958 0.0039 0.0073
0 0.6514 0.3892 0.0039 0.0087
0 0.6855 0.3965 0.0039 0.0087
0 0.6938 0.398 0.0029 0.0058
0 0.7065 0.4191 0.0029 0.0102
0 0.7383 0.4125 0.0039 0.0087
0 0.7764 0.4162 0.0039 0.0102
0 0.7886 0.4322 0.0029 0.0073
0 0.7979 0.4738 0.0059 0.0117
0 0.8022 0.4322 0.0049 0.0073
0 0.8242 0.4534 0.0059 0.0117
0 0.8428 0.4519 0.0078 0.0146
0 0.8188 0.4716 0.0049 0.0102
0 0.8955 0.473 0.0078 0.0131
0 0.9038 0.535 0.0068 0.0175
0 0.9136 0.4876 0.0068 0.019
