0 0.0317 0.653 0.0225 0.0417
0 0.0317 0.574 0.0088 0.0158
0 0.1108 0.6214 0.0088 0.0158
0 0.2944 0.6185 0.0225 0.0302
0 0.2251 0.5711 0.0107 0.0129
0 0.2095 0.6272 0.0127 0.0158
0 0.4458 0.5984 0.0068 0.0187
0 0.5181 0.6164 0.0049 0.0086
0 0.582 0.6243 0.0098 0.0216
0 0.7524 0.6063 0.0107 0.0201
0 0.9395 0.5948 0.0078 0.0144
0 0.875 0.6401 0.0176 0.0359
0 0.7466 0.5819 0.0107 0.0115
0 0.1025 0.6027 0.0117 0.0158
0 0.2412 0.6157 0.0137 0.0129
0 0.0132 0.5826 0.0107 0.0216
0 0.9023 0.5682 0.0078 0.0158
0 0.7803 0.6193 0.0098 0.0144
0 0.8867 0.5963 0.0137 0.023
