0 0.0874 0.3411 0.0107 0.0234
0 0.1211 0.3184 0.0117 0.022
0 0.1406 0.366 0.0098 0.0234
0 0.0781 0.3712 0.0117 0.0307
0 0.0635 0.4305 0.0156 0.0293
0 0.0435 0.4202 0.0166 0.0322
0 0.2021 0.4048 0.0137 0.0278
0 0.2446 0.4239 0.0107 0.0249
0 0.3105 0.4217 0.0137 0.0351
0 0.4014 0.4158 0.0098 0.0293
0 0.4248 0.41 0.0098 0.0322
0 0.2812 0.4085 0.0117 0.0234
0 0.2832 0.369 0.0098 0.0293
0 0.2456 0.3763 0.0107 0.0205
0 0.2515 0.4114 0.0127 0.0293
0 0.0415 0.3734 0.0049 0.0117
0 0.0469 0.3609 0.0059 0.0102
0 0.3491 0.3873 0.0068 0.0161
0 0.3965 0.3858 0.0098 0.0249
0 0.4331 0.3807 0.0088 0.0234
0 0.4521 0.377 0.0078 0.0161
0 0.3032 0.3807 0.0107 0.0205
0 0.2959 0.3646 0.0078 0.0146
0 0.1978 0.3814 0.0107 0.019
0 0.3276 0.4041 0.0107 0.0264
0 0.3301 0.369 0.0078 0.0205
0 0.3184 0.388 0.0098 0.0176
0 0.5234 0.3712 0.0137 0.0366
0 0.666 0.4239 0.0137 0.0307
0 0.7051 0.4641 0.0117 0.0234
0 0.7495 0.4246 0.0107 0.0322
0 0.7393 0.4641 0.0098 0.0293
0 0.5542 0.4268 0.0088 0.019
0 0.4785 0.3799 0.0078 0.0161
0 0.4644 0.3763 0.0068 0.0176
0 0.5767 0.4253 0.0107 0.022
0 0.5859 0.4217 0.0078 0.0205
0 0.5938 0.3887 0.0098 0.0161
0 0.8564 0.4539 0.0156 0.0351
0 0.9004 0.4363 0.0098 0.0176
0 0.8735 0.4143 0.0068 0.0146
0 0.79 0.4334 0.0078 0.0205
0 0.6421 0.4268 0.0127 0.0249
0 0.7314 0.4107 0.0098 0.0249
0 0.5557 0.3917 0.0078 0.0161
0 0.9429 0.4283 0.0068 0.0161
0 0.1963 0.3485 0.0117 0.0205
0 0.811 0.4268 0.0107 0.0249
0 0.1519 0.3675 0.0107 0.0176
0 0.0098 0.3514 0.0156 0.0351
