0 0.1426 0.4961 0.0234 0.0471
0 0.2886 0.5581 0.0205 0.0424
0 0.436 0.5714 0.0225 0.0502
0 0.2339 0.7716 0.0244 0.0487
0 0.0767 0.7017 0.0186 0.0502
0 0.0786 0.8179 0.0205 0.044
0 0.1021 0.8603 0.0244 0.0502
0 0.0674 0.9662 0.0215 0.0455
0 0.6636 0.4984 0.0186 0.0392
0 0.499 0.2959 0.0215 0.0424
0 0.4399 0.1884 0.0186 0.044
0 0.54 0.2747 0.0195 0.0502
0 0.6567 0.792 0.0283 0.0392
0 0.9492 0.2049 0.0176 0.0424
0 0.8472 0.1264 0.0166 0.0392
0 0.8965 0.1436 0.0195 0.0455
0 0.5942 0.4286 0.0205 0.044
