0 0.6152 0.4519 0.0234 0.0637
0 0.498 0.3049 0.0254 0.0403
0 0.5332 0.2659 0.0156 0.0403
0 0.4629 0.2328 0.0195 0.0364
0 0.3218 0.4701 0.0342 0.0585
0 0.1621 0.37 0.0195 0.0429
0 0.0947 0.2614 0.0059 0.0078
0 0.0112 0.3342 0.0146 0.0286
0 0.1274 0.5839 0.0303 0.0546
0 0.3091 0.3654 0.0088 0.0156
0 0.063 0.2458 0.0068 0.0156
0 0.0605 0.3745 0.0117 0.026
0 0.1221 0.3485 0.0156 0.0208
0 0.1704 0.3375 0.0068 0.0143
0 0.3677 0.3505 0.0068 0.0143
0 0.397 0.357 0.0049 0.0143
0 0.3115 0.2737 0.0078 0.0143
0 0.2905 0.2685 0.0068 0.0143
0 0.189 0.2679 0.0068 0.013
0 0.1743 0.2627 0.0068 0.0104
0 0.1304 0.2646 0.0068 0.0117
0 0.1113 0.2601 0.0059 0.0156
0 0.3408 0.3401 0.0098 0.0169
0 0.2544 0.3362 0.0068 0.0143
0 0.2554 0.3609 0.0068 0.0143
0 0.2651 0.3322 0.0068 0.0143
0 0.0981 0.3355 0.0127 0.0208
0 0.0835 0.3381 0.0107 0.0182
0 0.4199 0.3706 0.0078 0.0156
0 0.0259 0.344 0.0127 0.0221
0 0.082 0.2588 0.0098 0.0156
0 0.2236 0.2744 0.0059 0.0104
0 0.3291 0.275 0.0059 0.0117
0 0.3418 0.2679 0.0059 0.0104
