0 0.0454 0.5675 0.0088 0.0208
0 0.0332 0.5617 0.0117 0.0247
0 0.2988 0.5916 0.0059 0.0143
0 0.333 0.5623 0.0078 0.0208
0 0.3887 0.5844 0.0117 0.0182
0 0.4624 0.5597 0.0088 0.0156
0 0.0161 0.5649 0.0107 0.0208
0 0.7173 0.6773 0.0186 0.0247
0 0.7607 0.561 0.0156 0.026
0 0.5679 0.5578 0.0127 0.0169
0 0.4224 0.5968 0.0127 0.0221
0 0.3521 0.5597 0.0127 0.026
0 0.6138 0.5864 0.0107 0.0169
0 0.1543 0.4974 0.0195 0.0468
0 0.231 0.5604 0.0146 0.0325
0 0.2632 0.574 0.0146 0.0234
0 0.0728 0.5766 0.0107 0.0182
0 0.4829 0.5844 0.0146 0.0286
0 0.5264 0.587 0.0098 0.0156
0 0.5171 0.589 0.0088 0.0169
