0 0.25 0.2152 0.0156 0.027
0 0.6138 0.1335 0.0537 0.1023
0 0.7441 0.1896 0.0371 0.0639
0 0.8252 0.1392 0.0234 0.0398
0 0.5757 0.2564 0.0244 0.0355
0 0.7588 0.1406 0.0176 0.0284
0 0.855 0.1591 0.0342 0.0597
0 0.8115 0.1868 0.0273 0.0526
0 0.0737 0.2741 0.0322 0.0653
0 0.2246 0.027 0.0117 0.0256
0 0.3008 0.228 0.0273 0.0469
0 0.4297 0.245 0.0215 0.0526
0 0.4478 0.2173 0.0264 0.0398
0 0.4883 0.2045 0.0117 0.0312
0 0.4355 0.174 0.0117 0.0241
0 0.251 0.2848 0.0254 0.0526
0 0.3477 0.2564 0.0273 0.0497
0 0.4644 0.2322 0.0127 0.0327
0 0.5054 0.1797 0.0127 0.0241
0 0.1914 0.2741 0.0195 0.0398
0 0.8306 0.1186 0.0186 0.0327
