0 0.5059 0.2199 0.0195 0.0352
0 0.5747 0.1811 0.0146 0.0337
0 0.5239 0.1114 0.0127 0.0323
0 0.5981 0.0652 0.0107 0.0308
0 0.6699 0.0411 0.0117 0.0323
0 0.6816 0.2273 0.0137 0.0352
0 0.6069 0.2185 0.0186 0.0352
0 0.4102 0.1723 0.0176 0.0425
0 0.4624 0.1283 0.0146 0.0337
0 0.4648 0.2221 0.0156 0.0337
0 0.4434 0.2463 0.0137 0.0293
0 0.3579 0.2163 0.0146 0.0337
0 0.7051 0.1158 0.0098 0.0323
0 0.7324 0.1591 0.0098 0.0337
0 0.7158 0.2104 0.0137 0.022
0 0.3018 0.2456 0.0176 0.0337
0 0.2422 0.2581 0.0176 0.0323
0 0.2222 0.2258 0.0127 0.0352
0 0.2485 0.2031 0.0146 0.0308
0 0.564 0.0557 0.0107 0.0323
0 0.4097 0.0858 0.0146 0.0308
0 0.7524 0.1158 0.0107 0.0205
0 0.1123 0.1979 0.0137 0.0293
0 0.1592 0.2309 0.0156 0.0308
0 0.1938 0.2265 0.0127 0.0249
0 0.0542 0.2346 0.0166 0.0352
0 0.0093 0.2097 0.0146 0.0352
0 0.1836 0.0491 0.0098 0.0249
0 0.2603 0.1078 0.0107 0.0279
0 0.2524 0.0469 0.0107 0.0176
0 0.0767 0.3065 0.0166 0.044
0 0.7842 0.1386 0.0137 0.0308
0 0.7778 0.2009 0.0127 0.0293
0 0.8228 0.2251 0.0146 0.0367
0 0.8628 0.0814 0.0088 0.0279
0 0.9448 0.0286 0.0146 0.0249
0 0.9619 0.1965 0.0176 0.0411
0 0.9355 0.2104 0.0156 0.0396
0 0.9429 0.1774 0.0127 0.0235
0 0.8765 0.25 0.0127 0.0337
0 0.7988 0.0491 0.0117 0.0279
0 0.1709 0.0132 0.0098 0.0235
0 0.2754 0.0095 0.0117 0.022
0 0.3105 0.0213 0.0117 0.022
0 0.3379 0.0161 0.0117 0.0176
0 0.1372 0.0359 0.0107 0.0161
0 0.2012 0.0176 0.0117 0.0176
0 0.106 0.0132 0.0107 0.0176
0 0.585 0.0088 0.0059 0.0117
0 0.6255 0.0125 0.0068 0.0103
0 0.3608 0.0858 0.0127 0.0279
0 0.4478 0.0117 0.0127 0.0205
