0 0.4097 0.2659 0.0088 0.0182
0 0.4355 0.2741 0.0078 0.02
0 0.4521 0.2787 0.0078 0.0182
0 0.478 0.2705 0.0068 0.0164
0 0.5513 0.2851 0.0068 0.0164
0 0.5742 0.3151 0.0059 0.0146
0 0.5918 0.3124 0.0098 0.0237
0 0.6455 0.326 0.0098 0.0255
0 0.771 0.3288 0.0127 0.0383
0 0.7183 0.3224 0.0283 0.0583
0 0.7964 0.3552 0.0068 0.0219
0 0.9751 0.398 0.0264 0.0674
0 0.8569 0.3871 0.0107 0.0273
0 0.9316 0.3406 0.0117 0.0219
0 0.8472 0.3406 0.0068 0.0146
0 0.8818 0.377 0.0078 0.0182
0 0.8682 0.3488 0.0059 0.0128
0 0.5366 0.2978 0.0088 0.0164
0 0.4922 0.2896 0.0059 0.0146
0 0.5112 0.3005 0.0107 0.0291
