0 0.1768 0.3506 0.0391 0.0548
0 0.5493 0.4401 0.042 0.0519
0 0.3887 0.544 0.0566 0.0462
0 0.3906 0.8737 0.0391 0.0418
0 0.917 0.3579 0.0469 0.0577
0 0.5542 0.2648 0.0146 0.0332
0 0.6055 0.2597 0.0176 0.0317
0 0.6533 0.3384 0.0195 0.0332
0 0.6484 0.4329 0.0234 0.0404
0 0.7217 0.2496 0.0156 0.0317
0 0.7246 0.4076 0.0195 0.0332
0 0.7388 0.4618 0.0205 0.0346
0 0.7783 0.2525 0.0176 0.0317
0 0.8325 0.2828 0.0146 0.026
0 0.8926 0.2532 0.0176 0.0332
0 0.9731 0.2424 0.0166 0.0317
0 0.9761 0.3961 0.0186 0.0418
0 0.4141 0.4235 0.0176 0.0361
0 0.0068 0.2807 0.0156 0.0274
0 0.9102 0.3261 0.0176 0.0317
