0 0.8066 0.6266 0.0234 0.041
0 0.4702 0.5739 0.0205 0.0351
0 0.0645 0.0593 0.0176 0.0249
0 0.3613 0.0381 0.0137 0.0293
0 0.3076 0.0388 0.0137 0.022
0 0.2988 0.0556 0.0176 0.0234
0 0.2217 0.2299 0.0488 0.0351
0 0.6465 0.3287 0.0312 0.0542
0 0.4717 0.6779 0.0254 0.0351
0 0.4526 0.1837 0.0225 0.0366
0 0.4106 0.2138 0.0186 0.0322
0 0.4014 0.1515 0.0176 0.0278
0 0.3521 0.2152 0.0166 0.0293
0 0.3027 0.194 0.0176 0.0249
0 0.3447 0.1054 0.0156 0.0205
0 0.4175 0.0805 0.0146 0.0264
0 0.4692 0.052 0.0146 0.0278
0 0.5366 0.0483 0.0146 0.0234
0 0.2441 0.1654 0.0176 0.0293
0 0.2778 0.1281 0.0166 0.0249
0 0.2349 0.0278 0.0146 0.0234
0 0.187 0.0673 0.0166 0.0205
0 0.1147 0.0769 0.0146 0.0278
0 0.1348 0.0337 0.0137 0.0264
