0 0.5474 0.7599 0.0146 0.0322
0 0.5396 0.6845 0.0107 0.0249
0 0.5488 0.6369 0.0117 0.0205
0 0.3042 0.6376 0.0107 0.019
0 0.6558 0.7657 0.0146 0.0205
0 0.688 0.7613 0.0127 0.0234
0 0.7188 0.7635 0.0117 0.022
0 0.9868 0.6369 0.0127 0.0205
0 0.9805 0.6149 0.0117 0.0176
0 0.9956 0.7306 0.0068 0.0322
0 0.9917 0.4861 0.0107 0.0234
0 0.2085 0.7599 0.0068 0.0176
0 0.8486 0.7526 0.0137 0.0264
0 0.7046 0.4905 0.0088 0.0205
0 0.7246 0.5007 0.0098 0.0205
0 0.731 0.5403 0.0127 0.0234
0 0.7432 0.5747 0.0098 0.0161
0 0.8516 0.4239 0.0078 0.019
0 0.8804 0.724 0.0127 0.0278
0 0.915 0.6925 0.0137 0.0264
0 0.9292 0.724 0.0146 0.0278
0 0.9097 0.7599 0.0146 0.0234
0 0.9551 0.7635 0.0156 0.0249
0 0.9761 0.7262 0.0127 0.0234
0 0.9521 0.6881 0.0117 0.0234
0 0.937 0.6567 0.0127 0.0278
0 0.9077 0.6625 0.0127 0.022
0 0.897 0.5871 0.0127 0.0234
0 0.9189 0.582 0.0117 0.022
0 0.9253 0.5476 0.0107 0.0146
0 0.9531 0.5315 0.0137 0.0234
0 0.9214 0.4824 0.0107 0.0161
0 0.9639 0.6296 0.0117 0.0264
0 0.7534 0.4568 0.0107 0.0117
0 0.7144 0.4473 0.0127 0.0161
0 0.7998 0.5703 0.0098 0.019
0 0.4043 0.6464 0.0176 0.0395
0 0.3584 0.3836 0.0391 0.0703
0 0.4751 0.3404 0.0439 0.0776
0 0.5854 0.3499 0.04 0.0732
0 0.0469 0.6208 0.0098 0.0176
0 0.1147 0.6332 0.0088 0.0161
0 0.1504 0.6369 0.0059 0.0146
0 0.0132 0.6508 0.0088 0.019
0 0.6997 0.6127 0.0107 0.019
0 0.6816 0.5337 0.0117 0.019
0 0.6626 0.4941 0.0107 0.022
0 0.0576 0.6545 0.0117 0.0176
0 0.0874 0.6669 0.0088 0.0161
0 0.1128 0.6654 0.0068 0.0102
0 0.123 0.6823 0.0098 0.0146
0 0.1455 0.683 0.0098 0.019
0 0.1826 0.6647 0.0117 0.0205
0 0.1055 0.7064 0.0117 0.022
0 0.2163 0.6376 0.0107 0.022
0 0.229 0.6918 0.0107 0.022
0 0.269 0.6442 0.0107 0.0146
0 0.1963 0.6596 0.0098 0.019
0 0.0059 0.7328 0.0078 0.0161
0 0.0278 0.7174 0.0146 0.0293
0 0.0679 0.7057 0.0107 0.0205
0 0.1484 0.7116 0.0117 0.0176
0 0.2856 0.7042 0.0146 0.0264
0 0.2773 0.6874 0.0098 0.022
0 0.3159 0.694 0.0107 0.0205
0 0.4277 0.7094 0.0137 0.0307
0 0.5229 0.765 0.0107 0.0249
