0 0.0713 0.2257 0.0312 0.0295
0 0.1616 0.2198 0.0342 0.0295
0 0.2505 0.1722 0.0264 0.0253
0 0.0903 0.1561 0.0264 0.0253
0 0.1655 0.1278 0.0264 0.0312
0 0.3511 0.1342 0.0205 0.027
0 0.5 0.1253 0.0605 0.0447
0 0.7251 0.0831 0.0303 0.0312
0 0.8125 0.0827 0.0332 0.0338
0 0.7676 0.2401 0.0293 0.0363
0 0.7944 0.3076 0.0361 0.0363
0 0.5718 0.1895 0.0303 0.0346
0 0.4673 0.2274 0.0244 0.0228
0 0.3892 0.2941 0.0381 0.0363
0 0.2783 0.3203 0.0332 0.0346
0 0.5786 0.3215 0.0361 0.0405
0 0.5938 0.262 0.0332 0.0312
0 0.6138 0.3764 0.0439 0.0338
0 0.0972 0.4785 0.0322 0.0321
0 0.1899 0.4903 0.0303 0.0321
0 0.2251 0.4004 0.0322 0.0278
0 0.2646 0.4823 0.0371 0.0363
0 0.2119 0.5435 0.0332 0.0371
0 0.2129 0.6131 0.0332 0.0329
0 0.4873 0.4646 0.0391 0.0363
0 0.9629 0.1224 0.0312 0.0354
0 0.7031 0.4899 0.0762 0.0397
0 0.4487 0.7608 0.0635 0.0363
0 0.4932 0.2017 0.0234 0.027
0 0.0107 0.57 0.0195 0.038
0 0.9863 0.4308 0.0254 0.0346
