0 0.1377 0.0866 0.0117 0.0273
0 0.1562 0.0918 0.0117 0.0221
0 0.1899 0.054 0.0107 0.0221
0 0.1904 0.1016 0.0098 0.0208
0 0.2207 0.1068 0.0078 0.0208
0 0.248 0.0605 0.0117 0.0169
0 0.2622 0.1035 0.0146 0.0195
0 0.0684 0.3743 0.0117 0.0169
0 0.189 0.4212 0.0186 0.0221
0 0.1738 0.459 0.0078 0.0221
0 0.3857 0.3822 0.0176 0.0273
0 0.5752 0.4831 0.0273 0.0365
0 0.5063 0.4206 0.0166 0.0208
0 0.4556 0.4089 0.0186 0.026
0 0.6934 0.25 0.0137 0.026
0 0.8081 0.4349 0.0166 0.0234
0 0.8071 0.502 0.0244 0.0352
0 0.7861 0.5781 0.0137 0.0391
0 0.8496 0.623 0.0273 0.0404
0 0.6436 0.4993 0.0195 0.0221
0 0.7485 0.748 0.0264 0.0482
0 0.3818 0.6712 0.0332 0.0508
0 0.8789 0.4342 0.0117 0.0247
0 0.252 0.4395 0.0117 0.0247
