0 0.0752 0.2138 0.0332 0.0586
0 0.127 0.2562 0.041 0.0791
0 0.2031 0.2138 0.0371 0.0703
0 0.2266 0.1691 0.0293 0.0571
0 0.2705 0.2108 0.0352 0.0615
0 0.3208 0.202 0.0283 0.0673
0 0.2432 0.3053 0.0371 0.0776
0 0.3296 0.3214 0.0381 0.0805
0 0.3618 0.2094 0.0322 0.0644
0 0.4238 0.202 0.0312 0.0556
0 0.5293 0.1786 0.0273 0.0615
0 0.5044 0.3184 0.0342 0.063
0 0.4331 0.3441 0.0342 0.0703
0 0.0864 0.4217 0.04 0.0673
0 0.1743 0.4729 0.0439 0.0791
0 0.2876 0.4714 0.0361 0.0732
0 0.3965 0.4561 0.0391 0.0835
0 0.6094 0.2101 0.0312 0.0659
0 0.6016 0.2958 0.0352 0.0703
0 0.6543 0.325 0.0352 0.0732
0 0.5 0.5015 0.0391 0.0776
0 0.603 0.4766 0.0381 0.0747
0 0.7031 0.1567 0.0312 0.0615
0 0.8159 0.2204 0.0322 0.063
0 0.73 0.3199 0.0303 0.0688
0 0.8198 0.3214 0.0381 0.0717
0 0.8911 0.3192 0.042 0.082
0 0.688 0.4883 0.0361 0.0747
0 0.7686 0.4817 0.0391 0.0703
0 0.8584 0.4685 0.0391 0.0732
