0 0.1714 0.8656 0.0576 0.2188
0 0.4619 0.7673 0.0449 0.0954
0 0.481 0.6769 0.0459 0.0793
0 0.2441 0.3737 0.0098 0.022
0 0.2231 0.3715 0.0107 0.0117
0 0.3179 0.362 0.0088 0.0191
0 0.3462 0.4369 0.0205 0.0396
0 0.5615 0.5653 0.0078 0.0147
0 0.5156 0.5749 0.0059 0.0132
0 0.6484 0.4868 0.0059 0.0103
0 0.854 0.5558 0.0088 0.0162
0 0.8916 0.5749 0.0059 0.0162
0 0.2998 0.3818 0.0059 0.0206
0 0.3774 0.384 0.0068 0.0308
0 0.5308 0.4464 0.0049 0.0088
0 0.5259 0.4875 0.0049 0.0088
0 0.5996 0.514 0.0059 0.0147
0 0.604 0.4868 0.0049 0.0103
0 0.6201 0.514 0.0059 0.0088
0 0.6519 0.5206 0.0049 0.0103
0 0.6641 0.4949 0.0059 0.0088
0 0.6538 0.5007 0.0049 0.0088
0 0.8765 0.5007 0.0049 0.0117
0 0.8618 0.4927 0.0049 0.0103
0 0.8506 0.4883 0.0039 0.0073
0 0.8247 0.486 0.0049 0.0088
0 0.9902 0.6167 0.0078 0.0176
0 0.7349 0.5404 0.0068 0.0088
0 0.7378 0.4941 0.0049 0.0103
