0 0.0825 0.1565 0.0342 0.0857
0 0.144 0.1804 0.0361 0.0807
0 0.2031 0.1474 0.0293 0.0708
0 0.2256 0.3723 0.0352 0.0626
0 0.2583 0.1614 0.0264 0.0527
0 0.3022 0.1417 0.0264 0.0692
0 0.3618 0.0824 0.0303 0.056
0 0.4575 0.0502 0.0283 0.0643
0 0.4355 0.1252 0.0332 0.0791
0 0.501 0.1194 0.0254 0.0643
0 0.1538 0.5173 0.04 0.0824
0 0.3271 0.3764 0.0332 0.0675
0 0.311 0.5387 0.04 0.1021
0 0.4404 0.3731 0.0312 0.0577
0 0.5122 0.3534 0.0303 0.0741
0 0.4561 0.5379 0.0391 0.0873
0 0.5635 0.1021 0.0273 0.0692
0 0.6079 0.0783 0.0264 0.061
0 0.6475 0.0824 0.0234 0.056
0 0.6992 0.0906 0.0273 0.0626
0 0.7622 0.1104 0.0283 0.0593
0 0.8022 0.112 0.0342 0.0692
0 0.9009 0.0799 0.0361 0.0807
0 0.6162 0.3303 0.0312 0.0774
0 0.6846 0.3204 0.0312 0.0708
0 0.6201 0.4942 0.041 0.0923
0 0.752 0.285 0.0332 0.0725
0 0.7959 0.4901 0.0391 0.0774
0 0.9043 0.4448 0.043 0.0857
