0 0.0142 0.2322 0.0107 0.0191
0 0.0649 0.2357 0.0127 0.0205
0 0.0825 0.235 0.0107 0.0164
0 0.1523 0.2179 0.0312 0.056
0 0.0874 0.2985 0.0303 0.056
0 0.2305 0.2807 0.0117 0.015
0 0.1885 0.2268 0.0098 0.0191
0 0.2861 0.2883 0.0098 0.0164
0 0.3413 0.2917 0.0127 0.015
0 0.3818 0.2862 0.0117 0.015
0 0.4209 0.2944 0.0117 0.0178
0 0.4829 0.2869 0.0107 0.0137
0 0.5449 0.235 0.0117 0.0219
0 0.6157 0.2507 0.0283 0.0642
0 0.7505 0.2643 0.0264 0.0478
0 0.2661 0.4925 0.0264 0.0478
0 0.3325 0.4638 0.0342 0.0533
0 0.3667 0.515 0.0381 0.0601
0 0.0454 0.2275 0.0068 0.015
0 0.396 0.2958 0.0107 0.0178
0 0.4648 0.2923 0.0117 0.0191
0 0.6646 0.3907 0.0342 0.0601
0 0.1128 0.2322 0.0088 0.0137
