0 0.8335 0.1882 0.0381 0.056
0 0.3335 0.2227 0.0049 0.0078
0 0.3232 0.222 0.0039 0.0065
0 0.3506 0.2233 0.0059 0.0091
0 0.4785 0.2201 0.0098 0.0156
0 0.5239 0.235 0.0068 0.0143
0 0.5776 0.1973 0.0127 0.0247
0 0.6069 0.224 0.0127 0.0182
0 0.6411 0.2292 0.0107 0.0208
0 0.6655 0.237 0.0127 0.0234
0 0.667 0.2103 0.0137 0.0247
0 0.7065 0.2435 0.0166 0.026
0 0.7417 0.2259 0.0205 0.0299
0 0.7661 0.209 0.0146 0.0299
0 0.8042 0.207 0.0146 0.0286
0 0.9209 0.235 0.0215 0.0404
0 0.54 0.2155 0.0117 0.0169
0 0.1724 0.2227 0.0029 0.0052
0 0.436 0.2207 0.0088 0.0117
0 0.981 0.2331 0.0244 0.0417
0 0.959 0.2253 0.0156 0.0234
0 0.1133 0.2181 0.0039 0.0039
0 0.1318 0.2214 0.0039 0.0052
0 0.0986 0.2194 0.0039 0.0065
0 0.394 0.2129 0.0068 0.0117
0 0.4268 0.2272 0.0078 0.0117
0 0.4487 0.25 0.0068 0.0104
0 0.3857 0.224 0.0059 0.0078
0 0.3721 0.2148 0.0059 0.0078
0 0.415 0.2266 0.0059 0.0104
0 0.4546 0.2331 0.0049 0.0104
