0 0.7891 0.3211 0.0117 0.0482
0 0.8477 0.2246 0.0117 0.0381
0 0.9355 0.2487 0.0078 0.0203
0 0.6914 0.2627 0.0059 0.0279
0 0.6626 0.2589 0.0068 0.0203
0 0.6567 0.302 0.0068 0.0254
0 0.6157 0.3401 0.0068 0.0305
0 0.7031 0.2995 0.0059 0.0305
0 0.4946 0.2982 0.0088 0.0279
0 0.5327 0.2817 0.0049 0.0355
0 0.5518 0.2284 0.0059 0.0203
0 0.5801 0.2665 0.0059 0.0254
0 0.4683 0.3096 0.0107 0.0305
0 0.4556 0.2437 0.0088 0.0254
0 0.4204 0.2766 0.0088 0.0406
0 0.354 0.2551 0.0088 0.0279
0 0.3843 0.2437 0.0088 0.0305
0 0.2549 0.2475 0.0117 0.0381
0 0.3047 0.2665 0.0078 0.0203
0 0.2949 0.302 0.0078 0.0305
0 0.1982 0.283 0.0059 0.0279
0 0.1685 0.2437 0.0127 0.0406
0 0.1763 0.2652 0.0088 0.033
0 0.0234 0.3185 0.0195 0.0533
0 0.5635 0.2728 0.0078 0.0178
0 0.3618 0.2678 0.0068 0.0127
