0 0.938 0.4192 0.0088 0.0191
0 0.8521 0.4229 0.0049 0.0117
0 0.8057 0.5308 0.0078 0.0162
0 0.8066 0.5213 0.0078 0.0117
0 0.8398 0.511 0.0059 0.0117
0 0.6724 0.5286 0.0068 0.0176
0 0.6816 0.5051 0.0059 0.0088
0 0.4897 0.572 0.0088 0.0191
0 0.5854 0.5529 0.0068 0.0162
0 0.5811 0.5786 0.0117 0.0235
0 0.1758 0.641 0.0156 0.0338
0 0.3257 0.6211 0.0107 0.0264
0 0.4131 0.6799 0.0156 0.0352
0 0.3716 0.453 0.0029 0.0073
0 0.3433 0.5081 0.0049 0.0088
0 0.7236 0.5815 0.0059 0.0176
0 0.8486 0.5308 0.0039 0.0132
0 0.1782 0.4442 0.0029 0.0073
0 0.2773 0.5088 0.0039 0.0103
0 0.3052 0.5426 0.0049 0.0103
