0 0.1343 0.2692 0.0537 0.0865
0 0.2129 0.1749 0.0488 0.0757
0 0.3359 0.2344 0.0527 0.0889
0 0.3984 0.1869 0.0449 0.0685
0 0.4937 0.22 0.0518 0.0889
0 0.5791 0.3143 0.0586 0.0829
0 0.4204 0.3407 0.0635 0.0829
0 0.2549 0.3612 0.0547 0.0685
0 0.2407 0.4826 0.0674 0.0974
0 0.5562 0.1665 0.0459 0.0757
0 0.6392 0.2332 0.0479 0.0625
0 0.8379 0.2554 0.0469 0.0757
0 0.7925 0.3954 0.0557 0.0793
0 0.7061 0.3407 0.0586 0.0877
0 0.7178 0.5475 0.0586 0.0925
0 0.8179 0.5156 0.0654 0.0913
0 0.6206 0.631 0.0654 0.0865
0 0.2861 0.5847 0.0586 0.0925
0 0.4712 0.613 0.0635 0.0889
