0 0.8462 0.5667 0.0186 0.0367
0 0.8301 0.533 0.0137 0.0279
0 0.731 0.5169 0.0127 0.0279
0 0.7085 0.5748 0.0166 0.0381
0 0.9033 0.4362 0.0078 0.0161
0 0.9053 0.4787 0.0078 0.0103
0 0.8286 0.3812 0.0068 0.0147
0 0.5469 0.5806 0.0156 0.0323
0 0.5425 0.5235 0.0146 0.0264
0 0.5771 0.5 0.0137 0.0264
0 0.5874 0.467 0.0107 0.022
0 0.4502 0.4853 0.0137 0.0235
0 0.4526 0.5931 0.0146 0.0308
0 0.4121 0.5044 0.0117 0.0264
0 0.3735 0.5858 0.0186 0.0367
0 0.3286 0.5696 0.0127 0.0279
0 0.6738 0.4457 0.0078 0.0176
0 0.27 0.596 0.0166 0.0308
0 0.2803 0.4905 0.0117 0.0249
0 0.1104 0.6188 0.0117 0.0323
0 0.0376 0.706 0.0186 0.0396
0 0.4141 0.739 0.0137 0.044
