0 0.7549 0.2032 0.0078 0.0175
0 0.4609 0.22 0.0117 0.019
0 0.4912 0.2346 0.0098 0.0161
0 0.4712 0.1893 0.0107 0.019
0 0.4326 0.2127 0.0098 0.019
0 0.4312 0.1762 0.0088 0.019
0 0.4551 0.1747 0.0098 0.019
0 0.4751 0.1045 0.0088 0.019
0 0.4546 0.1133 0.0088 0.019
0 0.4331 0.1323 0.0088 0.0161
0 0.418 0.1491 0.0098 0.0205
0 0.4185 0.1213 0.0088 0.0205
0 0.418 0.0534 0.0078 0.0161
0 0.4111 0.0643 0.0078 0.0205
0 0.4082 0.087 0.0039 0.0132
0 0.415 0.0833 0.0078 0.0146
0 0.4463 0.0541 0.0098 0.0146
0 0.4458 0.0073 0.0088 0.0175
0 0.4683 0.0351 0.0088 0.0205
0 0.4829 0.0409 0.0107 0.0205
0 0.4658 0.057 0.0098 0.0146
0 0.5073 0.0534 0.0107 0.0161
0 0.5327 0.0694 0.0088 0.019
0 0.5532 0.0461 0.0068 0.0132
0 0.5649 0.0037 0.0088 0.0102
0 0.5234 0.1879 0.0098 0.019
0 0.5913 0.0168 0.0107 0.019
0 0.3037 0.0073 0.0078 0.0146
0 0.2812 0.0066 0.0078 0.0132
0 0.3184 0.0051 0.0098 0.0132
0 0.7915 0.0051 0.0088 0.0132
0 0.7437 0.0461 0.0068 0.0161
0 0.748 0.0154 0.0059 0.0161
0 0.811 0.0665 0.0088 0.0161
0 0.8247 0.1345 0.0088 0.0175
0 0.8691 0.1367 0.0098 0.019
0 0.8823 0.1506 0.0068 0.0175
0 0.8433 0.2383 0.0107 0.0205
0 0.8252 0.2237 0.0117 0.0234
0 0.8145 0.2193 0.0078 0.0205
0 0.1113 0.106 0.0078 0.0161
0 0.1167 0.0716 0.0088 0.0175
0 0.0444 0.1689 0.0068 0.0132
0 0.8027 0.1382 0.0078 0.0161
0 0.8159 0.1345 0.0068 0.0175
0 0.8159 0.2054 0.0088 0.0132
0 0.689 0.1689 0.0088 0.019
0 0.6729 0.1762 0.0078 0.0161
0 0.7231 0.1564 0.0107 0.0175
0 0.7852 0.2325 0.0098 0.0205
0 0.7549 0.2683 0.0078 0.019
0 0.7466 0.2727 0.0088 0.019
0 0.7104 0.2683 0.0088 0.0219
0 0.6934 0.2712 0.0098 0.019
0 0.6807 0.2105 0.0098 0.0205
0 0.749 0.0914 0.0098 0.019
0 0.7739 0.0775 0.0088 0.0175
0 0.7275 0.2178 0.0098 0.0205
0 0.731 0.1769 0.0107 0.0175
0 0.1479 0.1615 0.0068 0.0132
0 0.1396 0.1287 0.0078 0.0175
0 0.1479 0.0782 0.0068 0.0132
0 0.1343 0.076 0.0068 0.0117
0 0.0405 0.068 0.0068 0.0132
0 0.0259 0.087 0.0068 0.0161
0 0.0474 0.1206 0.0068 0.0132
0 0.084 0.0694 0.0059 0.0132
0 0.1001 0.0746 0.0068 0.0146
0 0.0947 0.1104 0.0078 0.0161
0 0.0952 0.0629 0.0068 0.0146
0 0.0239 0.0614 0.0029 0.0146
0 0.1548 0.1382 0.0049 0.0161
0 0.0269 0.1791 0.0088 0.019
0 0.0029 0.3662 0.0078 0.0219
0 0.0068 0.5241 0.0059 0.0132
0 0.0166 0.5029 0.0117 0.0117
0 0.9673 0.1513 0.0107 0.019
0 0.9839 0.0855 0.0088 0.019
0 0.9678 0.0877 0.0098 0.0205
0 0.9771 0.0249 0.0107 0.0205
0 0.9512 0.0344 0.0098 0.0161
0 0.3193 0.1703 0.0098 0.019
0 0.2856 0.1732 0.0088 0.0161
0 0.2822 0.1308 0.0098 0.0161
0 0.2192 0.1396 0.0088 0.0161
0 0.2729 0.1754 0.0088 0.0146
0 0.2637 0.2025 0.0098 0.0161
0 0.2417 0.2025 0.0107 0.0161
0 0.2554 0.1711 0.0088 0.0175
0 0.2378 0.1732 0.0088 0.0161
0 0.2129 0.1564 0.0098 0.0146
0 0.1865 0.1718 0.0098 0.0161
0 0.1968 0.1484 0.0068 0.0132
0 0.1899 0.1513 0.0068 0.0132
0 0.1748 0.2076 0.0078 0.0117
0 0.1797 0.1389 0.0078 0.0117
0 0.0078 0.0636 0.0059 0.0132
0 0.0054 0.0227 0.0049 0.0102
0 0.0103 0.1053 0.0068 0.0117
0 0.0029 0.0906 0.0078 0.0146
0 0.0127 0.152 0.0078 0.0146
0 0.0898 0.0117 0.0078 0.0146
0 0.1011 0.0095 0.0068 0.0132
0 0.1162 0.0132 0.0078 0.0175
0 0.1372 0.0095 0.0068 0.0132
0 0.1562 0.0073 0.0078 0.0117
0 0.1631 0.0205 0.0098 0.0175
0 0.1665 0.0724 0.0068 0.0132
0 0.1641 0.1272 0.0078 0.0117
0 0.5142 0.1111 0.0088 0.0205
0 0.4971 0.1118 0.0098 0.019
0 0.5439 0.1162 0.0098 0.019
0 0.5601 0.1272 0.0088 0.0175
0 0.5791 0.1265 0.0078 0.019
0 0.6191 0.1279 0.0098 0.019
0 0.7729 0.2127 0.0088 0.0219
0 0.7612 0.2083 0.0068 0.019
0 0.7642 0.2288 0.0088 0.0161
0 0.7871 0.1988 0.0098 0.0205
0 0.8008 0.2032 0.0098 0.0205
0 0.752 0.4452 0.0195 0.0336
0 0.6313 0.4664 0.0205 0.038
0 0.5137 0.3692 0.0156 0.0249
0 0.6367 0.3333 0.0156 0.0322
0 0.2905 0.3282 0.0107 0.0219
0 0.231 0.3048 0.0127 0.0278
0 0.1763 0.2749 0.0127 0.0263
0 0.0332 0.3436 0.0098 0.0205
0 0.0732 0.3428 0.0137 0.0278
0 0.0854 0.5599 0.0146 0.038
0 0.0645 0.5365 0.0137 0.0409
0 0.8569 0.1572 0.0107 0.0249
0 0.8823 0.1827 0.0107 0.0234
0 0.8716 0.1754 0.0107 0.0205
0 0.8369 0.1681 0.0098 0.0234
0 0.8345 0.1499 0.0107 0.019
0 0.8555 0.0621 0.0098 0.0219
0 0.8853 0.0709 0.0088 0.0219
0 0.8735 0.0738 0.0088 0.019
0 0.8882 0.0168 0.0088 0.019
0 0.8433 0.0102 0.0088 0.0175
0 0.8286 0.0175 0.0088 0.0175
0 0.7402 0.1257 0.0078 0.0175
0 0.7114 0.1228 0.0088 0.0175
0 0.6875 0.1279 0.0098 0.019
0 0.7026 0.0811 0.0088 0.0161
0 0.689 0.0658 0.0088 0.0205
0 0.687 0.0154 0.0088 0.0161
0 0.7051 0.011 0.0078 0.0161
0 0.7275 0.0154 0.0078 0.0161
0 0.7563 0.0146 0.0107 0.0205
0 0.7749 0.0124 0.0088 0.0161
0 0.8105 0.0066 0.0078 0.0161
0 0.0518 0.0351 0.0059 0.0146
0 0.0605 0.1257 0.0078 0.0175
0 0.0698 0.1272 0.0068 0.0146
0 0.0723 0.1652 0.0059 0.0146
0 0.082 0.1564 0.0078 0.0146
0 0.1206 0.155 0.0068 0.0146
0 0.1021 0.1484 0.0068 0.0161
0 0.2114 0.0161 0.0068 0.0088
0 0.2856 0.0402 0.0088 0.0161
0 0.3062 0.0453 0.0088 0.0146
0 0.2686 0.0161 0.0078 0.0088
0 0.2476 0.0146 0.0068 0.0058
0 0.3325 0.0417 0.0088 0.0161
0 0.3413 0.106 0.0088 0.0161
0 0.376 0.0877 0.0078 0.0146
0 0.3911 0.0855 0.0068 0.0161
0 0.3765 0.1279 0.0088 0.0161
0 0.3755 0.1718 0.0088 0.019
0 0.3989 0.1352 0.0088 0.019
0 0.3848 0.1901 0.0078 0.0175
0 0.3555 0.22 0.0098 0.0161
0 0.3418 0.2142 0.0098 0.0132
0 0.3457 0.1469 0.0098 0.019
0 0.3184 0.098 0.0098 0.0175
0 0.3027 0.1177 0.0059 0.0132
0 0.3247 0.125 0.0088 0.0161
0 0.3311 0.1199 0.0059 0.0117
0 0.3555 0.098 0.0078 0.0146
0 0.3511 0.0212 0.0088 0.0132
0 0.3276 0.0197 0.0088 0.0161
0 0.6406 0.1345 0.0078 0.0205
0 0.6587 0.2149 0.0088 0.0175
0 0.6396 0.2215 0.0117 0.0219
0 0.6494 0.1879 0.0098 0.019
0 0.6616 0.144 0.0088 0.019
0 0.6538 0.1118 0.0068 0.0132
0 0.6675 0.0921 0.0088 0.0175
0 0.6479 0.0051 0.0088 0.0132
0 0.6685 0.049 0.0088 0.0161
0 0.6196 0.0439 0.0107 0.0205
0 0.623 0.0768 0.0078 0.019
0 0.6006 0.1016 0.0098 0.019
0 0.5747 0.087 0.0088 0.0161
0 0.5981 0.1747 0.0107 0.019
0 0.6147 0.2105 0.0107 0.0205
0 0.5977 0.2054 0.0098 0.019
0 0.9297 0.1001 0.0117 0.0219
0 0.957 0.0848 0.0098 0.0175
0 0.9873 0.2478 0.0117 0.0219
0 0.9604 0.2069 0.0107 0.0219
0 0.9341 0.2251 0.0107 0.0175
0 0.9282 0.1776 0.0107 0.019
0 0.9116 0.1652 0.0127 0.0205
0 0.9165 0.1433 0.0088 0.0175
0 0.9219 0.0936 0.0117 0.0234
0 0.9053 0.0994 0.0098 0.0205
0 0.9263 0.0139 0.0107 0.0102
0 0.9028 0.2025 0.0127 0.019
0 0.9009 0.144 0.0068 0.0132
0 0.8955 0.1287 0.0078 0.0117
0 0.916 0.299 0.0098 0.019
0 0.9009 0.2909 0.0088 0.0175
0 0.9321 0.2953 0.0107 0.0205
0 0.189 0.0263 0.0068 0.0117
0 0.1816 0.076 0.0078 0.0117
0 0.1924 0.0753 0.0078 0.0132
0 0.2041 0.0775 0.0078 0.0146
0 0.2163 0.0804 0.0088 0.0146
0 0.2373 0.0899 0.0078 0.0161
0 0.2573 0.0987 0.0088 0.0132
0 0.2729 0.0936 0.0088 0.0146
0 0.2612 0.0797 0.0068 0.0132
0 0.2437 0.0768 0.0068 0.0132
0 0.2319 0.0709 0.0088 0.0132
0 0.2271 0.0212 0.0088 0.0132
0 0.3398 0.0161 0.0078 0.0088
0 0.4028 0.0855 0.0049 0.0132
0 0.5825 0.1966 0.0088 0.0161
0 0.5591 0.2076 0.0127 0.0205
0 0.5449 0.2317 0.0098 0.0161
0 0.5552 0.1703 0.0107 0.0219
0 0.5317 0.1966 0.0107 0.019
0 0.5059 0.1857 0.0078 0.0205
