0 0.0415 0.4248 0.0049 0.0088
0 0.1084 0.4518 0.0059 0.0102
0 0.1665 0.4569 0.0068 0.0146
0 0.9346 0.5015 0.0059 0.0102
0 0.9316 0.4861 0.0059 0.0117
0 0.9072 0.4715 0.0059 0.0117
0 0.9077 0.5467 0.0068 0.0131
0 0.293 0.5073 0.0117 0.019
0 0.1914 0.4898 0.0078 0.0161
0 0.2383 0.4686 0.0078 0.0146
0 0.2612 0.4679 0.0068 0.0131
0 0.9312 0.5416 0.0068 0.0175
0 0.8369 0.5328 0.0078 0.0146
0 0.8403 0.4854 0.0068 0.0131
0 0.9048 0.5175 0.0088 0.0161
0 0.2773 0.465 0.0059 0.0131
0 0.2065 0.4007 0.0049 0.0102
0 0.2944 0.4774 0.0068 0.0117
0 0.2612 0.4891 0.0107 0.0204
0 0.374 0.4766 0.0059 0.0161
0 0.335 0.4985 0.0078 0.019
0 0.3306 0.4759 0.0088 0.0146
0 0.4517 0.546 0.0107 0.0175
0 0.959 0.7226 0.0195 0.035
0 0.9834 0.6423 0.0156 0.0263
0 0.9751 0.5847 0.0088 0.019
0 0.9536 0.6511 0.0146 0.0234
0 0.8799 0.6964 0.0176 0.035
0 0.8477 0.7263 0.0176 0.0336
0 0.7808 0.6577 0.0127 0.0248
0 0.9316 0.5964 0.0117 0.0248
0 0.9512 0.5642 0.0098 0.0248
0 0.9634 0.5423 0.0088 0.019
0 0.8984 0.5686 0.0117 0.019
0 0.8403 0.5555 0.0107 0.0219
0 0.8608 0.5182 0.0107 0.0146
0 0.8809 0.6372 0.0137 0.0277
0 0.8345 0.6095 0.0127 0.0248
0 0.8838 0.546 0.0098 0.0204
0 0.2935 0.8292 0.0205 0.0496
0 0.2686 0.9504 0.0273 0.0584
0 0.3945 0.8007 0.0234 0.0453
0 0.4878 0.9153 0.0205 0.0467
0 0.5537 0.962 0.0371 0.0701
0 0.6089 0.7898 0.0244 0.0526
0 0.6602 0.7693 0.0273 0.0467
0 0.5479 0.7182 0.0176 0.035
0 0.4775 0.7555 0.0215 0.0482
0 0.647 0.6613 0.0225 0.0409
0 0.1724 0.6825 0.0166 0.0277
0 0.1069 0.7504 0.0166 0.038
0 0.0786 0.6022 0.0166 0.0277
0 0.0386 0.6036 0.0127 0.0248
0 0.0103 0.5847 0.0068 0.0277
0 0.1504 0.5993 0.0137 0.0277
0 0.2173 0.5832 0.0127 0.0248
0 0.1724 0.5577 0.0127 0.0234
0 0.1475 0.554 0.0098 0.0219
0 0.125 0.5431 0.0098 0.0204
0 0.064 0.5453 0.0107 0.0248
0 0.0474 0.538 0.0088 0.0248
0 0.0264 0.4526 0.0078 0.0117
0 0.0112 0.527 0.0068 0.0175
0 0.1294 0.5007 0.0107 0.0204
0 0.147 0.5168 0.0107 0.0204
0 0.208 0.5212 0.0098 0.0204
0 0.1748 0.4964 0.0098 0.0204
0 0.2095 0.462 0.0068 0.0131
0 0.1089 0.4803 0.0107 0.0175
0 0.0742 0.4788 0.0078 0.0175
0 0.3608 0.5912 0.0146 0.0292
0 0.4204 0.581 0.0127 0.0234
0 0.4658 0.6117 0.0117 0.0234
0 0.4971 0.6277 0.0137 0.0292
0 0.3945 0.6102 0.0117 0.0204
0 0.3291 0.6978 0.0234 0.0321
0 0.252 0.6029 0.0176 0.035
0 0.2739 0.6073 0.0127 0.0263
0 0.2915 0.6146 0.0107 0.0263
0 0.2441 0.5095 0.0078 0.0146
0 0.272 0.5234 0.0088 0.019
0 0.3247 0.5372 0.0107 0.0234
0 0.3652 0.5496 0.0117 0.019
0 0.3262 0.6 0.0137 0.0292
0 0.3926 0.5248 0.0098 0.0161
0 0.4199 0.5058 0.0078 0.019
0 0.4785 0.5175 0.0098 0.019
0 0.4478 0.5255 0.0107 0.0204
0 0.4629 0.4993 0.0078 0.0175
0 0.5078 0.5241 0.0078 0.0146
0 0.561 0.6693 0.0166 0.0277
0 0.5811 0.6029 0.0098 0.0234
0 0.5386 0.5445 0.0088 0.0175
0 0.5161 0.492 0.0088 0.0175
0 0.5864 0.546 0.0107 0.0204
0 0.6099 0.5766 0.0068 0.0175
0 0.6436 0.6015 0.0137 0.0263
0 0.7305 0.646 0.0137 0.0248
0 0.7271 0.5584 0.0107 0.0219
0 0.7031 0.5423 0.0098 0.019
0 0.6665 0.5277 0.0088 0.0161
0 0.6914 0.5044 0.0078 0.0161
0 0.8037 0.5153 0.0078 0.0146
0 0.7798 0.5263 0.0088 0.0161
0 0.771 0.4993 0.0068 0.0146
0 0.7754 0.4832 0.0078 0.0146
0 0.6284 0.5876 0.0127 0.0248
0 0.5781 0.5752 0.0137 0.0263
0 0.584 0.5153 0.0098 0.0175
0 0.6123 0.5058 0.0078 0.0161
0 0.6245 0.5263 0.0107 0.0219
0 0.6499 0.4708 0.0068 0.0161
0 0.5601 0.4964 0.0088 0.0204
0 0.7134 0.5095 0.0088 0.0175
0 0.5039 0.5869 0.0098 0.0263
0 0.4888 0.5511 0.0068 0.0161
0 0.4595 0.4642 0.0068 0.0117
0 0.4927 0.4562 0.0088 0.0161
0 0.4219 0.4613 0.0059 0.0117
0 0.6001 0.4606 0.0107 0.0131
0 0.6367 0.4723 0.0059 0.0102
0 0.3882 0.9562 0.0303 0.0438
0 0.3662 0.4584 0.0078 0.0146
0 0.1348 0.4416 0.0059 0.0102
0 0.1309 0.4584 0.0059 0.0117
0 0.0898 0.454 0.0059 0.0117
0 0.1079 0.3985 0.0029 0.0058
0 0.1172 0.3993 0.0039 0.0073
0 0.0288 0.4788 0.0088 0.0146
0 0.0459 0.4577 0.0078 0.0161
0 0.2163 0.4978 0.0107 0.0292
0 0.564 0.5912 0.0088 0.0204
0 0.9468 0.9854 0.0303 0.0263
