0 0.9546 0.1572 0.0186 0.0307
0 0.9048 0.1652 0.0146 0.0292
0 0.8208 0.174 0.0186 0.038
0 0.8247 0.049 0.0127 0.0249
0 0.7144 0.1535 0.0186 0.0409
0 0.7632 0.0921 0.0146 0.0322
0 0.7319 0.1265 0.0107 0.0219
0 0.7051 0.0885 0.0176 0.0395
0 0.6436 0.1725 0.0195 0.038
0 0.5913 0.1857 0.0186 0.0409
0 0.5083 0.4327 0.0244 0.0526
0 0.4995 0.2178 0.0186 0.0351
0 0.4502 0.2178 0.0195 0.038
0 0.397 0.2186 0.0166 0.0336
0 0.4463 0.1126 0.0195 0.0322
0 0.5088 0.0322 0.0137 0.0263
0 0.4375 0.0409 0.0156 0.0322
0 0.3965 0.03 0.0215 0.0336
0 0.3867 0.0914 0.0195 0.0395
0 0.4131 0.1272 0.0137 0.0263
0 0.3706 0.1784 0.0205 0.0409
0 0.3379 0.0197 0.0254 0.0424
0 0.3193 0.1988 0.0234 0.0439
0 0.2749 0.2032 0.0264 0.0468
0 0.3018 0.0928 0.0195 0.0365
0 0.2285 0.0234 0.0176 0.0292
0 0.2217 0.1703 0.0195 0.0395
0 0.2139 0.1959 0.0195 0.0351
0 0.1445 0.1104 0.0195 0.0365
0 0.1465 0.0329 0.0195 0.0365
0 0.1245 0.0358 0.0205 0.0424
0 0.0645 0.174 0.0176 0.038
0 0.0469 0.2471 0.0117 0.0322
0 0.019 0.0292 0.0205 0.038
