0 0.9097 0.5394 0.0381 0.0845
0 0.8394 0.6093 0.0322 0.0729
0 0.7046 0.5824 0.0439 0.0831
0 0.3647 0.441 0.0967 0.1822
0 0.5005 0.6137 0.0381 0.0758
0 0.5776 0.613 0.0381 0.0831
0 0.1519 0.5999 0.042 0.086
0 0.0449 0.5977 0.041 0.0845
0 0.9785 0.1472 0.041 0.105
0 0.9521 0.0313 0.0312 0.0569
0 0.8833 0.1494 0.0459 0.0889
0 0.7725 0.1341 0.0332 0.0787
0 0.7104 0.1501 0.0381 0.0758
0 0.7808 0.0277 0.04 0.0583
0 0.686 0.0204 0.0381 0.0437
0 0.5859 0.0226 0.0352 0.0481
0 0.5278 0.0175 0.0342 0.0379
0 0.457 0.0445 0.0332 0.0627
0 0.3667 0.1101 0.0439 0.0802
0 0.2896 0.1319 0.042 0.086
0 0.1636 0.1254 0.0459 0.105
0 0.0996 0.1217 0.0391 0.0773
0 0.0195 0.1232 0.0312 0.0889
