0 0.9043 0.3265 0.0137 0.0117
0 0.6597 0.3313 0.0127 0.0124
0 0.6758 0.3031 0.0078 0.0073
0 0.5806 0.3199 0.0146 0.0161
0 0.5518 0.3898 0.0273 0.0286
0 0.5186 0.3657 0.0117 0.0124
0 0.6152 0.3653 0.0117 0.0102
0 0.4966 0.3675 0.0127 0.0132
0 0.3799 0.3675 0.0117 0.0132
0 0.3325 0.3335 0.0088 0.0124
0 0.3042 0.3188 0.0088 0.0095
0 0.2876 0.3605 0.0088 0.011
0 0.2119 0.3316 0.0117 0.0132
0 0.2231 0.3649 0.0107 0.011
0 0.1592 0.362 0.0098 0.011
0 0.1187 0.34 0.0107 0.0139
0 0.02 0.3346 0.0146 0.0102
0 0.9067 0.3686 0.0166 0.0168
0 0.4321 0.3598 0.0107 0.011
