0 0.9614 0.4789 0.0225 0.0477
0 0.8975 0.4768 0.0215 0.0409
0 0.8301 0.4332 0.0234 0.0381
0 0.8369 0.3951 0.0215 0.0354
0 0.8862 0.3999 0.0205 0.0395
0 0.936 0.3978 0.0186 0.0409
0 0.9673 0.4155 0.0186 0.0409
0 0.9746 0.3168 0.0156 0.0368
0 0.9326 0.3093 0.0176 0.0381
0 0.8809 0.3161 0.0195 0.0354
0 0.8657 0.3556 0.0205 0.0381
0 0.8091 0.3583 0.0186 0.0381
0 0.8145 0.2432 0.0215 0.0368
0 0.8745 0.2357 0.0186 0.0409
0 0.937 0.2466 0.0244 0.0463
0 0.8213 0.3324 0.0234 0.0436
0 0.7686 0.3999 0.0195 0.045
0 0.7881 0.3931 0.0176 0.0313
0 0.9521 0.0606 0.0195 0.0368
0 0.9766 0.1941 0.0215 0.0368
0 0.9771 0.1478 0.0186 0.0286
0 0.9312 0.203 0.0186 0.0354
0 0.9214 0.1499 0.0205 0.0381
0 0.9165 0.1015 0.0166 0.0259
0 0.8809 0.1819 0.0176 0.0341
0 0.853 0.1533 0.0186 0.0286
0 0.8154 0.1975 0.0195 0.0354
0 0.8135 0.1431 0.0176 0.0327
0 0.8145 0.0981 0.0176 0.0354
0 0.8657 0.0892 0.0166 0.0313
0 0.8926 0.0606 0.0215 0.0368
0 0.8857 0.0177 0.0176 0.03
0 0.917 0.015 0.0195 0.0327
0 0.8364 0.047 0.0205 0.0395
0 0.8228 0.0157 0.0166 0.0341
0 0.7598 0.2582 0.0195 0.0313
0 0.7754 0.1962 0.0176 0.0327
0 0.7622 0.1362 0.0205 0.0354
0 0.7529 0.0933 0.0176 0.0395
0 0.793 0.0593 0.0156 0.0341
0 0.7354 0.0463 0.0215 0.0409
0 0.729 0.0157 0.0146 0.0286
0 0.6938 0.0484 0.0166 0.0341
0 0.7061 0.1104 0.0215 0.0409
0 0.7227 0.1512 0.0195 0.0381
0 0.7192 0.1969 0.0225 0.0395
0 0.7227 0.2466 0.0195 0.0381
0 0.6704 0.2459 0.0225 0.0368
0 0.6724 0.1935 0.0225 0.0327
0 0.6621 0.1444 0.0195 0.0409
0 0.6533 0.0981 0.0176 0.0327
0 0.6411 0.0606 0.0205 0.0368
0 0.6211 0.2377 0.0195 0.0395
0 0.6235 0.1955 0.0146 0.0395
0 0.6113 0.154 0.0195 0.0381
0 0.7236 0.4612 0.0234 0.045
0 0.7534 0.4659 0.0283 0.0463
0 0.7139 0.3958 0.0195 0.0395
0 0.7227 0.3556 0.0176 0.0354
0 0.7202 0.3134 0.0166 0.0327
0 0.7593 0.3065 0.0186 0.0409
0 0.7417 0.3202 0.0107 0.0245
0 0.6777 0.3522 0.0176 0.0368
0 0.665 0.3161 0.0176 0.0354
0 0.665 0.3958 0.0176 0.0395
0 0.5859 0.4189 0.0215 0.0422
0 0.5791 0.3569 0.0234 0.0436
0 0.6187 0.3127 0.0205 0.0368
0 0.5728 0.25 0.0205 0.0395
0 0.5381 0.4108 0.0273 0.0477
0 0.5137 0.3535 0.0234 0.0422
0 0.4766 0.4053 0.0215 0.0422
0 0.4683 0.3624 0.0225 0.0381
0 0.5122 0.312 0.0205 0.0381
0 0.5566 0.3079 0.0215 0.0354
0 0.522 0.25 0.0186 0.0341
0 0.457 0.2507 0.0195 0.0381
0 0.4043 0.2527 0.0234 0.0422
0 0.4517 0.2057 0.0166 0.03
0 0.5156 0.1955 0.0215 0.0395
0 0.582 0.1935 0.0234 0.0436
0 0.4341 0.1894 0.0244 0.0436
0 0.4902 0.1635 0.0215 0.0463
0 0.52 0.1465 0.0186 0.0368
0 0.5532 0.1465 0.0186 0.0368
0 0.5503 0.1015 0.0186 0.0313
0 0.5996 0.1035 0.0215 0.0354
0 0.5903 0.0586 0.0205 0.0327
0 0.5469 0.0525 0.0176 0.0368
0 0.5278 0.0191 0.0166 0.03
0 0.5024 0.0593 0.0186 0.0341
0 0.4849 0.1049 0.0166 0.0436
0 0.4395 0.092 0.0215 0.0395
0 0.4434 0.1424 0.0176 0.0395
0 0.4727 0.0157 0.0195 0.0341
0 0.4507 0.0797 0.0186 0.0368
0 0.3623 0.1928 0.0176 0.0395
0 0.3081 0.1962 0.0186 0.0381
0 0.3511 0.0497 0.0205 0.0368
0 0.3926 0.0634 0.0195 0.0395
0 0.3774 0.0136 0.0166 0.03
0 0.4189 0.0136 0.0176 0.03
0 0.2979 0.0497 0.0195 0.0422
0 0.2705 0.4094 0.0176 0.0368
0 0.2183 0.4714 0.0205 0.0436
0 0.1567 0.451 0.0205 0.0409
0 0.0952 0.4632 0.0225 0.0436
0 0.0449 0.3978 0.0234 0.0409
0 0.0405 0.359 0.0205 0.0395
0 0.0986 0.3617 0.0176 0.0368
0 0.1636 0.4128 0.0186 0.0327
0 0.2163 0.4149 0.0225 0.0422
0 0.2075 0.3644 0.0225 0.0395
0 0.1758 0.3719 0.0254 0.0409
0 0.1387 0.3106 0.0195 0.0436
0 0.1465 0.2575 0.0195 0.0327
0 0.0762 0.3113 0.0215 0.045
0 0.0454 0.252 0.0186 0.0381
0 0.0996 0.2439 0.0195 0.0381
0 0.2031 0.2432 0.0176 0.0368
0 0.2188 0.3236 0.0176 0.0395
0 0.0659 0.205 0.0166 0.0422
0 0.1123 0.188 0.0176 0.0409
0 0.1626 0.205 0.0166 0.0341
0 0.2178 0.1962 0.0156 0.0381
0 0.2334 0.0988 0.0195 0.0368
0 0.2803 0.094 0.0195 0.0409
0 0.2393 0.045 0.0176 0.0381
0 0.1953 0.0579 0.0195 0.0313
0 0.2207 0.0143 0.0215 0.0313
0 0.168 0.0123 0.0195 0.0272
0 0.126 0.0572 0.0195 0.0409
0 0.1245 0.1008 0.0186 0.0327
0 0.1685 0.0906 0.0186 0.0422
0 0.0757 0.109 0.0186 0.0354
0 0.0854 0.1492 0.0186 0.0368
0 0.0415 0.1546 0.0186 0.0395
0 0.0249 0.1015 0.0205 0.0422
0 0.0391 0.0586 0.0156 0.0354
0 0.0918 0.0722 0.0176 0.0381
0 0.1099 0.0177 0.0186 0.0354
0 0.082 0.0163 0.0176 0.0354
0 0.0083 0.4108 0.0186 0.0341
0 0.0122 0.3079 0.0186 0.0354
0 0.0142 0.1975 0.0146 0.03
0 0.1079 0.408 0.0205 0.0368
0 0.6152 0.421 0.0215 0.0436
