0 0.9175 0.1389 0.0342 0.0833
0 0.7939 0.1823 0.0391 0.0764
0 0.9868 0.0278 0.0225 0.059
0 0.9253 0.0451 0.0303 0.0694
0 0.8784 0.0278 0.0303 0.059
0 0.8198 0.033 0.0342 0.0694
0 0.7656 0.0694 0.0215 0.0521
0 0.6948 0.1337 0.0303 0.0729
0 0.6338 0.1172 0.0352 0.0781
0 0.6934 0.0582 0.0195 0.0399
0 0.4927 0.1302 0.0322 0.0625
0 0.5586 0.0356 0.0293 0.0642
0 0.5151 0.0399 0.0283 0.0694
0 0.4268 0.0347 0.0371 0.066
0 0.3828 0.0556 0.0254 0.066
0 0.3447 0.1345 0.0254 0.0712
0 0.2656 0.0434 0.0273 0.066
0 0.2627 0.1467 0.0352 0.0781
0 0.2065 0.1918 0.0342 0.0434
0 0.1401 0.1267 0.0264 0.0694
0 0.125 0.0486 0.0293 0.059
0 0.0928 0.0451 0.0215 0.0451
0 0.0654 0.145 0.0215 0.0469
0 0.0239 0.0477 0.0303 0.0677
