0 0.4487 0.5556 0.0088 0.0132
0 0.4204 0.6149 0.0068 0.0146
0 0.3008 0.5037 0.0098 0.0117
0 0.856 0.4802 0.0088 0.0205
0 0.8374 0.4231 0.0088 0.0176
0 0.9604 0.5747 0.0088 0.0161
0 0.9639 0.4495 0.0078 0.0205
0 0.9028 0.2504 0.0068 0.0146
0 0.9253 0.2665 0.0088 0.0146
0 0.9624 0.2262 0.0088 0.019
0 0.9312 0.2189 0.0068 0.0161
0 0.9155 0.2101 0.0068 0.0132
0 0.9785 0.1889 0.0078 0.0176
0 0.96 0.1786 0.0078 0.0146
0 0.9434 0.1728 0.0078 0.0205
0 0.8999 0.205 0.0068 0.0146
0 0.9951 0.1464 0.0059 0.0146
0 0.9229 0.1603 0.0098 0.019
0 0.9619 0.1457 0.0078 0.0161
0 0.9438 0.1303 0.0088 0.0176
0 0.9282 0.1208 0.0068 0.0161
0 0.9902 0.101 0.0098 0.0205
0 0.9819 0.0959 0.0088 0.0132
0 0.9512 0.0864 0.0078 0.0205
0 0.9951 0.0681 0.0059 0.0161
0 0.981 0.0512 0.0068 0.0176
0 0.9634 0.0388 0.0088 0.0161
0 0.936 0.041 0.0068 0.0146
0 0.9531 0.0388 0.0059 0.0102
0 0.9448 0.0315 0.0068 0.0102
0 0.9609 0.0051 0.0098 0.0132
0 0.9766 0.0044 0.0078 0.0117
0 0.9927 0.0168 0.0088 0.019
0 0.9229 0.0732 0.0059 0.0146
0 0.8784 0.2496 0.0088 0.022
0 0.8647 0.2306 0.0068 0.019
0 0.8438 0.2211 0.0078 0.0176
0 0.8701 0.1881 0.0078 0.0161
0 0.8296 0.2211 0.0068 0.0146
0 0.8286 0.2716 0.0068 0.0132
0 0.8389 0.2745 0.0078 0.019
0 0.855 0.2855 0.0088 0.0146
0 0.8164 0.2782 0.0078 0.0146
0 0.8184 0.2079 0.0059 0.0146
0 0.8252 0.1772 0.0098 0.0176
0 0.8447 0.1816 0.0059 0.0117
0 0.7637 0.3089 0.0078 0.0146
0 0.7949 0.2562 0.0078 0.0146
0 0.7832 0.2467 0.0078 0.0132
0 0.8091 0.2204 0.0068 0.0161
0 0.7852 0.1984 0.0078 0.0161
0 0.7671 0.1962 0.0068 0.0176
0 0.7681 0.2365 0.0068 0.0161
0 0.8022 0.2057 0.0068 0.0161
0 0.7012 0.3587 0.0098 0.0205
0 0.7388 0.295 0.0068 0.0132
0 0.7026 0.2833 0.0088 0.0161
0 0.5586 0.2064 0.0078 0.0146
0 0.5107 0.1999 0.0078 0.0161
0 0.501 0.1955 0.0078 0.0161
0 0.4785 0.1837 0.0078 0.0161
0 0.4302 0.205 0.0068 0.0176
0 0.4272 0.1596 0.0068 0.0146
0 0.3989 0.1647 0.0068 0.0132
0 0.3477 0.1435 0.0059 0.0146
0 0.3672 0.1413 0.0078 0.0132
0 0.3867 0.1486 0.0059 0.0161
0 0.291 0.1237 0.0078 0.0161
0 0.2646 0.1318 0.0078 0.0176
0 0.2446 0.1215 0.0088 0.0176
0 0.229 0.112 0.0068 0.0161
0 0.2607 0.0776 0.0078 0.0176
0 0.2798 0.0805 0.0088 0.0176
0 0.3022 0.0813 0.0068 0.0132
0 0.1816 0.1076 0.0078 0.019
0 0.1582 0.0981 0.0078 0.0176
0 0.1343 0.0959 0.0068 0.0132
0 0.1704 0.0571 0.0068 0.0176
0 0.146 0.0586 0.0068 0.0117
0 0.0562 0.0747 0.0068 0.0176
0 0.0322 0.0725 0.0078 0.0132
0 0.0112 0.0673 0.0068 0.0176
0 0.0078 0.0212 0.0078 0.0161
0 0.0293 0.0293 0.0078 0.0146
0 0.0562 0.0351 0.0068 0.0146
0 0.0757 0.041 0.0068 0.0146
0 0.0439 0.0081 0.0078 0.0132
0 0.0669 0.0037 0.0068 0.0102
0 0.1006 0.0454 0.0078 0.0176
0 0.1265 0.0534 0.0068 0.0161
0 0.1118 0.0161 0.0068 0.0146
0 0.0996 0.0176 0.0059 0.0146
0 0.1362 0.0227 0.0068 0.0161
0 0.103 0.0059 0.0068 0.0088
0 0.1455 0.0205 0.0039 0.0088
0 0.1621 0.0315 0.0059 0.0132
0 0.1616 0.0161 0.0068 0.0117
0 0.1821 0.0168 0.0068 0.0132
0 0.1958 0.0205 0.0068 0.0146
0 0.2017 0.0571 0.0068 0.0146
0 0.2144 0.0688 0.0068 0.0146
0 0.2222 0.0337 0.0068 0.0117
0 0.2314 0.0688 0.0059 0.0205
0 0.2407 0.0439 0.0068 0.0146
0 0.2412 0.063 0.0059 0.0117
0 0.2617 0.0051 0.0078 0.0132
0 0.269 0.0381 0.0068 0.0176
0 0.3184 0.0864 0.0078 0.0176
0 0.3398 0.0959 0.0078 0.0161
0 0.3306 0.0542 0.0068 0.0146
0 0.3149 0.0454 0.0068 0.0176
0 0.2876 0.0417 0.0068 0.0132
0 0.2808 0.0403 0.0049 0.0132
0 0.2852 0.0066 0.0059 0.0132
0 0.3013 0.0132 0.0088 0.0176
0 0.333 0.0095 0.0078 0.019
0 0.3521 0.0271 0.0088 0.0161
0 0.3721 0.1127 0.0059 0.0088
0 0.3867 0.1105 0.0059 0.0161
0 0.4131 0.1171 0.0059 0.0146
0 0.4126 0.0469 0.0088 0.0205
0 0.4028 0.0095 0.0068 0.0132
0 0.436 0.0586 0.0068 0.0176
0 0.4282 0.0461 0.0049 0.0102
0 0.459 0.0059 0.0059 0.0146
0 0.4463 0.0022 0.0059 0.0073
0 0.4653 0.0593 0.0068 0.0161
0 0.481 0.0659 0.0049 0.0146
0 0.436 0.1193 0.0068 0.0132
0 0.4644 0.1318 0.0068 0.0176
0 0.5034 0.0761 0.0068 0.0146
0 0.5215 0.0776 0.0078 0.0176
0 0.5293 0.0242 0.0078 0.0161
0 0.5508 0.0366 0.0078 0.0146
0 0.5562 0.112 0.0107 0.0102
0 0.5366 0.1508 0.0068 0.0146
0 0.5361 0.1296 0.0059 0.0161
0 0.5137 0.1457 0.0078 0.0161
0 0.6182 0.041 0.0078 0.0176
0 0.6431 0.0425 0.0068 0.0146
0 0.6514 0.1127 0.0078 0.0146
0 0.6343 0.1083 0.0068 0.0146
0 0.5815 0.1698 0.0068 0.0146
0 0.6001 0.1816 0.0049 0.0146
0 0.626 0.1881 0.0078 0.0161
0 0.646 0.1991 0.0068 0.0146
0 0.6675 0.2013 0.0068 0.0161
0 0.686 0.2101 0.0068 0.019
0 0.7578 0.235 0.0078 0.0161
0 0.7476 0.2255 0.0088 0.0176
0 0.7183 0.2211 0.0088 0.0176
0 0.6812 0.202 0.0068 0.0146
0 0.75 0.1874 0.0078 0.0146
0 0.6646 0.0139 0.0068 0.0161
0 0.6797 0.0344 0.0059 0.0161
0 0.688 0.0747 0.0068 0.0146
0 0.6816 0.0703 0.0059 0.0146
0 0.6689 0.1259 0.0059 0.0146
0 0.6899 0.142 0.0068 0.0146
0 0.7163 0.1406 0.0068 0.0146
0 0.7388 0.1493 0.0049 0.0117
0 0.7534 0.1515 0.0088 0.0161
0 0.7515 0.0944 0.0068 0.0161
0 0.7334 0.0878 0.0059 0.0146
0 0.7197 0.0322 0.0059 0.0146
0 0.7075 0.0234 0.0049 0.0088
0 0.7441 0.0417 0.0059 0.0132
0 0.7656 0.0469 0.0078 0.0176
0 0.7637 0.0974 0.0059 0.0102
0 0.7783 0.1552 0.0078 0.0176
0 0.7915 0.1523 0.0068 0.0176
0 0.8091 0.1662 0.0088 0.019
0 0.8403 0.1215 0.0068 0.0146
0 0.8564 0.1347 0.0078 0.0176
0 0.7842 0.1076 0.0059 0.0132
0 0.8682 0.09 0.0078 0.022
0 0.8071 0.0542 0.0068 0.0146
0 0.8208 0.0615 0.0068 0.0146
0 0.8501 0.0095 0.0068 0.0161
0 0.8633 0.0161 0.0059 0.0146
0 0.9033 0.1545 0.0078 0.0161
0 0.877 0.1428 0.0078 0.022
0 0.9102 0.1208 0.0117 0.0132
0 0.8931 0.1105 0.0088 0.0161
0 0.8809 0.082 0.0078 0.0146
0 0.8931 0.0637 0.0068 0.0161
0 0.9072 0.0776 0.0078 0.0146
0 0.916 0.0454 0.0078 0.0117
0 0.9473 0.0029 0.0059 0.0088
0 0.79 0.0835 0.0059 0.0088
