0 0.7666 0.541 0.0254 0.0536
0 0.9482 0.1522 0.0176 0.0426
0 0.8506 0.2374 0.0254 0.0521
0 0.8862 0.0457 0.0186 0.0379
0 0.8169 0.0497 0.0166 0.03
0 0.9932 0.2445 0.0117 0.0315
0 0.8442 0.127 0.0146 0.0457
0 0.6729 0.0489 0.0156 0.0315
0 0.4209 0.1664 0.0195 0.0394
0 0.5537 0.0513 0.0254 0.0268
0 0.4565 0.0174 0.0244 0.0379
0 0.3228 0.1262 0.0225 0.0536
0 0.3564 0.015 0.0215 0.0331
0 0.2622 0.0174 0.0205 0.0379
0 0.1714 0.0118 0.0186 0.0268
0 0.1562 0.0568 0.0176 0.0347
0 0.0562 0.0181 0.0205 0.0394
0 0.0288 0.2177 0.0205 0.0568
