0 0.9551 0.3265 0.0156 0.0176
0 0.8984 0.291 0.0137 0.0139
0 0.8555 0.2947 0.0098 0.0124
0 0.877 0.3075 0.0117 0.0102
0 0.8838 0.3239 0.0137 0.0139
0 0.8657 0.3309 0.0146 0.0176
0 0.7817 0.321 0.0146 0.0183
0 0.6777 0.3023 0.0137 0.0161
0 0.6738 0.2895 0.0137 0.0139
0 0.6055 0.2789 0.0137 0.0146
0 0.5454 0.3474 0.04 0.0242
0 0.4941 0.2983 0.0137 0.0154
0 0.4609 0.3108 0.0117 0.0124
0 0.4229 0.31 0.0156 0.0154
0 0.437 0.246 0.0107 0.0117
0 0.3818 0.2877 0.0156 0.0146
0 0.3022 0.2753 0.0166 0.0161
0 0.3257 0.2734 0.0127 0.0124
0 0.3589 0.2786 0.0127 0.0154
0 0.1831 0.3173 0.0186 0.0227
