0 0.9443 0.2884 0.0195 0.0273
0 0.8862 0.2936 0.0146 0.0299
0 0.7764 0.2533 0.0176 0.0299
0 0.7559 0.2786 0.0195 0.0365
0 0.6943 0.2773 0.0176 0.0312
0 0.6738 0.2617 0.0195 0.0391
0 0.6309 0.2767 0.0195 0.0352
0 0.5552 0.2936 0.0459 0.082
0 0.5288 0.2637 0.0107 0.0195
0 0.4629 0.2682 0.0195 0.0339
0 0.4419 0.2441 0.0205 0.0299
0 0.4961 0.2409 0.0117 0.0208
0 0.4185 0.2585 0.0186 0.0326
0 0.373 0.2669 0.0156 0.0312
0 0.3335 0.2474 0.0166 0.0312
0 0.3125 0.2448 0.0137 0.026
0 0.3027 0.2689 0.0176 0.0299
0 0.2534 0.2422 0.0107 0.0208
0 0.1743 0.2422 0.0127 0.0286
0 0.1445 0.2298 0.0176 0.0299
0 0.1426 0.2598 0.0195 0.0326
0 0.0898 0.2337 0.0234 0.0326
0 0.0762 0.2435 0.0215 0.0312
0 0.019 0.2578 0.0225 0.0312
