0 0.0767 0.7265 0.0225 0.0337
0 0.1045 0.6349 0.0234 0.0323
0 0.1587 0.5674 0.0146 0.0235
0 0.4263 0.1818 0.0088 0.0176
0 0.4102 0.0513 0.0078 0.0117
0 0.4136 0.4157 0.0107 0.022
0 0.4092 0.4611 0.0098 0.022
0 0.4058 0.371 0.0107 0.0205
0 0.5132 0.3226 0.0088 0.0176
0 0.519 0.3614 0.0068 0.0191
0 0.8511 0.695 0.0205 0.0264
0 0.8066 0.6114 0.0156 0.0293
0 0.7505 0.4824 0.0166 0.0264
0 0.7124 0.3724 0.0146 0.0235
0 0.689 0.3233 0.0107 0.0191
0 0.9404 0.9641 0.0254 0.0396
0 0.5322 0.5147 0.0117 0.0205
0 0.5283 0.4692 0.0137 0.0059
0 0.5083 0.2881 0.0088 0.0191
0 0.5093 0.2258 0.0107 0.0176
0 0.6128 0.1371 0.0068 0.0132
0 0.626 0.1664 0.0078 0.0161
0 0.0454 0.8534 0.0166 0.0264
0 0.7637 0.5389 0.0156 0.022
0 0.7329 0.4194 0.0107 0.0176
