0 0.123 0.2347 0.0156 0.0287
0 0.2134 0.2601 0.0186 0.0274
0 0.3052 0.292 0.0146 0.0261
0 0.3286 0.2757 0.0127 0.0248
0 0.4077 0.2744 0.0146 0.0222
0 0.3853 0.3136 0.0127 0.0274
0 0.4614 0.3246 0.0127 0.0235
0 0.4575 0.2868 0.0127 0.0235
0 0.4785 0.2849 0.0137 0.0222
0 0.7305 0.3559 0.0137 0.0261
0 0.7153 0.4511 0.0146 0.0261
0 0.6079 0.4668 0.0205 0.0391
0 0.6172 0.3338 0.0137 0.0209
0 0.5469 0.3344 0.0117 0.0222
0 0.5776 0.296 0.0127 0.0209
0 0.5 0.3272 0.0117 0.0235
0 0.6763 0.369 0.0107 0.0209
0 0.5903 0.3416 0.0107 0.0209
0 0.5098 0.3057 0.0117 0.0222
