0 0.0752 0.3248 0.0293 0.0572
0 0.6265 0.1356 0.0166 0.0249
0 0.8848 0.3174 0.0215 0.0484
0 0.9131 0.2786 0.0156 0.0411
0 0.937 0.2522 0.0186 0.0411
0 0.9849 0.2427 0.0166 0.0367
0 0.9614 0.2815 0.0283 0.0557
0 0.9258 0.2258 0.0234 0.0381
0 0.9858 0.173 0.0186 0.0352
0 0.959 0.1349 0.0156 0.0323
0 0.9028 0.1518 0.0146 0.0308
0 0.8843 0.1019 0.0146 0.0279
0 0.1157 0.261 0.0322 0.0704
0 0.3975 0.2859 0.0352 0.0674
0 0.478 0.2522 0.0342 0.0762
0 0.8447 0.2837 0.0352 0.0777
0 0.8018 0.3556 0.0352 0.0777
0 0.4395 0.283 0.0176 0.0411
0 0.5273 0.2771 0.0176 0.0381
0 0.5537 0.2808 0.0176 0.0396
0 0.5698 0.3343 0.0205 0.0411
0 0.5786 0.2529 0.0166 0.0367
0 0.5986 0.2845 0.0176 0.0381
0 0.6333 0.3035 0.0225 0.0499
0 0.6289 0.2676 0.0195 0.0367
0 0.645 0.1598 0.0146 0.0293
0 0.6577 0.3372 0.0225 0.044
0 0.6987 0.3182 0.0166 0.0469
0 0.6841 0.2801 0.0205 0.0411
0 0.6851 0.2412 0.0146 0.0367
0 0.6992 0.2419 0.0176 0.0411
0 0.7637 0.2295 0.0195 0.0396
0 0.7056 0.1723 0.0146 0.0308
0 0.7485 0.3497 0.0225 0.0513
0 0.7515 0.1635 0.0166 0.0337
0 0.7563 0.1349 0.0166 0.0352
0 0.8047 0.1312 0.0195 0.0396
0 0.8408 0.132 0.0156 0.0323
0 0.855 0.1679 0.0146 0.0279
0 0.8823 0.2529 0.0186 0.0396
0 0.5801 0.1657 0.0176 0.0352
