0 0.1294 0.2047 0.0596 0.1186
0 0.1816 0.2455 0.0488 0.0982
0 0.3384 0.22 0.0576 0.0855
0 0.5093 0.2079 0.0713 0.1199
0 0.8584 0.2124 0.0527 0.0906
0 0.6465 0.1716 0.0469 0.0727
0 0.1177 0.0529 0.0283 0.0497
0 0.0181 0.1665 0.0361 0.0651
0 0.1943 0.0338 0.0273 0.0472
0 0.2607 0.1276 0.0293 0.0587
0 0.4053 0.044 0.0312 0.0574
0 0.4448 0.1818 0.0303 0.0548
0 0.7236 0.3591 0.0547 0.0702
0 0.7241 0.2283 0.0225 0.0485
0 0.7646 0.2379 0.0254 0.0446
0 0.5464 0.1441 0.0225 0.0434
0 0.6465 0.0995 0.0273 0.0408
0 0.8267 0.1059 0.0166 0.0306
0 0.9258 0.132 0.0312 0.0446
0 0.9565 0.3151 0.0381 0.0612
0 0.9756 0.2239 0.0215 0.0395
0 0.6094 0.317 0.0332 0.0727
0 0.9312 0.1977 0.0225 0.0281
0 0.8032 0.1894 0.0225 0.0395
0 0.3823 0.1779 0.0303 0.0574
0 0.6875 0.1652 0.0254 0.0497
0 0.8833 0.0395 0.0186 0.0332
0 0.8765 0.1071 0.0186 0.0332
