0 0.2192 0.5078 0.0225 0.0377
0 0.3716 0.5982 0.0107 0.0182
0 0.353 0.5949 0.0088 0.0169
0 0.6045 0.6222 0.0254 0.0455
0 0.5669 0.5845 0.0088 0.0195
0 0.5879 0.593 0.0098 0.0182
0 0.5991 0.5767 0.0088 0.0169
0 0.6636 0.5787 0.0107 0.0182
0 0.6875 0.5748 0.0098 0.0208
0 0.6973 0.5923 0.0098 0.0195
0 0.7134 0.58 0.0107 0.0182
0 0.8003 0.5865 0.0107 0.0182
0 0.8057 0.6047 0.0098 0.0182
0 0.8535 0.591 0.0098 0.0195
0 0.9165 0.5956 0.0107 0.0208
0 0.9375 0.5774 0.0117 0.0208
0 0.9897 0.5936 0.0088 0.0169
0 0.9014 0.5897 0.0098 0.0195
0 0.146 0.5345 0.0205 0.0312
0 0.1455 0.6359 0.0254 0.0468
0 0.3999 0.554 0.0244 0.039
0 0.6587 0.6151 0.0205 0.0546
0 0.7559 0.5754 0.0195 0.0351
0 0.8774 0.5813 0.0186 0.026
0 0.9551 0.5826 0.0156 0.0286
0 0.627 0.5514 0.0215 0.026
