0 0.1387 0.0474 0.0234 0.0342
0 0.0273 0.0278 0.0254 0.0322
0 0.4419 0.0122 0.0205 0.0244
0 0.4897 0.0996 0.0264 0.0391
0 0.4067 0.1152 0.0225 0.0312
0 0.7065 0.144 0.0283 0.0342
0 0.7944 0.1963 0.0283 0.0371
0 0.9702 0.0977 0.0244 0.0332
0 0.9341 0.0078 0.0186 0.0156
0 0.2788 0.7212 0.0713 0.0771
0 0.0747 0.6738 0.0479 0.0605
0 0.0967 0.8618 0.0547 0.0811
0 0.4844 0.6943 0.0449 0.0469
0 0.5415 0.9561 0.0459 0.0566
0 0.7705 0.9717 0.0625 0.0547
0 0.9829 0.8218 0.0322 0.0947
0 0.2949 0.1338 0.0234 0.0312
