0 0.2505 0.8227 0.0166 0.0569
0 0.2656 0.5878 0.0156 0.0385
0 0.3994 0.6246 0.0059 0.0418
0 0.4604 0.5602 0.0127 0.0334
0 0.4248 0.5861 0.0137 0.0318
0 0.4736 0.6446 0.0137 0.0318
0 0.4497 0.638 0.0127 0.0318
0 0.5156 0.5619 0.0137 0.0301
0 0.5293 0.6246 0.0137 0.0284
0 0.5605 0.6321 0.0117 0.0301
0 0.6504 0.74 0.0156 0.0418
0 0.8394 0.5836 0.0166 0.0368
0 0.8862 0.6338 0.0205 0.0468
0 0.7476 0.5761 0.0146 0.0385
0 0.769 0.6597 0.0205 0.0518
0 0.7998 0.6965 0.0176 0.0518
0 0.8135 0.5978 0.0117 0.0251
0 0.9824 0.6522 0.0215 0.0502
0 0.7773 0.551 0.0078 0.0151
