0 0.2622 0.5431 0.0205 0.039
0 0.251 0.4626 0.0234 0.0407
0 0.1987 0.4967 0.0225 0.0439
0 0.1172 0.4984 0.0254 0.0407
0 0.1685 0.3829 0.0146 0.0276
0 0.2017 0.3715 0.0166 0.0309
0 0.2271 0.4488 0.0146 0.0358
0 0.1118 0.4561 0.0225 0.0341
0 0.0771 0.4894 0.0176 0.039
0 0.0576 0.4829 0.0176 0.0325
0 0.0464 0.4098 0.0146 0.026
0 0.0283 0.4146 0.0137 0.0293
0 0.1357 0.6398 0.0254 0.0407
0 0.3735 0.5276 0.0225 0.0504
0 0.397 0.5463 0.0205 0.039
0 0.3872 0.4724 0.0205 0.0439
0 0.4395 0.535 0.0254 0.052
0 0.4805 0.4504 0.0215 0.0423
0 0.5137 0.4797 0.0234 0.039
0 0.5166 0.5683 0.0254 0.0504
0 0.5747 0.5089 0.0244 0.0488
0 0.6177 0.5415 0.0205 0.0455
0 0.6348 0.535 0.0215 0.039
0 0.6055 0.4756 0.0215 0.0374
0 0.6621 0.4602 0.0195 0.039
0 0.5566 0.4854 0.0176 0.0374
0 0.8984 0.5959 0.0293 0.0504
0 0.8696 0.5569 0.0244 0.0504
0 0.8394 0.5138 0.0244 0.0423
0 0.7969 0.4431 0.0215 0.0407
0 0.7593 0.4528 0.0225 0.0341
0 0.7715 0.5065 0.0234 0.0439
0 0.687 0.4789 0.0244 0.0439
0 0.7212 0.5236 0.0264 0.0455
0 0.7339 0.4537 0.0244 0.0358
0 0.8237 0.4846 0.0166 0.0423
0 0.7075 0.5837 0.0264 0.0488
0 0.3594 0.4805 0.0137 0.0309
0 0.4668 0.5016 0.0156 0.0309
