0 0.1436 0.4076 0.0273 0.0391
0 0.1787 0.3861 0.0332 0.0508
0 0.2554 0.3874 0.0361 0.0534
0 0.3374 0.4277 0.0244 0.0508
0 0.2637 0.2559 0.0215 0.0352
0 0.334 0.3366 0.0234 0.0404
0 0.4072 0.3164 0.0215 0.0365
0 0.4404 0.2585 0.0215 0.0378
0 0.4707 0.293 0.0254 0.0417
0 0.5356 0.3138 0.0264 0.0469
0 0.6528 0.4447 0.0225 0.0638
0 0.6265 0.334 0.0303 0.056
0 0.5527 0.2695 0.0273 0.0443
0 0.5938 0.2656 0.0176 0.0339
0 0.9346 0.3418 0.0352 0.0586
0 0.7524 0.2923 0.0205 0.0326
0 0.9351 0.2917 0.0205 0.0339
0 0.3477 0.2819 0.0156 0.0326
