0 0.2358 0.1931 0.0088 0.0055
0 0.187 0.1931 0.0088 0.0055
0 0.1133 0.2075 0.0059 0.0044
0 0.0889 0.2161 0.0059 0.0028
0 0.376 0.2208 0.0078 0.0055
0 0.4297 0.2194 0.0059 0.005
0 0.5649 0.2294 0.0029 0.0028
0 0.5464 0.2255 0.0049 0.0028
0 0.5259 0.2274 0.0049 0.0022
0 0.5879 0.2316 0.0039 0.0028
0 0.8242 0.1937 0.0078 0.0055
0 0.8066 0.1906 0.0078 0.0061
0 0.4116 0.2908 0.0205 0.0105
0 0.1494 0.2966 0.0117 0.0089
0 0.0591 0.3071 0.0146 0.0089
0 0.3374 0.282 0.0186 0.0116
0 0.7607 0.2999 0.0156 0.01
0 0.6333 0.3069 0.0107 0.0083
0 0.3267 0.4687 0.0146 0.0111
0 0.1763 0.492 0.0361 0.0221
0 0.1055 0.4707 0.0117 0.0083
0 0.5791 0.4494 0.0312 0.0232
0 0.6079 0.433 0.0264 0.0183
0 0.4678 0.4383 0.0332 0.0343
0 0.5361 0.4496 0.0156 0.0105
0 0.5542 0.4519 0.0088 0.0072
0 0.7974 0.4671 0.0107 0.0111
0 0.8369 0.4477 0.0176 0.0166
0 0.7139 0.4792 0.0098 0.01
0 0.0439 0.6467 0.0137 0.0105
0 0.1719 0.6563 0.0234 0.0255
0 0.2241 0.6508 0.0264 0.0155
0 0.4751 0.5996 0.0068 0.005
0 0.4258 0.604 0.0059 0.0028
0 0.3979 0.6071 0.0049 0.0033
0 0.6514 0.5628 0.0293 0.0199
0 0.6226 0.5661 0.0283 0.0199
0 0.6255 0.6422 0.042 0.026
0 0.6787 0.6519 0.0312 0.0221
0 0.8208 0.6151 0.0186 0.0138
0 0.7588 0.6348 0.0059 0.0055
0 0.7119 0.6276 0.0078 0.0055
0 0.9067 0.692 0.0127 0.0072
0 0.1367 0.7897 0.0098 0.0077
0 0.1079 0.7941 0.0088 0.0066
0 0.0864 0.7994 0.0068 0.005
0 0.0913 0.7919 0.0068 0.0055
0 0.0439 0.7911 0.0078 0.005
0 0.4033 0.7225 0.0098 0.005
0 0.4561 0.7247 0.0059 0.0039
0 0.1992 0.785 0.0195 0.0127
0 0.2378 0.7745 0.0127 0.0105
0 0.4473 0.8248 0.0254 0.0172
0 0.376 0.8251 0.0156 0.0133
0 0.1538 0.9452 0.0205 0.0155
0 0.125 0.9485 0.0176 0.0122
0 0.0825 0.9593 0.0186 0.0138
0 0.0474 0.9566 0.0283 0.0172
0 0.1011 0.9455 0.0146 0.0094
0 0.1675 0.9347 0.0088 0.0066
0 0.4971 0.9336 0.0488 0.0343
0 0.6099 0.9394 0.0479 0.0338
0 0.8662 0.8962 0.0332 0.0205
0 0.8071 0.8957 0.0303 0.0205
0 0.9429 0.7742 0.0107 0.0077
0 0.855 0.7723 0.0303 0.0194
0 0.7993 0.7748 0.0283 0.0188
0 0.75 0.7789 0.0293 0.0205
0 0.7129 0.7875 0.0273 0.0199
0 0.6548 0.7784 0.0322 0.0205
0 0.9312 0.9555 0.0322 0.0183
0 0.894 0.9602 0.0283 0.0188
0 0.7012 0.9502 0.0059 0.0044
0 0.6943 0.9759 0.0078 0.0061
0 0.7129 0.9709 0.0059 0.005
0 0.7144 0.9488 0.0068 0.0039
0 0.751 0.9535 0.0059 0.0033
0 0.7681 0.9538 0.0049 0.0039
0 0.9082 0.039 0.0273 0.0183
0 0.8457 0.0421 0.0254 0.0166
0 0.5859 0.2142 0.0039 0.0022
0 0.5508 0.2128 0.0039 0.0028
0 0.5327 0.2164 0.0049 0.0022
0 0.5259 0.2108 0.0049 0.0033
0 0.481 0.2205 0.0029 0.0028
0 0.853 0.3318 0.0088 0.0072
0 0.5361 0.6353 0.0137 0.0089
0 0.5776 0.2172 0.0049 0.0039
