0 0.8115 0.1647 0.0527 0.0391
0 0.9727 0.1191 0.043 0.0299
0 0.8813 0.0511 0.0361 0.0319
0 0.4624 0.1084 0.1143 0.0853
0 0.207 0.1006 0.127 0.0749
0 0.022 0.0742 0.0225 0.0182
0 0.668 0.1654 0.0469 0.0391
0 0.5557 0.1546 0.0371 0.0306
0 0.7056 0.0951 0.0283 0.026
0 0.7871 0.0625 0.0098 0.0091
0 0.752 0.0589 0.0078 0.0072
0 0.7168 0.0592 0.0078 0.0078
0 0.6914 0.0563 0.0098 0.0072
0 0.6323 0.0547 0.0068 0.0078
0 0.6099 0.0583 0.0068 0.0072
0 0.647 0.054 0.0088 0.0065
0 0.7915 0.1289 0.04 0.0352
0 0.3398 0.1813 0.0293 0.028
0 0.7529 0.1592 0.0469 0.0397
0 0.6577 0.1234 0.0498 0.0345
0 0.3623 0.1654 0.0371 0.0273
0 0.9746 0.2031 0.0469 0.0365
