0 0.4692 0.3391 0.0205 0.0416
0 0.9512 0.3711 0.0176 0.0487
0 0.9531 0.5333 0.0254 0.0594
0 0.7007 0.6758 0.0088 0.0166
0 0.7178 0.6615 0.0098 0.0143
0 0.8496 0.6829 0.0098 0.0119
0 0.27 0.7708 0.0127 0.0214
0 0.5376 0.8569 0.0107 0.0154
0 0.5405 0.81 0.0107 0.019
0 0.4277 0.6324 0.0137 0.0226
0 0.4668 0.6657 0.0078 0.0131
0 0.7793 0.6716 0.0098 0.0178
0 0.9854 0.4471 0.0273 0.0772
0 0.9854 0.3575 0.0273 0.0594
0 0.249 0.6336 0.0078 0.0178
0 0.3066 0.6401 0.0098 0.019
0 0.811 0.4074 0.0342 0.0475
0 0.8262 0.6401 0.0098 0.0143
0 0.8643 0.6871 0.0078 0.0083
0 0.8711 0.6853 0.0059 0.0095
0 0.8247 0.6871 0.0127 0.0154
0 0.0381 0.5243 0.0039 0.0083
0 0.0435 0.5249 0.0029 0.0071
0 0.0332 0.5202 0.0039 0.0071
