0 0.7124 0.0628 0.0264 0.047
0 0.9277 0.0387 0.0293 0.0393
0 0.6104 0.1085 0.0195 0.0317
0 0.9253 0.1561 0.0166 0.0279
0 0.8818 0.5996 0.0156 0.0419
0 0.6201 0.5742 0.0156 0.0317
0 0.1172 0.0247 0.0332 0.0368
0 0.0903 0.2449 0.0166 0.0254
0 0.4727 0.0552 0.0332 0.0495
0 0.3652 0.0374 0.0137 0.0216
0 0.4736 0.1574 0.0176 0.0279
0 0.4858 0.2862 0.0283 0.0825
0 0.5654 0.2284 0.0176 0.0279
0 0.1211 0.5235 0.0273 0.0368
0 0.3726 0.5368 0.0146 0.0228
0 0.4775 0.5501 0.0312 0.0571
0 0.48 0.6529 0.0205 0.0292
0 0.4902 0.7811 0.0195 0.0698
0 0.585 0.0159 0.0312 0.0317
0 0.0933 0.6142 0.0186 0.0305
0 0.1519 0.6307 0.0146 0.0305
