0 0.5571 0.4099 0.0225 0.0189
0 0.6133 0.4016 0.0234 0.0234
0 0.6899 0.4103 0.0303 0.0302
0 0.7334 0.4148 0.0078 0.009
0 0.8711 0.0675 0.0215 0.0234
0 0.8916 0.0328 0.0195 0.0189
0 0.3042 0.0562 0.0088 0.0083
0 0.4014 0.0588 0.0117 0.0106
0 0.3716 0.06 0.0107 0.0098
0 0.3276 0.0603 0.0088 0.0075
0 0.0835 0.1863 0.0186 0.0136
0 0.1328 0.1821 0.0176 0.0158
0 0.022 0.1821 0.0068 0.0113
0 0.1729 0.1938 0.0059 0.0075
0 0.2012 0.1923 0.0039 0.0045
0 0.0469 0.1893 0.0078 0.0075
0 0.1152 0.5615 0.0352 0.0415
0 0.1865 0.5977 0.0117 0.0128
0 0.2139 0.5969 0.0078 0.0098
0 0.0234 0.6139 0.0078 0.009
0 0.6646 0.5694 0.0303 0.0362
0 0.79 0.5875 0.0234 0.0226
0 0.895 0.5784 0.0264 0.0256
0 0.8726 0.5811 0.0146 0.0173
0 0.7388 0.5882 0.0107 0.0136
0 0.0728 0.0645 0.0146 0.0143
0 0.106 0.0577 0.0146 0.0143
0 0.1577 0.069 0.0127 0.0128
0 0.2148 0.0769 0.0117 0.0106
0 0.0732 0.3465 0.0254 0.0264
0 0.1323 0.3556 0.0205 0.0249
0 0.311 0.3714 0.0146 0.0158
0 0.2856 0.3454 0.0068 0.0075
0 0.2979 0.3507 0.0059 0.006
0 0.3682 0.3488 0.0098 0.0083
0 0.3394 0.3729 0.0127 0.0113
0 0.4243 0.3714 0.0107 0.0143
0 0.8306 0.4913 0.0205 0.0204
0 0.8296 0.4623 0.0146 0.0121
0 0.9517 0.4932 0.0244 0.0271
0 0.7681 0.4827 0.0127 0.0256
0 0.396 0.7149 0.0127 0.0181
0 0.4204 0.71 0.0127 0.0143
0 0.4614 0.7123 0.0127 0.0158
0 0.2495 0.7179 0.0049 0.0045
0 0.0342 0.917 0.0156 0.0181
0 0.1592 0.9023 0.0098 0.0098
0 0.1372 0.8918 0.0049 0.0053
0 0.3218 0.8767 0.0205 0.0189
0 0.3608 0.8895 0.0186 0.0189
0 0.4126 0.8899 0.0127 0.0121
0 0.4751 0.8839 0.0127 0.0121
0 0.4399 0.8937 0.0088 0.0121
0 0.4663 0.8906 0.0068 0.0075
0 0.7261 0.8122 0.04 0.0362
0 0.6318 0.8375 0.0293 0.0264
0 0.6597 0.8326 0.0146 0.0151
0 0.8008 0.8296 0.0391 0.0377
0 0.769 0.8382 0.0146 0.0189
0 0.9053 0.8318 0.0059 0.0121
0 0.9146 0.8367 0.0088 0.0113
0 0.228 0.2342 0.0107 0.0098
0 0.2573 0.233 0.0068 0.009
0 0.2427 0.2281 0.0068 0.0083
0 0.3828 0.2391 0.0117 0.0106
0 0.4028 0.2338 0.0107 0.0106
0 0.4614 0.2515 0.0166 0.0158
0 0.3447 0.2353 0.0078 0.009
0 0.2744 0.2255 0.0059 0.0075
0 0.4766 0.2474 0.0117 0.0136
0 0.481 0.23 0.0088 0.009
0 0.4922 0.2289 0.0059 0.0068
0 0.6138 0.5943 0.0225 0.0256
0 0.3081 0.5109 0.0088 0.0128
0 0.3594 0.5098 0.0156 0.0151
0 0.272 0.5102 0.0068 0.0083
0 0.2388 0.5102 0.0068 0.0083
0 0.4292 0.5196 0.0068 0.0075
0 0.4028 0.5211 0.0068 0.0075
0 0.0518 0.8922 0.0039 0.006
0 0.3291 0.7198 0.0039 0.0053
0 0.5396 0.7123 0.0088 0.0098
0 0.583 0.2911 0.0039 0.0045
0 0.5444 0.2828 0.0029 0.0075
0 0.8901 0.267 0.0029 0.0045
0 0.7402 0.2881 0.0039 0.006
0 0.7617 0.2881 0.0039 0.0075
0 0.7827 0.2843 0.0029 0.006
0 0.6255 0.2941 0.0029 0.003
0 0.6309 0.3096 0.0059 0.0053
0 0.6924 0.2055 0.0039 0.0038
0 0.8203 0.2496 0.0039 0.0045
0 0.5244 0.3066 0.0039 0.0053
0 0.6157 0.2968 0.0029 0.0038
0 0.6509 0.2937 0.0049 0.0053
0 0.6436 0.3115 0.0059 0.0045
0 0.187 0.3643 0.0068 0.006
0 0.0127 0.5992 0.0078 0.0098
0 0.5815 0.8488 0.0127 0.0113
