0 0.0342 0.5522 0.0039 0.0074
0 0.0049 0.5566 0.0059 0.0103
0 0.1206 0.5235 0.0088 0.0176
0 0.1567 0.5566 0.0068 0.0132
0 0.1479 0.5581 0.0029 0.0103
0 0.1719 0.5412 0.0078 0.0147
0 0.1899 0.5184 0.0088 0.0191
0 0.1646 0.5426 0.0029 0.0088
0 0.1367 0.5529 0.0039 0.0088
0 0.167 0.5324 0.0039 0.0088
0 0.1821 0.5309 0.0049 0.0118
0 0.2104 0.5096 0.0068 0.0132
0 0.2358 0.5059 0.0068 0.0206
0 0.2598 0.4897 0.0098 0.0206
0 0.2817 0.4801 0.0088 0.0279
0 0.312 0.4985 0.0107 0.0235
0 0.3521 0.4838 0.0088 0.0265
0 0.3896 0.4816 0.0098 0.025
0 0.4209 0.4485 0.0156 0.0324
0 0.4917 0.4691 0.0166 0.0353
0 0.5303 0.4853 0.0156 0.0265
0 0.5801 0.4743 0.0156 0.0338
0 0.6201 0.4735 0.0137 0.0324
0 0.6777 0.4831 0.0156 0.0309
0 0.7251 0.4346 0.0186 0.0368
0 0.8364 0.436 0.0186 0.0309
0 0.7759 0.4735 0.0166 0.0265
0 0.9697 0.4691 0.0195 0.0324
0 0.9272 0.4588 0.0186 0.0324
0 0.8818 0.4625 0.0156 0.025
0 0.1958 0.5346 0.0049 0.0132
