0 0.2114 0.4642 0.0146 0.0247
0 0.2734 0.4941 0.0059 0.0091
0 0.2495 0.4987 0.0049 0.0078
0 0.7573 0.4987 0.0088 0.0182
0 0.7764 0.4941 0.0078 0.0143
0 0.6982 0.487 0.0059 0.0078
0 0.5254 0.498 0.0039 0.0039
0 0.5493 0.498 0.0049 0.0065
0 0.5674 0.4993 0.0059 0.0065
0 0.666 0.4876 0.0059 0.0117
0 0.6606 0.4961 0.0068 0.0104
0 0.6421 0.4922 0.0049 0.0078
0 0.6172 0.4902 0.0059 0.0065
0 0.6831 0.4876 0.0049 0.0117
0 0.6753 0.4896 0.0068 0.0104
0 0.6479 0.487 0.0068 0.0078
0 0.8262 0.4948 0.0059 0.0104
0 0.7124 0.4837 0.0049 0.0065
0 0.749 0.4876 0.0059 0.0065
0 0.5859 0.4961 0.0039 0.0052
0 0.6128 0.5 0.0029 0.0052
0 0.0737 0.4603 0.0049 0.0065
0 0.2422 0.4915 0.0039 0.0065
0 0.5996 0.4993 0.002 0.0039
0 0.7939 0.4941 0.0059 0.0143
0 0.7383 0.487 0.0059 0.013
0 0.7344 0.4941 0.0078 0.0091
0 0.6895 0.487 0.0059 0.0104
0 0.1973 0.4609 0.0078 0.0182
