0 0.0962 0.396 0.0186 0.045
0 0.1313 0.343 0.0205 0.0265
0 0.106 0.3113 0.0186 0.0159
0 0.0317 0.2311 0.0127 0.0199
0 0.0181 0.2358 0.0068 0.0106
0 0.0674 0.2258 0.0156 0.0225
0 0.106 0.2417 0.0068 0.0119
0 0.1265 0.2278 0.0088 0.0159
0 0.1387 0.2225 0.0117 0.0159
0 0.2021 0.2265 0.0078 0.0132
0 0.2153 0.2291 0.0088 0.0132
0 0.2983 0.2033 0.0166 0.0278
0 0.2998 0.2199 0.0078 0.0106
0 0.3257 0.1993 0.0107 0.0119
0 0.3569 0.204 0.0088 0.0159
0 0.3726 0.198 0.0166 0.0252
0 0.4023 0.194 0.0078 0.0172
0 0.4121 0.1954 0.0098 0.0172
0 0.4419 0.1901 0.0088 0.0146
0 0.4536 0.1815 0.0088 0.0132
0 0.4683 0.1887 0.0068 0.0119
0 0.4883 0.1815 0.0078 0.0106
0 0.5015 0.1788 0.0107 0.0159
0 0.5269 0.1662 0.0088 0.0146
0 0.481 0.1828 0.0049 0.0106
0 0.543 0.1695 0.0098 0.0212
0 0.5776 0.1675 0.0068 0.0093
0 0.6401 0.1642 0.0088 0.0132
0 0.6846 0.1497 0.0137 0.0212
0 0.6372 0.149 0.0068 0.0093
0 0.7148 0.149 0.0078 0.0119
0 0.7524 0.1424 0.0127 0.0252
0 0.7983 0.1503 0.0127 0.0172
0 0.834 0.1232 0.0117 0.0185
0 0.9531 0.1099 0.0137 0.0185
0 0.3643 0.194 0.0098 0.0199
