0 0.1138 0.4845 0.0479 0.1015
0 0.1758 0.4596 0.0391 0.1274
0 0.0088 0.5628 0.0176 0.1136
0 0.0249 0.4552 0.0322 0.1084
0 0.1479 0.4639 0.0283 0.0947
0 0.0708 0.4664 0.0303 0.0757
0 0.2397 0.4699 0.0205 0.0688
0 0.2827 0.4596 0.0205 0.0585
0 0.3389 0.4475 0.0176 0.0688
0 0.1416 0.3847 0.0156 0.043
0 0.1577 0.3391 0.0107 0.0379
0 0.1704 0.3391 0.0127 0.0379
0 0.1055 0.352 0.0176 0.0396
0 0.1221 0.3425 0.0176 0.0448
0 0.0386 0.3158 0.0186 0.0327
0 0.061 0.3003 0.0127 0.043
0 0.0996 0.3055 0.0156 0.0327
0 0.2188 0.3494 0.0156 0.0413
0 0.3613 0.4208 0.0215 0.0671
0 0.478 0.3804 0.0244 0.0585
0 0.4424 0.4191 0.0117 0.0465
0 0.4468 0.3976 0.0107 0.0379
0 0.459 0.3881 0.0117 0.0293
0 0.4272 0.3752 0.0146 0.031
0 0.4243 0.4225 0.0127 0.0534
0 0.4663 0.3391 0.0127 0.0275
0 0.5166 0.4019 0.0176 0.0327
0 0.5303 0.3924 0.0098 0.0448
0 0.5596 0.3623 0.0117 0.0327
0 0.5708 0.3778 0.0146 0.0293
0 0.5835 0.3632 0.0088 0.0241
0 0.6255 0.3838 0.0068 0.0241
0 0.7476 0.3778 0.0244 0.0602
0 0.6987 0.3554 0.0146 0.0258
0 0.8003 0.3632 0.0107 0.0241
0 0.8159 0.3339 0.0107 0.0207
0 0.8813 0.3434 0.0088 0.0258
0 0.8887 0.358 0.0078 0.0241
0 0.897 0.3563 0.0107 0.0241
0 0.9399 0.3692 0.0088 0.0189
0 0.9575 0.3451 0.0107 0.0224
0 0.9814 0.3494 0.0117 0.0207
