0 0.1528 0.5169 0.0479 0.1422
0 0.3242 0.5704 0.043 0.0469
0 0.438 0.5894 0.0459 0.088
0 0.5132 0.596 0.0303 0.0308
0 0.6143 0.629 0.0312 0.0528
0 0.6436 0.6547 0.0195 0.0367
0 0.665 0.6129 0.0195 0.0352
0 0.7061 0.6107 0.0215 0.0367
0 0.6665 0.5814 0.0186 0.0308
0 0.6943 0.5455 0.0176 0.0323
0 0.666 0.4611 0.0117 0.022
0 0.7075 0.5132 0.0146 0.0293
0 0.7207 0.5557 0.0176 0.0293
0 0.7432 0.5059 0.0156 0.0264
0 0.7363 0.5323 0.0176 0.0235
0 0.8779 0.6921 0.0137 0.0264
0 0.5117 0.3372 0.0098 0.0205
0 0.7197 0.5007 0.0117 0.0279
0 0.6753 0.5308 0.0107 0.0235
