0 0.3159 0.1694 0.0244 0.0572
0 0.6919 0.1987 0.0068 0.0191
0 0.5933 0.2141 0.0107 0.0205
0 0.1128 0.1862 0.0264 0.0587
0 0.0254 0.4575 0.0449 0.0997
0 0.1299 0.5609 0.041 0.0865
0 0.5742 0.2265 0.0215 0.0396
0 0.8359 0.4839 0.0293 0.0616
0 0.9038 0.4362 0.0283 0.0484
0 0.9697 0.2119 0.0371 0.0718
0 0.8804 0.1694 0.0225 0.0572
0 0.8076 0.5587 0.043 0.0645
0 0.7583 0.4897 0.0322 0.0674
0 0.7031 0.3688 0.0254 0.0513
0 0.731 0.3299 0.0166 0.0264
0 0.7427 0.2148 0.0127 0.0191
0 0.0405 0.7881 0.0615 0.1716
0 0.2915 0.695 0.0615 0.1056
0 0.5103 0.6884 0.0557 0.0924
0 0.8159 0.6386 0.0576 0.107
0 0.9717 0.6672 0.0527 0.129
0 0.9673 0.7955 0.0635 0.154
0 0.8301 0.8321 0.041 0.0924
0 0.9355 0.2375 0.0176 0.044
0 0.1865 0.1818 0.0391 0.0762
0 0.0479 0.1664 0.0449 0.0982
0 0.2241 0.2082 0.0225 0.0411
0 0.3608 0.1994 0.0225 0.0528
0 0.3877 0.2273 0.0195 0.0469
0 0.4932 0.2273 0.0449 0.0821
0 0.0078 0.1833 0.0137 0.0264
