0 0.9087 0.5482 0.0479 0.0859
0 0.8413 0.4831 0.0322 0.0651
0 0.3643 0.4447 0.0273 0.0456
0 0.606 0.347 0.0146 0.0221
0 0.668 0.3522 0.0117 0.0299
0 0.7993 0.3307 0.0146 0.0234
0 0.8105 0.3314 0.0137 0.0221
0 0.8491 0.3464 0.0127 0.0208
0 0.874 0.319 0.0117 0.026
0 0.9092 0.304 0.0117 0.0273
0 0.0801 0.3066 0.0957 0.1628
0 0.2764 0.3405 0.0215 0.0404
0 0.4985 0.3359 0.0811 0.1328
0 0.7349 0.3483 0.0107 0.0195
0 0.4453 0.3496 0.0117 0.0169
0 0.5625 0.3783 0.0078 0.0169
0 0.2993 0.4941 0.0205 0.0378
