0 0.6128 0.1582 0.0166 0.0459
0 0.6343 0.2029 0.0186 0.0483
0 0.6592 0.1389 0.0137 0.0459
0 0.6733 0.1304 0.0186 0.0483
0 0.7505 0.1159 0.0166 0.0531
0 0.7451 0.1727 0.0195 0.0507
0 0.791 0.1316 0.0195 0.0411
0 0.7847 0.3225 0.0205 0.0507
0 0.8218 0.3273 0.0205 0.0507
0 0.8848 0.401 0.0176 0.0435
0 0.9453 0.4336 0.0195 0.0507
0 0.5591 0.587 0.0166 0.0435
0 0.5581 0.5205 0.0146 0.0362
0 0.1089 0.1824 0.0146 0.0362
0 0.0806 0.151 0.0127 0.0362
0 0.1548 0.1655 0.0146 0.0362
0 0.187 0.163 0.0186 0.0459
0 0.1821 0.43 0.0166 0.0483
0 0.2651 0.1993 0.0186 0.0411
0 0.2412 0.3756 0.0195 0.0556
0 0.2861 0.4022 0.0156 0.0459
0 0.3701 0.4094 0.0156 0.0507
0 0.3457 0.6039 0.0176 0.0483
0 0.2861 0.6341 0.0176 0.0459
0 0.3428 0.1425 0.0156 0.0435
0 0.3013 0.1365 0.0166 0.0459
0 0.2974 0.1848 0.0146 0.0459
0 0.3926 0.1437 0.0156 0.0411
0 0.4155 0.3599 0.0186 0.058
0 0.3926 0.6135 0.0156 0.0483
0 0.4678 0.5423 0.0176 0.0459
0 0.4038 0.163 0.0127 0.0362
0 0.4404 0.1582 0.0156 0.0459
0 0.4688 0.1437 0.0156 0.0507
0 0.498 0.186 0.0156 0.0435
0 0.5093 0.1498 0.0146 0.0435
0 0.5601 0.6848 0.0166 0.0507
0 0.6558 0.6425 0.0186 0.0531
0 0.77 0.6836 0.0225 0.0628
0 0.6733 0.5471 0.0186 0.0411
0 0.7188 0.5652 0.0176 0.0386
0 0.7598 0.4928 0.0195 0.0628
0 0.5356 0.1763 0.0166 0.0435
0 0.5493 0.1135 0.0186 0.0483
0 0.5752 0.1353 0.0156 0.0483
0 0.5977 0.1075 0.0137 0.0459
0 0.5728 0.221 0.0127 0.0362
