0 0.2891 0.5913 0.0508 0.125
0 0.0547 0.701 0.0781 0.1442
0 0.1479 0.5615 0.0479 0.1346
0 0.2363 0.4135 0.0371 0.0962
0 0.209 0.3019 0.0391 0.1
0 0.1582 0.3221 0.0391 0.0865
0 0.0723 0.2644 0.041 0.0942
0 0.0381 0.3923 0.0449 0.0923
0 0.1387 0.4308 0.0469 0.1077
0 0.3921 0.2365 0.0518 0.1577
0 0.5322 0.3317 0.041 0.0942
0 0.4917 0.4288 0.042 0.0923
0 0.4629 0.4683 0.0352 0.1019
0 0.4951 0.3163 0.0312 0.0865
0 0.6245 0.3096 0.0322 0.0846
0 0.623 0.375 0.0332 0.0846
0 0.6802 0.4125 0.0459 0.1135
0 0.6846 0.2865 0.0332 0.0808
0 0.7344 0.2981 0.0371 0.0885
0 0.7271 0.4394 0.0439 0.0942
0 0.7632 0.3308 0.0439 0.1769
0 0.8892 0.35 0.0439 0.1
0 0.9229 0.4577 0.0527 0.1077
0 0.9883 0.3346 0.0215 0.0962
0 0.3135 0.3317 0.0293 0.0904
