0 0.5244 0.4219 0.0957 0.1663
0 0.4365 0.5025 0.0918 0.1575
0 0.4175 0.2744 0.1025 0.1738
0 0.252 0.2812 0.1094 0.1325
0 0.1729 0.29 0.0879 0.145
0 0.8906 0.2794 0.1016 0.1537
0 0.6758 0.3613 0.0742 0.17
0 0.1455 0.0969 0.0234 0.0387
0 0.1777 0.105 0.0176 0.0375
0 0.0664 0.1119 0.0195 0.0338
0 0.019 0.09 0.0146 0.04
0 0.3335 0.1169 0.0205 0.0362
0 0.4902 0.2475 0.0254 0.035
0 0.4741 0.21 0.0166 0.035
0 0.5156 0.1844 0.0195 0.0362
0 0.541 0.2188 0.0195 0.035
0 0.5581 0.265 0.0205 0.035
0 0.5894 0.2606 0.0186 0.0338
0 0.5952 0.3831 0.0205 0.0338
0 0.5991 0.2256 0.0205 0.0312
0 0.6211 0.1862 0.0195 0.0325
0 0.5767 0.1631 0.0205 0.0338
0 0.6294 0.1281 0.0166 0.0338
0 0.5913 0.1231 0.0186 0.0338
0 0.5127 0.13 0.0195 0.0375
0 0.4648 0.1188 0.0195 0.035
0 0.8306 0.1569 0.0225 0.0413
0 0.752 0.1281 0.0195 0.0338
0 0.6836 0.14 0.0195 0.0325
0 0.9512 0.0844 0.0176 0.0288
0 0.9614 0.0425 0.0186 0.0325
0 0.8369 0.0319 0.0176 0.0288
0 0.9111 0.0819 0.0176 0.0312
0 0.6206 0.3425 0.0205 0.04
0 0.6748 0.4094 0.0293 0.0488
