0 0.4224 0.2601 0.0459 0.0851
0 0.229 0.272 0.0479 0.0893
0 0.1597 0.2643 0.04 0.0795
0 0.0781 0.1339 0.0449 0.1004
0 0.0361 0.2008 0.0488 0.0921
0 0.5737 0.1437 0.0381 0.0948
0 0.5537 0.311 0.043 0.0893
0 0.7461 0.1562 0.043 0.0865
0 0.8545 0.1513 0.0449 0.0851
0 0.937 0.1841 0.042 0.0921
0 0.8779 0.3047 0.041 0.0795
0 0.3882 0.1974 0.0361 0.0795
0 0.8774 0.0579 0.0225 0.0488
0 0.9199 0.0509 0.0273 0.0488
0 0.3784 0.1025 0.0264 0.0404
0 0.3135 0.175 0.0293 0.0516
0 0.2749 0.0718 0.0264 0.046
0 0.2861 0.0286 0.0195 0.0377
