0 0.0947 0.0198 0.0234 0.0308
0 0.0615 0.1012 0.0273 0.0352
0 0.0234 0.2001 0.0273 0.0396
0 0.1055 0.2383 0.0273 0.0367
0 0.1841 0.1173 0.0264 0.0381
0 0.2061 0.0286 0.0234 0.0367
0 0.3062 0.1092 0.0205 0.0367
0 0.1406 0.2867 0.0332 0.0396
0 0.3003 0.0139 0.0186 0.0249
0 0.3828 0.0293 0.0195 0.0264
0 0.4082 0.074 0.0195 0.0425
0 0.4355 0.055 0.0176 0.0308
0 0.4893 0.0257 0.0156 0.0308
0 0.5376 0.0301 0.0127 0.0308
0 0.5972 0.0572 0.0146 0.0323
0 0.6792 0.0865 0.0146 0.0352
0 0.6641 0.0674 0.0137 0.0235
0 0.7539 0.0499 0.0156 0.0352
0 0.7417 0.1466 0.0166 0.0381
0 0.6577 0.1943 0.0186 0.0396
0 0.4941 0.1364 0.0176 0.0352
0 0.563 0.1202 0.0166 0.0323
0 0.627 0.2265 0.0195 0.0337
0 0.6045 0.2691 0.0195 0.0396
0 0.4561 0.2427 0.0254 0.0396
0 0.5508 0.2779 0.0176 0.0337
0 0.4907 0.3732 0.0283 0.0484
0 0.6475 0.371 0.0273 0.0499
0 0.7241 0.2214 0.0205 0.0381
0 0.728 0.2925 0.0225 0.0396
0 0.1821 0.3607 0.0342 0.0499
0 0.2305 0.4142 0.0391 0.0513
0 0.3516 0.3996 0.0352 0.0543
0 0.1763 0.6408 0.0498 0.0587
0 0.5581 0.5037 0.0303 0.0513
0 0.0073 0.3482 0.0166 0.0543
0 0.0098 0.4531 0.0215 0.0469
0 0.8315 0.063 0.0146 0.0293
0 0.915 0.0946 0.0176 0.0308
0 0.7661 0.099 0.0166 0.0308
0 0.8633 0.1935 0.0234 0.0411
0 0.9087 0.206 0.0225 0.0337
0 0.9692 0.2097 0.0205 0.0411
0 0.8091 0.324 0.0225 0.0235
0 0.9526 0.3475 0.0283 0.0323
0 0.7739 0.3944 0.0264 0.044
0 0.8647 0.4699 0.0381 0.0484
0 0.9741 0.4641 0.0361 0.0396
0 0.7451 0.5638 0.0371 0.0601
