0 0.5664 0.3856 0.0352 0.0685
0 0.1812 0.2617 0.0361 0.0685
0 0.1582 0.3557 0.0352 0.0583
0 0.2466 0.3783 0.0342 0.0627
0 0.3193 0.2332 0.0332 0.0671
0 0.3276 0.3936 0.0342 0.0671
0 0.2456 0.6487 0.0439 0.0729
0 0.311 0.5999 0.0342 0.0656
0 0.3853 0.6341 0.04 0.0758
0 0.4189 0.2813 0.0352 0.0758
0 0.4414 0.2413 0.0312 0.0627
0 0.5205 0.3652 0.0371 0.0685
0 0.5703 0.2937 0.0293 0.0569
0 0.5342 0.6115 0.0371 0.0569
0 0.5972 0.6101 0.04 0.0627
0 0.644 0.3243 0.0342 0.0598
0 0.7212 0.3593 0.0303 0.0598
0 0.7905 0.656 0.0439 0.0787
0 0.8901 0.6006 0.0439 0.0729
