0 0.313 0.6306 0.0439 0.1191
0 0.7114 0.962 0.0303 0.0531
0 0.7798 0.9426 0.0283 0.0545
0 0.811 0.9017 0.0244 0.0502
0 0.7017 0.8286 0.0264 0.0473
0 0.9634 0.8924 0.0283 0.0603
0 0.8296 0.9627 0.0283 0.0574
0 0.8784 0.9189 0.0264 0.0531
0 0.8413 0.8479 0.0244 0.0603
0 0.8765 0.8594 0.0264 0.0516
0 0.9229 0.8329 0.0215 0.0445
0 0.9482 0.9763 0.0273 0.0445
0 0.9795 0.8214 0.0156 0.033
0 0.1118 0.929 0.0264 0.0531
0 0.1523 0.8278 0.0176 0.0373
0 0.207 0.9161 0.0215 0.0387
0 0.2148 0.8716 0.0156 0.033
0 0.1758 0.8106 0.0176 0.0344
