0 0.0503 0.4213 0.0322 0.0598
0 0.0747 0.4057 0.0322 0.0598
0 0.3315 0.4291 0.0322 0.0572
0 0.2979 0.4194 0.0293 0.0533
0 0.4341 0.4213 0.0303 0.065
0 0.4614 0.3882 0.0283 0.0507
0 0.4023 0.3999 0.0293 0.0559
0 0.5581 0.4239 0.0225 0.0702
0 0.6196 0.4467 0.0244 0.0507
0 0.6934 0.4083 0.0312 0.052
0 0.791 0.4467 0.0273 0.0533
0 0.7354 0.459 0.0254 0.0546
0 0.8887 0.4447 0.0293 0.0598
0 0.9399 0.4532 0.0127 0.0429
0 0.9497 0.4714 0.0186 0.0455
0 0.9868 0.461 0.0205 0.0403
0 0.1577 0.3264 0.0107 0.0182
0 0.1523 0.2893 0.0098 0.0195
0 0.2417 0.3056 0.0068 0.013
0 0.2266 0.3316 0.0137 0.0182
0 0.3706 0.2919 0.0127 0.0169
0 0.3779 0.2659 0.0078 0.0143
0 0.4102 0.2698 0.0137 0.0221
0 0.4014 0.3212 0.0098 0.0182
0 0.3398 0.368 0.0098 0.0182
0 0.4307 0.2952 0.0117 0.0208
0 0.4897 0.3518 0.0107 0.0143
0 0.1343 0.2399 0.0127 0.0169
0 0.3008 0.3433 0.0117 0.0182
0 0.4624 0.3303 0.0107 0.0182
0 0.5352 0.2172 0.0098 0.013
0 0.6514 0.3225 0.0098 0.0208
0 0.79 0.3589 0.0117 0.0156
0 0.7817 0.3849 0.0166 0.0208
0 0.7612 0.3602 0.0127 0.0234
0 0.8457 0.3537 0.0098 0.0208
0 0.8921 0.3505 0.0107 0.0221
0 0.9458 0.2991 0.0088 0.013
0 0.9204 0.3453 0.0146 0.0221
0 0.9819 0.3342 0.0107 0.0182
0 0.4336 0.2659 0.0117 0.0143
0 0.0137 0.2393 0.0117 0.0156
