0 0.2412 0.6068 0.0059 0.0078
0 0.2915 0.6348 0.0068 0.0091
0 0.3735 0.668 0.0068 0.0156
0 0.5054 0.7604 0.0127 0.0208
0 0.5513 0.7656 0.0107 0.0182
0 0.5708 0.7734 0.0068 0.0182
0 0.4736 0.8223 0.0098 0.0247
0 0.4097 0.7936 0.0107 0.0195
0 0.937 0.8086 0.0107 0.0234
0 0.958 0.8444 0.0137 0.0195
0 0.9561 0.7246 0.0098 0.0169
0 0.938 0.7259 0.0088 0.0169
0 0.8848 0.7279 0.0098 0.0182
0 0.8203 0.6634 0.0078 0.0143
0 0.8052 0.6706 0.0088 0.0182
0 0.9819 0.681 0.0068 0.013
0 0.8271 0.7181 0.0098 0.0143
0 0.937 0.6725 0.0068 0.0143
0 0.9297 0.7051 0.0078 0.0117
0 0.9546 0.6973 0.0068 0.0143
0 0.8438 0.6745 0.0078 0.013
0 0.9878 0.6999 0.0068 0.0117
0 0.9092 0.7064 0.0078 0.0169
0 0.9614 0.6615 0.0068 0.0104
0 0.9414 0.6973 0.0059 0.0117
0 0.9463 0.7135 0.0078 0.0156
0 0.8354 0.7005 0.0068 0.013
0 0.8755 0.7012 0.0088 0.0143
0 0.8608 0.6738 0.0068 0.0117
0 0.2578 0.6198 0.0059 0.0104
0 0.8496 0.5645 0.0039 0.0065
0 0.7173 0.7018 0.0068 0.013
0 0.7178 0.6725 0.0078 0.0143
0 0.6255 0.6751 0.0068 0.0117
0 0.6387 0.6608 0.0059 0.0117
0 0.6265 0.6328 0.0088 0.0156
0 0.5747 0.6491 0.0068 0.0117
