0 0.0225 0.7635 0.0156 0.0278
0 0.1406 0.6977 0.0137 0.022
0 0.0796 0.6376 0.0107 0.022
0 0.3931 0.7994 0.0127 0.0322
0 0.3003 0.5922 0.0088 0.0249
0 0.3525 0.593 0.0098 0.0234
0 0.4175 0.6018 0.0127 0.0234
0 0.6514 0.5688 0.0098 0.019
0 0.6025 0.5578 0.0078 0.0205
0 0.9399 0.4641 0.0068 0.0146
0 0.9619 0.4627 0.0078 0.0146
0 0.9346 0.4971 0.0059 0.0132
0 0.8374 0.5307 0.0068 0.0161
0 0.1201 0.6398 0.0117 0.0176
0 0.2461 0.1691 0.0117 0.0249
0 0.3994 0.1852 0.0098 0.0249
0 0.4375 0.1589 0.0117 0.0249
0 0.4873 0.1808 0.0117 0.0249
0 0.5078 0.1537 0.0098 0.0205
0 0.5386 0.1523 0.0107 0.0264
0 0.729 0.1603 0.0088 0.019
0 0.7388 0.172 0.0068 0.0161
0 0.8481 0.1662 0.0068 0.019
0 0.8799 0.153 0.0078 0.0161
0 0.8994 0.183 0.0078 0.0146
0 0.853 0.1545 0.0068 0.0161
0 0.9482 0.1691 0.0078 0.019
0 0.9634 0.1567 0.0068 0.0146
0 0.6968 0.1735 0.0088 0.019
0 0.6641 0.1669 0.0117 0.0205
0 0.479 0.1669 0.0088 0.0176
0 0.3843 0.1362 0.0088 0.0205
0 0.3428 0.172 0.0117 0.022
0 0.3184 0.1823 0.0078 0.0161
0 0.2939 0.1545 0.0098 0.0249
0 0.2021 0.1611 0.0117 0.0234
0 0.1401 0.1742 0.0127 0.0234
0 0.1016 0.1779 0.0117 0.022
0 0.9937 0.4685 0.0068 0.0146
0 0.8057 0.5051 0.0098 0.0146
0 0.8354 0.5037 0.0088 0.0146
0 0.707 0.5227 0.0098 0.0176
0 0.6191 0.5622 0.0098 0.0205
0 0.5464 0.5849 0.0088 0.019
0 0.5093 0.5915 0.0107 0.0176
0 0.4702 0.604 0.0107 0.019
0 0.4624 0.6449 0.0107 0.0161
0 0.4688 0.7745 0.0176 0.0293
0 0.2715 0.612 0.0137 0.0234
0 0.2354 0.6391 0.0098 0.019
0 0.1733 0.642 0.0127 0.0249
0 0.1802 0.7804 0.0146 0.0234
0 0.1699 0.8675 0.0156 0.0337
0 0.2432 0.7643 0.0156 0.0205
0 0.3047 0.7445 0.0117 0.022
0 0.584 0.8038 0.0176 0.0293
0 0.5898 0.8441 0.0156 0.0307
0 0.6831 0.8067 0.0127 0.0293
0 0.7993 0.7218 0.0166 0.0293
0 0.7651 0.8529 0.0166 0.0337
0 0.8804 0.8463 0.0127 0.0264
0 0.916 0.7401 0.0137 0.0278
0 0.9741 0.9165 0.0205 0.0351
0 0.6011 0.1633 0.0107 0.022
