0 0.4917 0.588 0.0693 0.129
0 0.3242 0.2559 0.0527 0.1422
0 0.7451 0.3057 0.0273 0.063
0 0.9175 0.2683 0.0342 0.088
0 0.1714 0.1166 0.0166 0.0455
0 0.2422 0.1202 0.0273 0.0645
0 0.2227 0.261 0.0293 0.0616
0 0.0859 0.239 0.0469 0.0704
0 0.0591 0.1114 0.0244 0.0499
0 0.0161 0.2016 0.0264 0.0543
0 0.3379 0.121 0.0273 0.0543
0 0.375 0.0682 0.0215 0.0718
0 0.2729 0.0469 0.0205 0.0674
0 0.5728 0.0931 0.0166 0.0455
0 0.248 0.36 0.0176 0.0425
0 0.1592 0.0447 0.0234 0.0572
0 0.064 0.022 0.0264 0.0352
0 0.5063 0.121 0.0283 0.0601
0 0.4604 0.0601 0.0225 0.0528
0 0.7505 0.1818 0.0186 0.0528
0 0.0342 0.3343 0.0312 0.0645
