0 0.4214 0.5091 0.0088 0.0156
0 0.3936 0.4993 0.0039 0.0039
0 0.3618 0.418 0.0049 0.0052
0 0.3584 0.3581 0.0098 0.0156
0 0.4409 0.2897 0.0049 0.0065
0 0.5005 0.5137 0.0107 0.0117
0 0.5459 0.5085 0.0039 0.0039
0 0.582 0.5182 0.0078 0.0156
0 0.6211 0.5378 0.0078 0.013
0 0.6436 0.4525 0.0117 0.0195
0 0.6509 0.3711 0.0029 0.0078
0 0.6362 0.3001 0.0107 0.0195
0 0.5996 0.2891 0.0059 0.0078
0 0.5508 0.2988 0.0098 0.0195
0 0.519 0.2878 0.0049 0.0078
0 0.4736 0.2982 0.0098 0.0182
0 0.4937 0.3913 0.0146 0.0247
0 0.4678 0.502 0.0059 0.0065
