0 0.4014 0.3268 0.0273 0.0599
0 0.5181 0.3494 0.0303 0.0585
0 0.3525 0.261 0.0137 0.0249
0 0.8677 0.4123 0.0225 0.0409
0 0.8057 0.3757 0.0195 0.0351
0 0.752 0.3626 0.0156 0.0292
0 0.7168 0.3348 0.0137 0.0263
0 0.708 0.3224 0.0117 0.0249
0 0.8091 0.2602 0.0127 0.0292
0 0.1582 0.3428 0.0312 0.0687
0 0.23 0.3333 0.0225 0.038
0 0.2822 0.3282 0.0137 0.0219
0 0.0845 0.4254 0.0244 0.0468
0 0.2915 0.2456 0.0088 0.0146
0 0.4634 0.239 0.0088 0.0161
0 0.4424 0.2405 0.0078 0.0132
0 0.5034 0.2471 0.0088 0.0175
0 0.9053 0.25 0.0098 0.0205
0 0.9741 0.2456 0.0068 0.0205
0 0.7598 0.239 0.0078 0.0102
0 0.749 0.2332 0.0059 0.0102
0 0.7827 0.2354 0.0068 0.0117
0 0.1172 0.2493 0.0098 0.0161
0 0.0151 0.2405 0.0068 0.0132
