0 0.1455 0.2358 0.0098 0.0344
0 0.1729 0.3555 0.0293 0.0554
0 0.2026 0.3151 0.0205 0.0494
0 0.2495 0.4394 0.0166 0.0374
0 0.8521 0.2223 0.0166 0.0314
0 0.9375 0.2043 0.0137 0.0314
0 0.6069 0.1527 0.0068 0.012
0 0.6372 0.14 0.0068 0.0135
0 0.6914 0.1504 0.0078 0.0135
0 0.7046 0.1437 0.0068 0.012
0 0.7495 0.1295 0.0068 0.0105
0 0.7773 0.1317 0.0078 0.015
0 0.8105 0.1392 0.0078 0.012
0 0.7319 0.146 0.0068 0.0105
0 0.5303 0.1534 0.0078 0.0135
0 0.4683 0.1445 0.0068 0.0165
0 0.9795 0.1302 0.0078 0.012
0 0.9141 0.1272 0.0078 0.015
0 0.9575 0.1385 0.0068 0.0105
0 0.7212 0.1452 0.0049 0.009
0 0.583 0.1482 0.0059 0.012
0 0.5952 0.1452 0.0068 0.015
0 0.5649 0.1445 0.0088 0.0135
0 0.9004 0.6639 0.0566 0.0913
0 0.7832 0.5749 0.0488 0.0898
0 0.7905 0.4521 0.0459 0.0808
0 0.6206 0.4753 0.0322 0.0973
0 0.4941 0.521 0.0293 0.0808
0 0.5479 0.4723 0.0352 0.0793
0 0.4927 0.4566 0.0381 0.0689
0 0.395 0.39 0.0283 0.0674
0 0.3315 0.4431 0.0225 0.0659
0 0.2866 0.3765 0.0264 0.0584
0 0.3633 0.4177 0.0215 0.0629
0 0.0054 0.3129 0.0127 0.0539
0 0.0679 0.2972 0.0186 0.0344
0 0.1323 0.2485 0.0146 0.0359
