0 0.6709 0.5534 0.0645 0.1406
0 0.7036 0.4751 0.0635 0.1215
0 0.7876 0.4641 0.0439 0.1142
0 0.5688 0.4905 0.0576 0.0908
0 0.6553 0.4488 0.0586 0.1069
0 0.4873 0.7474 0.084 0.1479
0 0.5088 0.5059 0.0508 0.1098
0 0.3516 0.5307 0.0605 0.1069
0 0.5562 0.3536 0.0479 0.0805
0 0.4678 0.4429 0.0508 0.0893
0 0.6152 0.7504 0.084 0.1537
0 0.4639 0.336 0.041 0.0717
0 0.3979 0.3551 0.0361 0.0776
0 0.4536 0.6281 0.0576 0.1113
0 0.2021 0.4129 0.0469 0.0937
0 0.1924 0.2584 0.0371 0.0776
0 0.2583 0.347 0.0361 0.0673
0 0.0781 0.3638 0.0488 0.0864
0 0.0522 0.41 0.0459 0.0937
0 0.0444 0.5278 0.0596 0.104
0 0.1177 0.5454 0.0635 0.0835
0 0.3486 0.2306 0.0293 0.06
0 0.4897 0.2482 0.0322 0.0717
0 0.1309 0.257 0.0293 0.06
0 0.1289 0.336 0.0293 0.06
0 0.0352 0.2423 0.0273 0.0571
0 0.3447 0.1676 0.0215 0.0395
0 0.2788 0.1237 0.0186 0.0337
0 0.2505 0.9312 0.085 0.1318
0 0.0454 0.8133 0.0713 0.1596
0 0.0552 0.6442 0.0674 0.1201
0 0.1216 0.9187 0.0986 0.1596
0 0.5317 0.9246 0.0947 0.1449
0 0.4297 0.9283 0.084 0.1259
0 0.6528 0.9114 0.0869 0.1596
0 0.7412 0.8843 0.0625 0.1611
0 0.814 0.8001 0.0771 0.142
0 0.9165 0.7247 0.085 0.1435
0 0.8809 0.5534 0.0488 0.1376
0 0.8774 0.388 0.0498 0.0878
0 0.9595 0.2848 0.0322 0.0717
0 0.9824 0.2687 0.0293 0.0864
0 0.8491 0.3441 0.04 0.0908
0 0.8691 0.257 0.041 0.0805
0 0.7656 0.2994 0.0391 0.0659
0 0.8184 0.2796 0.0254 0.0615
0 0.6733 0.2936 0.0342 0.063
0 0.7114 0.284 0.0283 0.0586
0 0.6968 0.0571 0.0244 0.0439
0 0.7026 0.1925 0.0283 0.06
0 0.7847 0.2138 0.0342 0.0732
0 0.25 0.4854 0.0547 0.0981
0 0.1128 0.0725 0.0166 0.0366
0 0.2148 0.0578 0.0156 0.0366
0 0.2456 0.0791 0.0166 0.041
0 0.3203 0.0425 0.0137 0.0322
0 0.3774 0.0527 0.0127 0.0381
0 0.4023 0.2086 0.0195 0.0483
0 0.0298 0.052 0.0166 0.0337
0 0.0811 0.2518 0.0195 0.041
0 0.7974 0.0095 0.0166 0.019
0 0.5332 0.0146 0.0176 0.0264
0 0.5103 0.0117 0.0166 0.0205
0 0.6079 0.2489 0.0342 0.0498
0 0.2588 0.6486 0.0664 0.1171
0 0.1626 0.0608 0.0166 0.0366
0 0.1782 0.0366 0.0166 0.0322
0 0.5576 0.3265 0.043 0.0761
0 0.7915 0.4319 0.0596 0.1113
0 0.8066 0.4012 0.0488 0.0966
0 0.4092 0.5168 0.0488 0.0878
