0 0.5054 0.5594 0.0049 0.0094
0 0.4951 0.5367 0.0078 0.0109
0 0.5215 0.5711 0.0059 0.0109
0 0.5317 0.5813 0.0068 0.0125
0 0.5835 0.682 0.0029 0.0078
0 0.5874 0.6828 0.0029 0.0094
0 0.4678 0.5094 0.0059 0.0156
0 0.4429 0.4734 0.0068 0.0188
0 0.7007 0.7602 0.0049 0.0078
0 0.7104 0.7578 0.0049 0.0094
0 0.0723 0.3008 0.0176 0.0328
0 0.0947 0.2547 0.0176 0.0312
0 0.1172 0.2898 0.0156 0.0328
0 0.1045 0.3195 0.0176 0.0328
0 0.1489 0.2773 0.0166 0.0266
0 0.1709 0.2938 0.0117 0.0344
0 0.1963 0.3258 0.0117 0.0297
0 0.0327 0.2422 0.0225 0.0312
0 0.231 0.3 0.0107 0.0312
0 0.3154 0.3641 0.0117 0.0281
0 0.2749 0.3367 0.0107 0.0234
0 0.2886 0.3328 0.0107 0.025
0 0.333 0.407 0.0098 0.0203
0 0.355 0.3953 0.0088 0.0219
0 0.4106 0.4516 0.0107 0.0188
0 0.4238 0.4531 0.0078 0.0156
0 0.3936 0.4336 0.0117 0.0172
0 0.4331 0.5117 0.0088 0.0078
0 0.4565 0.4938 0.0107 0.0156
0 0.5488 0.593 0.0059 0.0109
