0 0.5054 0.7575 0.0225 0.0358
0 0.6138 0.7482 0.0225 0.0429
0 0.4458 0.4492 0.0186 0.0258
0 0.228 0.505 0.0244 0.0401
0 0.105 0.5629 0.0264 0.0386
0 0.0571 0.4371 0.0146 0.0272
0 0.7026 0.3319 0.0205 0.0401
0 0.6431 0.2346 0.0186 0.0258
0 0.7725 0.2067 0.0117 0.0243
0 0.835 0.1996 0.0137 0.0243
0 0.8604 0.3183 0.0098 0.0243
0 0.4019 0.1073 0.0107 0.02
0 0.3789 0.1695 0.0098 0.0215
0 0.4824 0.1137 0.0117 0.0215
0 0.4409 0.2268 0.0107 0.0215
0 0.0327 0.3069 0.0107 0.0186
0 0.0488 0.5973 0.0215 0.0358
0 0.0415 0.6617 0.0186 0.0329
0 0.1802 0.422 0.0186 0.0258
0 0.1655 0.4521 0.0068 0.02
