0 0.8418 0.3335 0.0195 0.0329
0 0.876 0.2841 0.0195 0.0317
0 0.9004 0.3543 0.0176 0.028
0 0.917 0.422 0.0195 0.0317
0 0.8301 0.4274 0.0176 0.0305
0 0.7773 0.3323 0.0195 0.0305
0 0.7437 0.2829 0.0166 0.0244
0 0.7441 0.4274 0.0195 0.0305
0 0.7002 0.3372 0.0176 0.028
0 0.6577 0.4262 0.0186 0.0378
0 0.5815 0.428 0.0186 0.0317
0 0.6211 0.3354 0.0176 0.0268
0 0.5498 0.336 0.0176 0.0305
0 0.6782 0.2707 0.0186 0.0317
0 0.6016 0.275 0.0176 0.0305
0 0.5264 0.2756 0.0176 0.0293
0 0.4507 0.2793 0.0166 0.0244
0 0.4771 0.3293 0.0166 0.0293
0 0.3999 0.336 0.0166 0.0256
0 0.377 0.2835 0.0176 0.028
0 0.3247 0.3409 0.0186 0.0256
0 0.3076 0.2848 0.0176 0.0256
0 0.252 0.3409 0.0176 0.0256
0 0.2344 0.2799 0.0176 0.0305
0 0.1685 0.289 0.0166 0.0268
0 0.1748 0.3488 0.0195 0.0293
0 0.1763 0.4293 0.0186 0.0317
0 0.2646 0.4274 0.0176 0.0305
0 0.3394 0.4293 0.0205 0.0341
0 0.4214 0.4177 0.0186 0.0329
0 0.5083 0.4366 0.0205 0.0317
0 0.0908 0.4201 0.0176 0.028
0 0.1255 0.3518 0.0205 0.0305
0 0.0708 0.3457 0.0186 0.028
0 0.8125 0.2829 0.0195 0.0244
