0 0.8931 0.4056 0.0322 0.0482
0 0.8281 0.418 0.0273 0.0391
0 0.8354 0.5293 0.0322 0.0534
0 0.7554 0.3952 0.0264 0.043
0 0.7017 0.4128 0.0244 0.0417
0 0.7271 0.5267 0.0322 0.0534
0 0.6416 0.5417 0.0312 0.0495
0 0.6201 0.3997 0.0293 0.0443
0 0.5366 0.3939 0.0264 0.0508
0 0.5112 0.3952 0.0264 0.043
0 0.5088 0.5501 0.0293 0.0508
0 0.4639 0.39 0.0273 0.0508
0 0.4316 0.3835 0.0293 0.0456
0 0.3931 0.4108 0.0264 0.0456
0 0.4136 0.5443 0.0283 0.0469
0 0.3159 0.5358 0.0303 0.0508
0 0.334 0.3978 0.0273 0.043
0 0.292 0.3926 0.0273 0.043
0 0.2666 0.416 0.0273 0.0352
0 0.228 0.4355 0.0264 0.0456
0 0.1816 0.3965 0.0293 0.043
0 0.1523 0.4062 0.0293 0.0495
0 0.1978 0.5241 0.0303 0.0534
