0 0.8833 0.4192 0.0283 0.0856
0 0.77 0.4049 0.0283 0.0798
0 0.6611 0.4097 0.0312 0.0779
0 0.8989 0.1568 0.0303 0.0779
0 0.793 0.2101 0.0332 0.0741
0 0.686 0.1863 0.0303 0.0798
0 0.5884 0.173 0.0303 0.0798
0 0.5073 0.1435 0.0322 0.0779
0 0.5474 0.403 0.0322 0.076
0 0.4482 0.4059 0.0352 0.0894
0 0.4028 0.1644 0.0303 0.0817
0 0.3521 0.3869 0.0322 0.0817
0 0.3145 0.1787 0.0293 0.0798
0 0.251 0.4192 0.0312 0.0856
0 0.2495 0.135 0.0322 0.076
0 0.1475 0.3831 0.0312 0.0856
0 0.1997 0.1711 0.0303 0.0837
0 0.0962 0.135 0.0361 0.0798
