0 0.4771 0.1628 0.0596 0.1047
0 0.8042 0.2661 0.0186 0.0301
0 0.7017 0.1155 0.0146 0.0244
0 0.6411 0.1428 0.0146 0.0244
0 0.6206 0.1141 0.0146 0.0215
0 0.6724 0.1026 0.0166 0.0244
0 0.6514 0.071 0.0137 0.0244
0 0.6211 0.0789 0.0137 0.023
0 0.5859 0.076 0.0156 0.023
0 0.5752 0.104 0.0176 0.0244
0 0.6924 0.0488 0.0137 0.0201
0 0.667 0.0438 0.0137 0.0215
0 0.5767 0.0387 0.0146 0.023
0 0.6787 0.1341 0.0137 0.0215
0 0.6953 0.1879 0.0137 0.023
0 0.7319 0.1521 0.0146 0.023
0 0.7568 0.16 0.0137 0.0215
0 0.7861 0.1887 0.0156 0.0301
0 0.7891 0.1162 0.0156 0.023
0 0.8105 0.1471 0.0156 0.0273
0 0.8027 0.2188 0.0156 0.0215
0 0.752 0.241 0.0156 0.023
0 0.708 0.2274 0.0156 0.0244
0 0.4155 0.1011 0.0146 0.0215
0 0.4097 0.0402 0.0146 0.023
0 0.3691 0.2209 0.0176 0.0287
0 0.3647 0.2769 0.0186 0.0344
0 0.3374 0.193 0.0166 0.0244
0 0.5439 0.0674 0.0137 0.0287
0 0.7046 0.0832 0.0146 0.0258
0 0.9731 0.269 0.0146 0.0273
0 0.9258 0.2461 0.0117 0.0215
0 0.8872 0.2712 0.0146 0.0287
0 0.855 0.2245 0.0146 0.0244
0 0.8159 0.1958 0.0146 0.0244
0 0.8545 0.089 0.0137 0.023
0 0.9043 0.198 0.0137 0.023
0 0.8457 0.1542 0.0137 0.0187
0 0.9189 0.1026 0.0117 0.0187
0 0.79 0.0488 0.0137 0.0172
0 0.7573 0.0423 0.0127 0.0187
0 0.7148 0.0265 0.0117 0.0158
0 0.8359 0.0244 0.0137 0.0172
0 0.8882 0.089 0.0146 0.0258
0 0.8525 0.2834 0.0137 0.0215
0 0.1802 0.0481 0.0166 0.0273
0 0.2129 0.0638 0.0137 0.0215
0 0.2163 0.0983 0.0127 0.0215
0 0.1079 0.1736 0.0186 0.0258
0 0.1104 0.1341 0.0156 0.0244
0 0.0767 0.0968 0.0127 0.0244
0 0.1006 0.0925 0.0156 0.0273
0 0.0815 0.0552 0.0186 0.0187
0 0.0361 0.0136 0.0195 0.0244
0 0.167 0.0172 0.0137 0.023
0 0.0811 0.2195 0.0195 0.0316
0 0.2153 0.193 0.0107 0.0273
0 0.2607 0.1793 0.0156 0.0287
0 0.2554 0.137 0.0146 0.0273
0 0.0576 0.1385 0.0156 0.0244
0 0.0073 0.1385 0.0107 0.033
0 0.1294 0.0108 0.0146 0.0187
0 0.2979 0.1442 0.0176 0.033
0 0.2544 0.2869 0.0146 0.023
0 0.207 0.2769 0.0156 0.0258
0 0.1655 0.2898 0.0146 0.0258
0 0.1172 0.2776 0.0176 0.0273
0 0.0449 0.2877 0.0156 0.0273
0 0.0244 0.2425 0.0156 0.023
0 0.2114 0.1535 0.0127 0.0258
0 0.1636 0.1004 0.0127 0.0201
0 0.3208 0.1743 0.0127 0.0301
0 0.3057 0.2755 0.0195 0.0344
0 0.6216 0.0488 0.0107 0.0201
0 0.4526 0.0287 0.0146 0.023
0 0.9458 0.1528 0.0146 0.0273
