0 0.6968 0.2658 0.04 0.0705
0 0.646 0.2173 0.0205 0.0352
0 0.5713 0.1814 0.0469 0.0778
0 0.4282 0.2636 0.0225 0.0426
0 0.4033 0.2628 0.0156 0.0323
0 0.8418 0.2783 0.0234 0.0543
0 0.8604 0.1887 0.0293 0.0514
0 0.937 0.1512 0.0225 0.047
0 0.856 0.1498 0.0225 0.0235
0 0.9922 0.3098 0.0137 0.0646
0 0.9565 0.1138 0.0186 0.0279
0 0.1196 0.1219 0.0088 0.0147
0 0.1108 0.0999 0.0088 0.0147
0 0.1597 0.0705 0.0088 0.0147
0 0.1846 0.1395 0.0078 0.0147
0 0.1528 0.141 0.0088 0.0147
0 0.0693 0.1241 0.0078 0.0162
0 0.0361 0.1498 0.0098 0.0206
0 0.0293 0.047 0.0098 0.0176
0 0.1475 0.2452 0.0117 0.0176
0 0.1113 0.2232 0.0098 0.0176
0 0.0859 0.2474 0.0098 0.0162
0 0.0249 0.2195 0.0107 0.0162
0 0.0342 0.2518 0.0098 0.0132
0 0.1562 0.2695 0.0117 0.0162
0 0.145 0.2195 0.0107 0.0132
0 0.106 0.1975 0.0088 0.0132
0 0.1011 0.1211 0.0088 0.0132
0 0.0913 0.0969 0.0088 0.0147
0 0.0942 0.072 0.0068 0.0117
0 0.1123 0.0536 0.0078 0.0162
0 0.1904 0.0404 0.0098 0.0162
0 0.1333 0.047 0.0088 0.0147
0 0.1392 0.069 0.0088 0.0147
0 0.1704 0.0888 0.0088 0.0162
0 0.1904 0.0683 0.0098 0.0132
0 0.2744 0.1307 0.0098 0.0176
0 0.2886 0.069 0.0068 0.0176
0 0.1187 0.0301 0.0088 0.0132
0 0.1406 0.1652 0.0117 0.0191
0 0.2065 0.0925 0.0107 0.0176
0 0.0786 0.0507 0.0088 0.0132
0 0.0708 0.362 0.0107 0.0191
0 0.0762 0.3385 0.0117 0.0191
0 0.1177 0.2996 0.0107 0.0176
0 0.0957 0.2996 0.0098 0.0147
0 0.1719 0.3568 0.0156 0.0235
0 0.0361 0.337 0.0098 0.0162
0 0.0332 0.3627 0.0098 0.0176
0 0.0332 0.3965 0.0117 0.0176
0 0.0264 0.3076 0.0098 0.0162
0 0.0254 0.2856 0.0078 0.0162
0 0.0542 0.2269 0.0107 0.0162
0 0.21 0.1285 0.0137 0.0191
0 0.2402 0.116 0.0098 0.0206
0 0.4365 0.2034 0.0098 0.0162
0 0.3521 0.2651 0.0107 0.022
0 0.3667 0.207 0.0088 0.0176
0 0.1982 0.2166 0.0098 0.0162
0 0.4399 0.1006 0.0088 0.0162
0 0.436 0.0786 0.0088 0.0132
0 0.4585 0.0764 0.0068 0.0147
0 0.481 0.0991 0.0088 0.0162
0 0.5029 0.0727 0.0098 0.0162
0 0.5181 0.0507 0.0088 0.0162
0 0.5293 0.0646 0.0078 0.0176
0 0.5493 0.0675 0.0088 0.0176
0 0.5674 0.0786 0.0078 0.0132
0 0.5356 0.0169 0.0088 0.0162
0 0.5649 0.0448 0.0068 0.0162
0 0.4756 0.1791 0.0117 0.0176
0 0.4834 0.1468 0.0078 0.0176
0 0.4404 0.1557 0.0098 0.0176
0 0.4126 0.1256 0.0107 0.0162
0 0.3857 0.1079 0.0078 0.0132
0 0.4092 0.083 0.0078 0.0162
0 0.3813 0.0837 0.0088 0.0147
0 0.3574 0.1072 0.0078 0.0147
0 0.375 0.0565 0.0078 0.0162
0 0.3535 0.0595 0.0078 0.0132
0 0.3384 0.08 0.0107 0.0132
0 0.3271 0.0389 0.0098 0.0132
0 0.3237 0.0162 0.0088 0.0147
0 0.3545 0.1557 0.0098 0.0147
0 0.4258 0.0279 0.0098 0.0176
0 0.4482 0.0507 0.0098 0.0162
0 0.4014 0.0573 0.0098 0.0176
0 0.3721 0.0374 0.0098 0.0132
0 0.5195 0.0213 0.0098 0.0162
0 0.2988 0.0455 0.0078 0.0206
0 0.4429 0.0316 0.0088 0.0162
0 0.4038 0.0316 0.0088 0.0132
0 0.4741 0.0316 0.0088 0.0162
0 0.4937 0.0352 0.0088 0.0176
0 0.4756 0.0514 0.0098 0.0147
0 0.4946 0.0565 0.0088 0.0162
0 0.4873 0.0764 0.0078 0.0117
0 0.6079 0.0389 0.0107 0.0191
0 0.6113 0.0117 0.0098 0.0147
0 0.5791 0.0411 0.0078 0.0117
0 0.5806 0.022 0.0088 0.0117
0 0.9087 0.0881 0.0088 0.0206
0 0.2871 0.0947 0.0098 0.0162
0 0.4453 0.2584 0.0098 0.0294
0 0.5112 0.2034 0.0107 0.0191
0 0.3755 0.2452 0.0088 0.0147
0 0.4141 0.1586 0.0078 0.0176
0 0.4497 0.1814 0.0088 0.0191
0 0.46 0.1197 0.0078 0.0162
0 0.4751 0.1263 0.0088 0.0176
0 0.314 0.1116 0.0088 0.0176
0 0.3125 0.0859 0.0078 0.0162
0 0.2935 0.1329 0.0107 0.0191
0 0.5063 0.1013 0.0088 0.0176
0 0.0342 0.1226 0.0078 0.0162
0 0.0112 0.1256 0.0088 0.0162
0 0.0376 0.0984 0.0088 0.0176
0 0.166 0.0257 0.0078 0.0132
0 0.1392 0.022 0.0068 0.0147
0 0.3076 0.0639 0.0078 0.0162
0 0.3901 0.1226 0.0088 0.0162
0 0.1143 0.1395 0.0078 0.0147
0 0.0679 0.3091 0.0088 0.0162
0 0.6382 0.1123 0.0068 0.0162
0 0.5796 0.0602 0.0068 0.0147
0 0.5542 0.0176 0.0068 0.0147
0 0.396 0.022 0.0049 0.0147
0 0.3818 0.014 0.0059 0.0132
0 0.6309 0.1322 0.0078 0.0176
0 0.0024 0.2511 0.0068 0.0147
0 0.1499 0.1197 0.0088 0.0132
0 0.2681 0.1637 0.0068 0.0132
0 0.248 0.1549 0.0078 0.0132
0 0.2212 0.1424 0.0107 0.0147
