0 0.8857 0.4283 0.0371 0.0747
0 0.7534 0.4209 0.0361 0.0747
0 0.6411 0.4209 0.0361 0.0717
0 0.5176 0.4239 0.0352 0.0717
0 0.7988 0.2701 0.0352 0.0659
0 0.6938 0.2796 0.0342 0.0586
0 0.5781 0.2753 0.0371 0.0673
0 0.4707 0.2679 0.0371 0.0644
0 0.3706 0.2526 0.0322 0.0659
0 0.2871 0.2804 0.0312 0.063
0 0.3657 0.4378 0.0381 0.082
0 0.2388 0.4356 0.0342 0.0717
0 0.1934 0.295 0.0352 0.0688
0 0.1426 0.4385 0.0391 0.0747
0 0.5854 0.0915 0.0166 0.0366
0 0.5591 0.0886 0.0127 0.0307
0 0.6157 0.1069 0.0107 0.0205
0 0.5986 0.0922 0.0098 0.0234
0 0.646 0.1157 0.0146 0.0234
0 0.7158 0.1325 0.0137 0.019
0 0.8701 0.1018 0.0137 0.022
0 0.7812 0.1069 0.0078 0.0117
0 0.1611 0.1259 0.0117 0.0176
0 0.1646 0.1874 0.0088 0.0146
0 0.1665 0.0681 0.0088 0.0132
0 0.1416 0.0681 0.0078 0.0132
0 0.1177 0.0673 0.0068 0.0117
0 0.0908 0.0681 0.0078 0.0132
0 0.0674 0.0695 0.0078 0.0132
0 0.0718 0.1288 0.0107 0.0176
0 0.0674 0.1889 0.0059 0.0117
0 0.0659 0.2379 0.0068 0.0102
0 0.0923 0.2379 0.0068 0.0132
0 0.1152 0.2387 0.0098 0.0117
0 0.1406 0.2372 0.0078 0.0117
0 0.165 0.2365 0.0078 0.0132
0 0.0649 0.2884 0.0088 0.0088
0 0.0903 0.2892 0.0068 0.0102
0 0.1152 0.287 0.0078 0.0117
0 0.1411 0.2862 0.0068 0.0102
0 0.1641 0.287 0.0078 0.0117
0 0.2437 0.0688 0.0088 0.0146
0 0.2749 0.0695 0.0088 0.0132
0 0.2432 0.1237 0.0078 0.0161
0 0.2764 0.123 0.0078 0.0146
0 0.2432 0.1794 0.0078 0.0132
0 0.2744 0.1808 0.0078 0.0161
0 0.2437 0.2365 0.0088 0.0161
0 0.3389 0.1808 0.0078 0.0132
0 0.3057 0.1786 0.0078 0.0146
0 0.3062 0.123 0.0088 0.0146
0 0.3379 0.1223 0.0078 0.0132
0 0.3384 0.0688 0.0088 0.0146
0 0.3071 0.0666 0.0088 0.0161
0 0.3379 0.2372 0.0098 0.0146
