0 0.2544 0.5066 0.0146 0.0275
0 0.6631 0.6841 0.0156 0.0262
0 0.7168 0.4948 0.0156 0.0223
0 0.3442 0.4325 0.0107 0.0157
0 0.4116 0.4214 0.0088 0.0144
0 0.4204 0.3866 0.0068 0.0105
0 0.4009 0.3834 0.0088 0.0144
0 0.373 0.384 0.0078 0.0105
0 0.3506 0.3886 0.0078 0.0118
0 0.3218 0.4161 0.0088 0.0144
0 0.2988 0.403 0.0078 0.0118
0 0.3081 0.4214 0.0068 0.0118
0 0.3018 0.4305 0.0098 0.0144
0 0.2681 0.4279 0.0068 0.0118
0 0.1821 0.46 0.0088 0.0131
0 0.1348 0.4397 0.0078 0.0118
0 0.1289 0.4784 0.0098 0.0131
0 0.0884 0.4836 0.0068 0.0105
0 0.105 0.481 0.0068 0.0131
0 0.085 0.4443 0.0078 0.0079
0 0.1113 0.4351 0.0078 0.0105
0 0.1567 0.3938 0.0068 0.0118
0 0.1738 0.4017 0.0059 0.0118
0 0.1963 0.401 0.0078 0.0105
0 0.1646 0.4541 0.0088 0.0118
0 0.1694 0.4332 0.0068 0.0118
0 0.1382 0.3965 0.0049 0.0092
0 0.1562 0.4882 0.0078 0.0118
0 0.4243 0.4266 0.0068 0.0144
0 0.6621 0.6533 0.0156 0.0223
