0 0.6553 0.3418 0.0879 0.0599
0 0.6694 0.2458 0.0361 0.0332
0 0.7925 0.3587 0.0459 0.043
0 0.7461 0.3158 0.0293 0.0339
0 0.9248 0.248 0.0352 0.0326
0 0.7529 0.221 0.0332 0.0293
0 0.73 0.2103 0.0225 0.0208
0 0.4966 0.2663 0.0342 0.0286
0 0.377 0.2451 0.0332 0.028
0 0.4233 0.2415 0.0322 0.0286
0 0.4595 0.2402 0.0381 0.026
0 0.6421 0.1901 0.0322 0.0273
0 0.6284 0.2067 0.0244 0.0189
0 0.582 0.2871 0.0312 0.0299
0 0.9175 0.1846 0.0283 0.0319
0 0.7935 0.168 0.0244 0.0221
0 0.7529 0.1735 0.0234 0.0228
0 0.7212 0.1094 0.0264 0.0221
0 0.9302 0.1523 0.0225 0.0273
0 0.876 0.1546 0.0215 0.0254
0 0.9097 0.1602 0.0205 0.0182
0 0.9106 0.1403 0.0225 0.0176
0 0.8032 0.1973 0.0322 0.0312
0 0.8882 0.2705 0.0303 0.0267
0 0.7349 0.2399 0.0303 0.0293
0 0.8096 0.0742 0.0195 0.0169
0 0.7173 0.085 0.0186 0.015
0 0.6963 0.0801 0.0234 0.0182
0 0.6724 0.1051 0.0205 0.0124
0 0.7734 0.1156 0.0273 0.0176
0 0.9243 0.0817 0.0166 0.0137
0 0.9497 0.2744 0.0479 0.0371
0 0.9058 0.2477 0.0283 0.0319
0 0.9517 0.1406 0.0264 0.0299
0 0.9839 0.1794 0.0303 0.0345
0 0.9688 0.1696 0.0391 0.0371
0 0.9844 0.1191 0.0293 0.0286
0 0.939 0.3161 0.042 0.0384
0 0.9683 0.3444 0.0596 0.0443
0 0.9526 0.109 0.0166 0.0202
0 0.9253 0.0518 0.0127 0.0202
0 0.9561 0.0726 0.0195 0.0176
0 0.0923 0.4622 0.0498 0.0339
0 0.0625 0.4619 0.0371 0.0306
0 0.1299 0.3275 0.0234 0.0182
0 0.0439 0.3083 0.0273 0.0189
0 0.3633 0.2132 0.0156 0.0176
0 0.3745 0.1842 0.0186 0.0182
0 0.7139 0.1852 0.0176 0.0241
0 0.5288 0.1816 0.0283 0.0208
0 0.5269 0.1344 0.0166 0.0137
0 0.4878 0.1602 0.0225 0.0208
0 0.5479 0.0921 0.0176 0.015
0 0.7319 0.152 0.0186 0.015
0 0.5723 0.1292 0.0176 0.0176
0 0.7554 0.0758 0.0166 0.015
0 0.7188 0.0674 0.0156 0.0124
0 0.6323 0.2565 0.0322 0.0221
