0 0.7964 0.5007 0.0264 0.0428
0 0.8018 0.4151 0.0215 0.0428
0 0.8677 0.4009 0.0303 0.0542
0 0.9409 0.3973 0.0322 0.0499
0 0.7432 0.423 0.0234 0.0442
0 0.6875 0.3894 0.0273 0.0456
0 0.6953 0.4836 0.0273 0.0514
0 0.6099 0.3616 0.0264 0.0471
0 0.5967 0.4957 0.0293 0.0528
0 0.5396 0.3688 0.0264 0.0442
0 0.5073 0.4914 0.0264 0.0499
0 0.4883 0.3816 0.0234 0.0471
0 0.4082 0.6783 0.0273 0.0385
0 0.4121 0.4886 0.0254 0.0499
0 0.4238 0.3652 0.0215 0.0399
0 0.3457 0.368 0.0234 0.0399
0 0.3252 0.4914 0.0234 0.0528
0 0.2671 0.3966 0.0264 0.0456
0 0.2427 0.495 0.0264 0.0485
0 0.1353 0.4872 0.0283 0.0556
0 0.187 0.383 0.0264 0.0499
0 0.1265 0.3759 0.0244 0.0528
0 0.0425 0.3609 0.0264 0.0485
