0 0.7178 0.2701 0.0215 0.0366
0 0.6118 0.2965 0.0205 0.0307
0 0.5078 0.377 0.0254 0.0483
0 0.5161 0.2892 0.0166 0.0307
0 0.541 0.3038 0.0137 0.0249
0 0.5591 0.2994 0.0146 0.0249
0 0.6538 0.3031 0.0186 0.0322
0 0.7578 0.1764 0.0254 0.0395
0 0.7231 0.1728 0.0264 0.0322
0 0.6665 0.1537 0.0186 0.041
0 0.5142 0.1874 0.0166 0.0264
0 0.4727 0.1969 0.0137 0.0249
0 0.5332 0.1362 0.0117 0.0293
0 0.6035 0.1318 0.0156 0.0264
0 0.6191 0.1332 0.0137 0.0293
0 0.6357 0.1281 0.0156 0.0278
0 0.6582 0.1171 0.0176 0.0264
0 0.0298 0.2482 0.0205 0.0337
0 0.0957 0.0571 0.0117 0.0234
0 0.0244 0.0813 0.0098 0.0161
0 0.6289 0.1903 0.0156 0.0264
0 0.4946 0.1428 0.0146 0.022
0 0.4629 0.1362 0.0156 0.0264
0 0.5439 0.0351 0.0137 0.0234
0 0.7441 0.0425 0.0156 0.0293
0 0.6963 0.0498 0.0176 0.0293
0 0.9321 0.1881 0.0186 0.0307
0 0.9058 0.0264 0.0146 0.0264
0 0.3789 0.0505 0.0117 0.019
0 0.3394 0.0586 0.0146 0.0234
0 0.8027 0.2701 0.0195 0.0395
0 0.5557 0.1288 0.0137 0.0264
0 0.5698 0.1259 0.0166 0.0264
0 0.4648 0.2416 0.0137 0.0234
0 0.5249 0.0798 0.0127 0.019
0 0.4058 0.0476 0.0107 0.022
0 0.3242 0.041 0.0117 0.0176
0 0.355 0.2482 0.0127 0.022
0 0.3491 0.1984 0.0107 0.0249
0 0.4131 0.2592 0.0137 0.0264
0 0.5391 0.1969 0.0195 0.0337
0 0.0679 0.0102 0.0107 0.0176
0 0.0762 0.0673 0.0117 0.0234
