0 0.0854 0.3286 0.0146 0.0282
0 0.0195 0.4669 0.0195 0.0367
0 0.0874 0.4513 0.0186 0.0367
0 0.1802 0.4528 0.0166 0.0282
0 0.1963 0.3195 0.0156 0.0296
0 0.1782 0.3322 0.0146 0.0268
0 0.2637 0.3145 0.0254 0.0395
0 0.3096 0.3512 0.0137 0.0282
0 0.3496 0.3399 0.0098 0.0197
0 0.4976 0.3343 0.0205 0.0367
0 0.519 0.3286 0.0186 0.0508
0 0.8555 0.3004 0.0254 0.0451
0 0.1416 0.4633 0.0215 0.0296
0 0.1304 0.3272 0.0146 0.0254
0 0.375 0.3237 0.0117 0.024
0 0.2988 0.3258 0.0137 0.0254
0 0.6577 0.3646 0.0146 0.0296
0 0.644 0.4118 0.0146 0.0282
0 0.8125 0.3597 0.0215 0.0367
0 0.7109 0.3575 0.0137 0.0268
0 0.7295 0.3519 0.0137 0.024
0 0.6201 0.3505 0.0059 0.0127
0 0.3926 0.3498 0.0137 0.0254
0 0.9502 0.3477 0.0156 0.024
0 0.9121 0.3688 0.0137 0.024
0 0.749 0.5444 0.0156 0.0254
0 0.9624 0.488 0.0205 0.0339
0 0.9653 0.3632 0.0166 0.0296
0 0.9839 0.3632 0.0127 0.0268
0 0.9272 0.4838 0.0146 0.031
0 0.2979 0.457 0.0137 0.0226
0 0.2217 0.3159 0.0137 0.0254
0 0.2368 0.3315 0.0146 0.0282
0 0.1562 0.3505 0.0156 0.0324
0 0.1504 0.3272 0.0137 0.0282
0 0.0347 0.311 0.0205 0.0353
0 0.0576 0.3138 0.0137 0.0268
0 0.2837 0.335 0.0146 0.0268
0 0.4106 0.3533 0.0127 0.024
0 0.4302 0.3568 0.0127 0.0226
0 0.4287 0.3378 0.0117 0.0212
0 0.4141 0.3265 0.0117 0.024
0 0.4629 0.3512 0.0117 0.0226
0 0.4673 0.3286 0.0107 0.0226
0 0.4863 0.3329 0.0137 0.0254
0 0.333 0.4436 0.0137 0.0212
0 0.4707 0.4986 0.0137 0.0268
0 0.5981 0.3583 0.0127 0.0226
0 0.7085 0.4591 0.0166 0.0268
0 0.7529 0.3836 0.0117 0.0226
0 0.6426 0.3583 0.0117 0.0226
0 0.9932 0.4676 0.0117 0.0268
0 0.7578 0.3519 0.0098 0.0155
0 0.6499 0.4746 0.0166 0.0296
