0 0.4136 0.1471 0.0459 0.0677
0 0.4414 0.1328 0.041 0.0911
0 0.2974 0.3939 0.0146 0.0273
0 0.2227 0.4772 0.0156 0.0273
0 0.0884 0.4889 0.0186 0.0273
0 0.1597 0.4922 0.0186 0.0339
0 0.104 0.5833 0.0166 0.0312
0 0.1816 0.5794 0.0176 0.0339
0 0.1333 0.6895 0.0205 0.0299
0 0.0986 0.7897 0.0254 0.0508
0 0.1973 0.776 0.0234 0.0365
0 0.2124 0.694 0.0186 0.0417
0 0.2852 0.6829 0.0176 0.0378
0 0.2246 0.6536 0.0176 0.0286
0 0.2495 0.6556 0.0127 0.0247
0 0.2388 0.4134 0.0244 0.0378
0 0.3081 0.4922 0.0205 0.0339
0 0.2944 0.8053 0.0264 0.0482
0 0.6401 0.5866 0.0225 0.0378
0 0.5527 0.4069 0.0176 0.0352
0 0.1074 0.3939 0.0156 0.0195
0 0.0596 0.3789 0.0137 0.0208
0 0.5742 0.5833 0.0176 0.0339
0 0.897 0.3887 0.0205 0.0326
0 0.1763 0.4154 0.0225 0.0417
0 0.6304 0.498 0.0264 0.0404
0 0.6187 0.4004 0.0186 0.0352
