0 0.605 0.0461 0.0088 0.0161
0 0.6338 0.0943 0.0117 0.019
0 0.6655 0.1023 0.0107 0.0175
0 0.6714 0.1192 0.0088 0.0161
0 0.6968 0.1096 0.0127 0.0205
0 0.7681 0.0804 0.0107 0.0205
0 0.7158 0.1506 0.0059 0.0205
0 0.6768 0.1762 0.0156 0.0278
0 0.6279 0.1579 0.0117 0.0205
0 0.6064 0.1798 0.0117 0.0234
0 0.6094 0.2018 0.0117 0.0205
0 0.7217 0.1974 0.0156 0.0292
0 0.6523 0.2222 0.0137 0.0263
0 0.624 0.2288 0.0137 0.0249
0 0.5991 0.2273 0.0166 0.0278
0 0.5801 0.2127 0.0137 0.0278
0 0.8076 0.0899 0.0098 0.0219
0 0.8232 0.0658 0.0117 0.0234
0 0.8545 0.0563 0.0117 0.0219
0 0.8408 0.0775 0.0098 0.0205
0 0.8496 0.0885 0.0117 0.019
0 0.8911 0.0848 0.0127 0.0234
0 0.8867 0.0694 0.0117 0.019
0 0.9243 0.1009 0.0146 0.0175
0 0.9268 0.0775 0.0117 0.0205
0 0.9463 0.1023 0.0117 0.0234
0 0.9404 0.0863 0.0117 0.0205
0 0.9692 0.0906 0.0127 0.0234
0 0.9795 0.0863 0.0137 0.0234
0 0.9849 0.0461 0.0127 0.0249
0 0.9219 0.1557 0.0156 0.0278
0 0.9927 0.1126 0.0107 0.0263
0 0.9189 0.2266 0.0156 0.0292
0 0.9053 0.2127 0.0117 0.0219
0 0.9751 0.2368 0.0186 0.0351
0 0.8516 0.1959 0.0137 0.0292
0 0.8906 0.2449 0.0176 0.0307
0 0.853 0.2471 0.0166 0.0292
0 0.8271 0.2332 0.0137 0.0307
0 0.7837 0.2113 0.0166 0.0278
0 0.7725 0.239 0.0137 0.0249
0 0.7754 0.2018 0.0117 0.0234
0 0.96 0.2624 0.0176 0.0336
0 0.9062 0.269 0.0176 0.0322
0 0.8594 0.2844 0.0137 0.0249
0 0.8359 0.2895 0.0176 0.0263
0 0.8232 0.2654 0.0176 0.0278
0 0.8018 0.28 0.0137 0.0249
0 0.7856 0.2924 0.0186 0.0322
0 0.792 0.3867 0.0195 0.0395
0 0.8369 0.3991 0.0254 0.0409
0 0.9644 0.3282 0.0146 0.0482
0 0.9082 0.4013 0.0137 0.0512
0 0.9883 0.3589 0.0215 0.0512
0 0.9487 0.402 0.0127 0.0439
0 0.6948 0.2522 0.0166 0.0336
0 0.7134 0.2339 0.0127 0.0234
0 0.7246 0.2515 0.0176 0.0292
0 0.7446 0.269 0.0127 0.0234
0 0.7378 0.2997 0.0166 0.0263
0 0.7563 0.3231 0.0166 0.0263
0 0.8354 0.3209 0.0146 0.0365
0 0.9302 0.4357 0.0166 0.0409
0 0.6621 0.2515 0.0176 0.038
0 0.6587 0.2727 0.0166 0.0307
0 0.6626 0.3019 0.0166 0.0307
0 0.6768 0.3026 0.0117 0.0322
0 0.6328 0.277 0.0176 0.0278
0 0.6045 0.3048 0.0215 0.0336
0 0.5771 0.2902 0.0176 0.0307
0 0.6997 0.3173 0.0381 0.0819
0 0.5767 0.3984 0.0146 0.0307
0 0.5576 0.1615 0.0117 0.0219
0 0.5449 0.1228 0.0117 0.0175
0 0.5425 0.1886 0.0127 0.0263
0 0.5376 0.22 0.0146 0.0249
0 0.5405 0.2493 0.0166 0.0336
0 0.5635 0.2778 0.0176 0.0263
0 0.5264 0.2917 0.0176 0.0307
0 0.5029 0.2785 0.0117 0.0278
0 0.5142 0.2814 0.0146 0.0249
0 0.5366 0.3377 0.0186 0.0351
0 0.4844 0.3399 0.0391 0.0716
0 0.4131 0.1784 0.0156 0.0292
0 0.4048 0.2339 0.0166 0.0351
0 0.3062 0.1871 0.0127 0.0292
0 0.0249 0.0848 0.0088 0.0175
0 0.0684 0.095 0.0117 0.0175
0 0.0078 0.2288 0.0156 0.0395
0 0.0142 0.25 0.0186 0.0351
0 0.0396 0.2931 0.0166 0.0307
0 0.0142 0.3311 0.0166 0.0278
0 0.0879 0.2982 0.0098 0.0205
0 0.2285 0.0819 0.0254 0.0409
0 0.1909 0.3487 0.0322 0.0541
0 0.0576 0.1447 0.0078 0.0205
0 0.894 0.3348 0.0283 0.0731
