0 0.2192 0.526 0.0225 0.0365
0 0.2939 0.4961 0.0195 0.0365
0 0.2607 0.487 0.0176 0.0286
0 0.1367 0.5241 0.0176 0.0378
0 0.1641 0.4876 0.0137 0.0247
0 0.1201 0.5033 0.0195 0.0352
0 0.1899 0.4915 0.0186 0.0404
0 0.229 0.4993 0.0146 0.0221
0 0.2446 0.487 0.0127 0.0208
0 0.2812 0.5013 0.0156 0.0312
0 0.3066 0.4785 0.0137 0.0247
0 0.3213 0.4688 0.0137 0.0234
0 0.3447 0.4785 0.0137 0.0247
0 0.3618 0.4746 0.0107 0.0221
0 0.2158 0.4714 0.0176 0.0286
0 0.1997 0.4616 0.0127 0.0195
0 0.2241 0.474 0.0088 0.0156
0 0.2266 0.4551 0.0078 0.0169
0 0.2231 0.4512 0.0127 0.0169
0 0.1743 0.485 0.0088 0.0221
0 0.1558 0.4824 0.0107 0.0221
0 0.1401 0.4785 0.0146 0.0247
0 0.1104 0.4792 0.0195 0.0339
0 0.0796 0.4948 0.0127 0.0234
0 0.0923 0.4792 0.0068 0.013
0 0.0742 0.4701 0.0078 0.0182
0 0.0864 0.4512 0.0107 0.0221
0 0.0771 0.4323 0.0078 0.013
0 0.1157 0.4629 0.0166 0.0299
0 0.1406 0.4622 0.0117 0.0104
0 0.1323 0.4564 0.0068 0.0091
0 0.1279 0.4766 0.0078 0.0156
0 0.1606 0.4551 0.0127 0.0117
0 0.1729 0.4499 0.0117 0.0143
0 0.1846 0.4518 0.0078 0.013
0 0.1978 0.4388 0.0068 0.0078
0 0.1406 0.4349 0.0059 0.0104
0 0.2148 0.4375 0.0078 0.013
0 0.2246 0.4395 0.0098 0.0091
0 0.2236 0.431 0.0098 0.0104
0 0.23 0.4232 0.0068 0.013
0 0.251 0.4362 0.0098 0.0182
0 0.2383 0.4395 0.0059 0.0065
0 0.2451 0.457 0.0059 0.0078
0 0.186 0.4212 0.0088 0.0091
0 0.1611 0.429 0.0098 0.0117
0 0.1533 0.4323 0.0059 0.0104
0 0.1455 0.446 0.0059 0.0091
0 0.1172 0.4329 0.0117 0.0117
0 0.0747 0.4557 0.0049 0.0104
0 0.105 0.4277 0.0107 0.0143
0 0.127 0.4206 0.0078 0.013
0 0.1333 0.4212 0.0088 0.0143
0 0.207 0.4987 0.0156 0.0208
0 0.2056 0.4831 0.0107 0.013
0 0.0996 0.4421 0.0059 0.0091
0 0.1309 0.4076 0.0078 0.0104
0 0.145 0.4036 0.0049 0.0078
0 0.1558 0.4147 0.0068 0.0091
0 0.1641 0.4225 0.0098 0.0091
0 0.1802 0.4154 0.0088 0.013
0 0.1914 0.403 0.0059 0.0117
0 0.2065 0.4082 0.0068 0.0091
0 0.2153 0.4134 0.0068 0.0091
0 0.2104 0.4232 0.0049 0.0078
0 0.2305 0.4134 0.0078 0.0091
0 0.2358 0.4095 0.0049 0.0065
0 0.25 0.4128 0.0078 0.013
0 0.1987 0.429 0.0088 0.0091
0 0.1758 0.4336 0.0059 0.0078
0 0.1528 0.3926 0.0029 0.0039
0 0.1567 0.3952 0.0029 0.0039
0 0.1387 0.4043 0.0059 0.0091
0 0.1294 0.4368 0.0049 0.0065
0 0.0884 0.4062 0.0049 0.0052
0 0.1016 0.403 0.0059 0.0039
0 0.0952 0.3939 0.0029 0.0039
0 0.1001 0.388 0.0068 0.0078
0 0.0894 0.3926 0.0049 0.0065
0 0.0737 0.4095 0.0049 0.0065
0 0.1138 0.39 0.0068 0.0091
0 0.125 0.388 0.0039 0.0052
0 0.168 0.4121 0.0039 0.0065
0 0.1572 0.4069 0.0039 0.0065
0 0.1621 0.4069 0.0039 0.0065
0 0.1753 0.3815 0.0029 0.0052
0 0.0859 0.3743 0.0039 0.0065
0 0.0796 0.3737 0.0029 0.0052
0 0.1064 0.3919 0.0039 0.0052
0 0.1089 0.4056 0.0029 0.0039
0 0.104 0.3822 0.0029 0.0039
0 0.0815 0.4023 0.0029 0.0052
0 0.0742 0.3867 0.002 0.0026
0 0.1411 0.3828 0.0029 0.0052
0 0.1509 0.3783 0.0029 0.0039
0 0.1274 0.3783 0.0029 0.0039
0 0.1343 0.3743 0.0029 0.0039
0 0.1245 0.403 0.0029 0.0039
0 0.1328 0.3978 0.0039 0.0039
0 0.1201 0.4004 0.0039 0.0039
0 0.1187 0.3796 0.0029 0.0039
0 0.1099 0.377 0.0029 0.0039
0 0.0947 0.3822 0.002 0.0039
0 0.1372 0.3913 0.0029 0.0039
0 0.1509 0.3828 0.0029 0.0026
0 0.0742 0.3958 0.0039 0.0052
0 0.1558 0.3802 0.0029 0.0052
0 0.1147 0.4232 0.0049 0.0052
0 0.1636 0.3828 0.0049 0.0052
0 0.166 0.3763 0.0039 0.0052
0 0.1802 0.3757 0.0029 0.0039
0 0.2734 0.4531 0.0137 0.0208
0 0.2827 0.444 0.0049 0.0078
0 0.2949 0.457 0.0137 0.0208
0 0.2778 0.474 0.0107 0.0156
0 0.2627 0.4323 0.0078 0.013
0 0.312 0.4349 0.0127 0.0182
0 0.3018 0.4297 0.0098 0.013
0 0.2939 0.4108 0.0098 0.0143
0 0.2847 0.4076 0.0088 0.013
0 0.2832 0.4199 0.0098 0.0117
0 0.2651 0.388 0.0088 0.013
0 0.2773 0.3887 0.0078 0.0091
0 0.2627 0.4089 0.0117 0.013
0 0.2705 0.4362 0.0078 0.0104
0 0.2734 0.416 0.0059 0.0091
0 0.2559 0.459 0.0117 0.0091
0 0.231 0.4023 0.0049 0.0078
0 0.2583 0.3835 0.0068 0.0117
0 0.29 0.3789 0.0078 0.0104
0 0.313 0.4056 0.0088 0.0143
0 0.314 0.3835 0.0068 0.0117
0 0.3379 0.3848 0.0078 0.0143
0 0.3262 0.3835 0.0059 0.0065
0 0.2451 0.3945 0.0039 0.0052
0 0.2393 0.3958 0.0039 0.0078
0 0.2231 0.4023 0.0049 0.0078
0 0.2261 0.3887 0.0029 0.0039
0 0.2202 0.3887 0.0029 0.0065
0 0.2163 0.3887 0.0029 0.0065
0 0.1963 0.373 0.0039 0.0065
0 0.2065 0.3783 0.0049 0.0065
0 0.2158 0.3809 0.0039 0.0065
0 0.2231 0.3789 0.0049 0.0078
0 0.2285 0.3809 0.0039 0.0065
0 0.1982 0.3828 0.0039 0.0052
0 0.2031 0.3867 0.0039 0.0078
0 0.2109 0.3874 0.0059 0.0091
0 0.1748 0.3991 0.0059 0.0091
0 0.1709 0.3848 0.0039 0.0065
0 0.188 0.3828 0.0049 0.0052
0 0.189 0.3757 0.0029 0.0039
0 0.2451 0.3789 0.0039 0.0052
0 0.2051 0.3991 0.0039 0.0039
0 0.2837 0.3796 0.0029 0.0065
0 0.2358 0.3796 0.0029 0.0039
0 0.2666 0.373 0.0039 0.0039
0 0.271 0.3802 0.0029 0.0052
0 0.2993 0.3867 0.0049 0.0078
0 0.3057 0.3861 0.0039 0.0091
0 0.3003 0.3757 0.0049 0.0039
0 0.3223 0.416 0.0059 0.0091
0 0.3296 0.4121 0.0068 0.0091
0 0.3369 0.4199 0.0078 0.0091
0 0.333 0.4505 0.0117 0.0156
0 0.251 0.3952 0.0039 0.0065
0 0.3291 0.3691 0.002 0.0039
0 0.231 0.3717 0.0029 0.0039
0 0.3496 0.377 0.0039 0.0039
0 0.3579 0.375 0.0029 0.0026
0 0.3423 0.3848 0.0049 0.0091
0 0.3672 0.3815 0.0098 0.0182
0 0.3896 0.3717 0.0059 0.0091
0 0.3975 0.3717 0.0059 0.0091
0 0.3936 0.3464 0.0039 0.0052
0 0.4028 0.3496 0.0029 0.0039
0 0.4126 0.3516 0.0049 0.0104
0 0.4189 0.3717 0.0098 0.0169
0 0.4443 0.3724 0.0098 0.0156
0 0.3809 0.3861 0.0059 0.0065
0 0.3833 0.3815 0.0049 0.0078
0 0.4043 0.3737 0.0039 0.0052
0 0.4097 0.375 0.0049 0.0078
0 0.4238 0.3581 0.002 0.0026
0 0.4346 0.3717 0.0039 0.0065
0 0.4263 0.3783 0.0068 0.0091
0 0.437 0.3809 0.0029 0.0039
0 0.4546 0.3796 0.0088 0.0143
0 0.3921 0.3874 0.0088 0.0169
0 0.4038 0.3861 0.0088 0.0091
0 0.4639 0.3874 0.0059 0.0117
0 0.3799 0.4219 0.0117 0.013
0 0.3506 0.3991 0.0059 0.0117
0 0.353 0.3822 0.0029 0.0039
0 0.3848 0.3626 0.002 0.0039
0 0.4351 0.3594 0.0029 0.0052
0 0.4424 0.3613 0.0059 0.0065
0 0.4395 0.3464 0.0039 0.0052
0 0.4463 0.349 0.0039 0.0078
0 0.4683 0.3665 0.0029 0.0039
0 0.4756 0.3711 0.0039 0.0052
0 0.4849 0.4115 0.0088 0.0156
0 0.4751 0.4193 0.0088 0.013
0 0.4697 0.4414 0.0117 0.013
0 0.4312 0.4531 0.0166 0.0234
0 0.417 0.4271 0.0098 0.0104
0 0.4429 0.4421 0.0107 0.0143
0 0.4189 0.4434 0.0098 0.0169
0 0.4102 0.4492 0.0137 0.0156
0 0.4043 0.4277 0.0117 0.0117
0 0.3979 0.4408 0.0107 0.0221
0 0.3857 0.4414 0.0117 0.0182
0 0.3726 0.4512 0.0127 0.0169
0 0.3672 0.4349 0.0117 0.013
0 0.4854 0.3652 0.002 0.0039
0 0.4888 0.3737 0.0029 0.0052
0 0.501 0.3757 0.0039 0.0065
0 0.5088 0.3757 0.0039 0.0065
0 0.5146 0.3809 0.0039 0.0065
0 0.5176 0.3763 0.0039 0.0052
0 0.5181 0.3704 0.0029 0.0039
0 0.521 0.3757 0.0029 0.0065
0 0.4976 0.377 0.0029 0.0065
0 0.4946 0.3861 0.0049 0.0065
0 0.5034 0.3796 0.0029 0.0065
0 0.4951 0.3652 0.0059 0.0039
0 0.4634 0.3717 0.0049 0.0091
0 0.5083 0.4089 0.0107 0.0156
0 0.5171 0.3926 0.0088 0.0143
0 0.5366 0.3665 0.0029 0.0039
0 0.5444 0.3945 0.0068 0.0182
0 0.5347 0.3783 0.0049 0.0065
0 0.5269 0.3932 0.0049 0.0078
0 0.5356 0.3926 0.0049 0.0065
0 0.4961 0.4121 0.0059 0.0091
0 0.5186 0.4147 0.0078 0.0117
0 0.5264 0.4062 0.0039 0.0052
0 0.5347 0.4108 0.0068 0.0091
0 0.5518 0.3991 0.0078 0.0143
0 0.5425 0.4186 0.0088 0.0117
0 0.5581 0.4076 0.0088 0.013
0 0.5664 0.3789 0.0039 0.0052
0 0.5483 0.3659 0.0029 0.0026
0 0.5669 0.3685 0.0029 0.0052
0 0.5742 0.3672 0.0039 0.0052
0 0.6016 0.3887 0.0059 0.0065
0 0.582 0.3822 0.0039 0.0065
0 0.5894 0.3776 0.0029 0.0052
0 0.5903 0.3652 0.0029 0.0039
0 0.5635 0.3952 0.0059 0.0091
0 0.6084 0.3809 0.0039 0.0065
0 0.6187 0.3763 0.0049 0.0078
0 0.6157 0.3711 0.0029 0.0052
0 0.6099 0.3665 0.0029 0.0039
0 0.6045 0.4095 0.0098 0.0091
0 0.5908 0.4043 0.0078 0.0117
0 0.5859 0.3926 0.0059 0.0091
0 0.5957 0.3809 0.0039 0.0065
0 0.5708 0.3796 0.0049 0.0065
0 0.6045 0.4342 0.0098 0.0195
0 0.5898 0.4219 0.0098 0.0156
0 0.5762 0.4062 0.0078 0.0156
0 0.5732 0.3887 0.0059 0.0065
0 0.5684 0.4232 0.0098 0.0078
0 0.5688 0.3939 0.0049 0.0091
0 0.5591 0.3763 0.0029 0.0052
0 0.5547 0.4388 0.0137 0.0182
0 0.5703 0.4147 0.0117 0.0117
0 0.6191 0.388 0.0059 0.0078
0 0.6138 0.4062 0.0068 0.013
0 0.6147 0.3919 0.0049 0.0052
0 0.6089 0.377 0.0049 0.0065
0 0.5229 0.4336 0.0088 0.0156
0 0.5278 0.418 0.0107 0.0156
0 0.5347 0.401 0.0049 0.0052
0 0.5459 0.3815 0.002 0.0026
0 0.6372 0.3659 0.0049 0.0078
0 0.6475 0.3665 0.0039 0.0065
0 0.6558 0.3678 0.0029 0.0039
0 0.6626 0.3672 0.0029 0.0052
0 0.646 0.3815 0.0049 0.0052
0 0.6494 0.39 0.0059 0.0091
0 0.666 0.3854 0.0059 0.0078
0 0.6826 0.3711 0.0039 0.0052
0 0.6323 0.3678 0.0029 0.0039
0 0.6924 0.3717 0.002 0.0039
0 0.6973 0.373 0.0039 0.0065
0 0.7041 0.3717 0.0039 0.0065
0 0.7129 0.3704 0.0039 0.0065
0 0.7188 0.3672 0.0039 0.0078
0 0.687 0.3633 0.0029 0.0052
0 0.6694 0.3704 0.0029 0.0039
0 0.7358 0.3737 0.0029 0.0052
0 0.7407 0.3678 0.0029 0.0065
0 0.751 0.3691 0.0039 0.0065
0 0.7588 0.3633 0.0039 0.0052
0 0.7383 0.3828 0.0039 0.0052
0 0.73 0.3848 0.0049 0.0065
0 0.7046 0.3854 0.0049 0.0052
0 0.708 0.3919 0.0059 0.0078
0 0.6899 0.3874 0.0049 0.0065
0 0.6934 0.3939 0.0059 0.0091
0 0.6831 0.3893 0.0049 0.0104
0 0.6753 0.4043 0.0049 0.0065
0 0.6748 0.388 0.0059 0.0078
0 0.7134 0.4036 0.0088 0.013
0 0.7178 0.403 0.0059 0.0117
0 0.7153 0.3952 0.0049 0.0065
0 0.7271 0.4023 0.0088 0.0104
0 0.7363 0.3958 0.0059 0.0104
0 0.7393 0.39 0.0059 0.0091
0 0.7476 0.3926 0.0068 0.0091
0 0.7534 0.4036 0.0049 0.0078
0 0.7573 0.4004 0.0049 0.0117
0 0.7603 0.375 0.0049 0.0052
0 0.769 0.3802 0.0068 0.0104
0 0.7798 0.3776 0.0049 0.0078
0 0.7749 0.3978 0.0068 0.0065
0 0.771 0.3717 0.0029 0.0039
0 0.7847 0.39 0.0049 0.0065
0 0.7852 0.4069 0.0098 0.0143
0 0.7661 0.4258 0.0088 0.0156
0 0.7432 0.4238 0.0137 0.0169
0 0.7515 0.4193 0.0088 0.0208
0 0.7217 0.431 0.0156 0.0182
0 0.7046 0.418 0.0049 0.0078
0 0.7119 0.4297 0.0059 0.0156
0 0.6646 0.4121 0.0107 0.0169
0 0.6558 0.4108 0.0088 0.0143
0 0.6616 0.3958 0.0068 0.0078
0 0.6587 0.388 0.0049 0.0052
0 0.6387 0.4069 0.0078 0.0091
0 0.6436 0.4154 0.0098 0.0104
0 0.6221 0.4512 0.0156 0.0221
0 0.6372 0.3945 0.0088 0.0104
0 0.6616 0.3783 0.0029 0.0039
0 0.7446 0.4544 0.0146 0.026
0 0.7324 0.4714 0.0156 0.0286
0 0.6997 0.4466 0.0107 0.0208
0 0.6958 0.4251 0.0107 0.0169
0 0.6792 0.418 0.0068 0.0078
0 0.6777 0.4277 0.0059 0.0065
0 0.686 0.4505 0.0166 0.0286
0 0.6733 0.4492 0.0088 0.0156
0 0.6675 0.4362 0.0088 0.0156
0 0.6572 0.4238 0.0078 0.0091
0 0.6562 0.4427 0.0098 0.0182
0 0.6426 0.4362 0.0078 0.0156
0 0.6343 0.4486 0.0127 0.0273
0 0.6255 0.3997 0.0029 0.0052
0 0.6279 0.4264 0.0156 0.0143
0 0.7197 0.375 0.0039 0.0052
0 0.6724 0.3691 0.0029 0.0039
0 0.708 0.3646 0.0039 0.0052
0 0.7163 0.3893 0.0049 0.0052
0 0.7549 0.3776 0.0039 0.0052
0 0.7686 0.3919 0.0059 0.0104
0 0.7695 0.4681 0.0176 0.0326
0 0.7793 0.4251 0.0117 0.0221
0 0.7949 0.4414 0.0137 0.0234
0 0.7861 0.4395 0.0098 0.0169
0 0.8252 0.4538 0.0117 0.0143
0 0.8208 0.4336 0.0127 0.0156
0 0.8145 0.4147 0.0137 0.0169
0 0.8398 0.4238 0.0117 0.0195
0 0.8501 0.4128 0.0068 0.013
0 0.8579 0.4173 0.0068 0.0117
0 0.8667 0.4238 0.0107 0.0169
0 0.8823 0.4342 0.0166 0.0247
0 0.8726 0.4036 0.0107 0.0156
0 0.8276 0.4069 0.0068 0.0117
0 0.7998 0.4089 0.0098 0.013
0 0.8076 0.3939 0.0059 0.0091
0 0.8198 0.39 0.0029 0.0091
0 0.791 0.3737 0.0039 0.0078
0 0.7954 0.3652 0.0029 0.0039
0 0.8008 0.3665 0.002 0.0039
0 0.792 0.3874 0.0039 0.0039
0 0.7998 0.3939 0.0078 0.0091
0 0.8159 0.3691 0.0049 0.0065
0 0.8213 0.3665 0.0039 0.0065
0 0.8184 0.3841 0.0039 0.0052
0 0.8237 0.3776 0.0049 0.0078
0 0.834 0.3691 0.0039 0.0065
0 0.8442 0.3633 0.0029 0.0078
0 0.8569 0.3854 0.0029 0.0052
0 0.8657 0.3802 0.0029 0.0052
0 0.8774 0.3815 0.0049 0.0052
0 0.8647 0.3926 0.0088 0.0143
0 0.8379 0.3932 0.0059 0.0104
0 0.8809 0.3958 0.0039 0.0026
0 0.8955 0.3939 0.0078 0.0143
0 0.9014 0.4062 0.0098 0.0104
0 0.9126 0.4036 0.0068 0.0156
0 0.8994 0.3952 0.0059 0.0091
0 0.9258 0.4258 0.0117 0.0182
0 0.9033 0.4219 0.0078 0.0104
0 0.9092 0.4355 0.0098 0.0143
0 0.8901 0.4154 0.0107 0.013
0 0.896 0.4408 0.0127 0.0273
0 0.9116 0.459 0.0166 0.0195
0 0.8774 0.3639 0.0029 0.0039
0 0.8853 0.3737 0.0029 0.0026
0 0.8755 0.3906 0.0029 0.0052
0 0.8433 0.3945 0.0029 0.0026
0 0.8457 0.401 0.0059 0.0078
0 0.8472 0.3945 0.0029 0.0026
0 0.9136 0.3561 0.0029 0.0039
0 0.9385 0.3958 0.0078 0.0156
0 0.9355 0.3835 0.0059 0.0091
0 0.9341 0.3678 0.0029 0.0039
0 0.9473 0.3971 0.0059 0.0104
0 0.9341 0.474 0.0186 0.0312
0 0.8604 0.3724 0.002 0.0026
0 0.9634 0.3607 0.0029 0.0052
0 0.9673 0.3926 0.0049 0.0091
0 0.9556 0.3691 0.0029 0.0039
0 0.9536 0.3587 0.0049 0.0065
0 0.9697 0.3704 0.0039 0.0065
0 0.9658 0.375 0.0039 0.0052
0 0.9365 0.4297 0.0078 0.0104
0 0.9253 0.3854 0.0029 0.0078
0 0.9097 0.377 0.0068 0.0091
0 0.9131 0.3854 0.0059 0.0078
0 0.9155 0.3672 0.0049 0.0052
0 0.9644 0.4056 0.0029 0.0039
0 0.9395 0.4115 0.0078 0.013
0 0.9634 0.4661 0.0225 0.0391
0 0.9526 0.4264 0.0146 0.0221
0 0.9556 0.4512 0.0166 0.0273
0 0.9731 0.4238 0.0068 0.0169
0 0.9731 0.4062 0.0049 0.013
0 0.9141 0.4863 0.0195 0.0352
0 0.8418 0.4694 0.0195 0.0352
0 0.8271 0.4844 0.0234 0.0391
0 0.792 0.4062 0.0039 0.0078
0 0.6611 0.4837 0.0195 0.0378
0 0.665 0.4492 0.0059 0.0078
0 0.5771 0.4785 0.0195 0.0404
0 0.5923 0.4694 0.0107 0.0195
0 0.5991 0.4603 0.0107 0.0169
0 0.5728 0.4479 0.0146 0.0156
0 0.5405 0.4355 0.0107 0.0143
0 0.541 0.4512 0.0117 0.0143
0 0.5557 0.4694 0.0137 0.0247
0 0.5327 0.4746 0.0146 0.0195
0 0.5288 0.4421 0.0068 0.0169
0 0.5186 0.4609 0.0156 0.026
0 0.4941 0.4635 0.0137 0.0234
0 0.5054 0.4518 0.0088 0.0182
0 0.502 0.502 0.0234 0.0378
0 0.5039 0.4714 0.0098 0.013
0 0.4736 0.4837 0.0156 0.0221
0 0.4634 0.4616 0.0127 0.0169
0 0.4824 0.4479 0.0098 0.013
0 0.4883 0.4316 0.0098 0.0117
0 0.5024 0.431 0.0107 0.0156
0 0.5117 0.4277 0.0078 0.0117
0 0.4966 0.4049 0.0068 0.0078
0 0.4424 0.4616 0.0117 0.0143
0 0.4541 0.4134 0.0098 0.0143
0 0.4683 0.3737 0.0049 0.0052
0 0.4683 0.3828 0.0049 0.0104
0 0.48 0.3704 0.0029 0.0039
0 0.4805 0.3841 0.0039 0.0052
0 0.4839 0.3867 0.0029 0.0052
0 0.4805 0.3932 0.0078 0.0104
0 0.5205 0.3822 0.0059 0.0065
0 0.4971 0.3958 0.0039 0.0052
0 0.4619 0.3952 0.0039 0.0091
0 0.4248 0.5124 0.0195 0.0378
0 0.2837 0.4375 0.0049 0.0078
0 0.353 0.4388 0.0146 0.0156
0 0.3882 0.4772 0.0146 0.0221
0 0.439 0.4199 0.0088 0.0117
0 0.3931 0.4297 0.0088 0.0104
0 0.3232 0.4284 0.0059 0.0104
0 0.3271 0.4264 0.0059 0.0091
0 0.4131 0.2025 0.0039 0.0039
0 0.4014 0.2135 0.0039 0.0052
0 0.4819 0.2025 0.0049 0.0065
0 0.4653 0.2109 0.0029 0.0052
0 0.4907 0.2031 0.0029 0.0052
0 0.4976 0.1979 0.0029 0.0052
0 0.5083 0.2031 0.0029 0.0052
0 0.5571 0.1979 0.0029 0.0052
0 0.563 0.2031 0.0029 0.0052
0 0.5811 0.2038 0.0039 0.0065
0 0.6211 0.2044 0.0039 0.0052
0 0.749 0.4941 0.0215 0.0352
