0 0.8252 0.0949 0.0059 0.0079
0 0.8101 0.1118 0.0068 0.0101
0 0.9287 0.1258 0.0195 0.0315
0 0.8169 0.2427 0.0205 0.0292
0 0.7974 0.241 0.0146 0.0236
0 0.9238 0.3101 0.0078 0.0112
0 0.8057 0.3691 0.0098 0.0146
0 0.8882 0.4242 0.0068 0.0124
0 0.9028 0.4258 0.0068 0.009
0 0.916 0.4534 0.0078 0.0124
0 0.9351 0.459 0.0068 0.0101
0 0.9438 0.4376 0.0068 0.0124
0 0.624 0.2848 0.0098 0.0146
0 0.5981 0.2938 0.0088 0.0146
0 0.9185 0.5815 0.0049 0.0079
0 0.896 0.5815 0.0049 0.0079
0 0.833 0.4966 0.0078 0.0112
0 0.7754 0.4854 0.0078 0.0135
0 0.3779 0.3169 0.0176 0.0247
0 0.3467 0.3202 0.0156 0.0202
0 0.2598 0.1135 0.0332 0.0404
0 0.0723 0.1157 0.0195 0.0292
0 0.1709 0.2949 0.0078 0.0146
0 0.061 0.4225 0.0107 0.018
0 0.2007 0.4691 0.0205 0.0371
0 0.1436 0.4921 0.0176 0.0247
0 0.1855 0.6112 0.0215 0.0337
0 0.0894 0.6135 0.0088 0.0135
0 0.3345 0.5449 0.042 0.0562
0 0.3989 0.5225 0.0459 0.0607
0 0.5786 0.5753 0.0068 0.009
0 0.5718 0.5607 0.0068 0.009
0 0.5605 0.5809 0.0059 0.0067
0 0.54 0.5652 0.0059 0.0067
0 0.5405 0.5511 0.0068 0.0079
0 0.5293 0.5584 0.0078 0.009
0 0.6587 0.5854 0.0068 0.009
0 0.6797 0.5888 0.0078 0.009
0 0.6758 0.6022 0.0059 0.0067
0 0.6382 0.609 0.0049 0.0067
0 0.876 0.7101 0.0078 0.0135
0 0.7832 0.614 0.0059 0.0079
0 0.7705 0.718 0.0098 0.0135
0 0.8125 0.7354 0.0078 0.0124
0 0.9048 0.7416 0.0088 0.0135
0 0.3359 0.7848 0.0254 0.0303
0 0.2866 0.7607 0.0264 0.036
0 0.4263 0.732 0.0127 0.0146
0 0.4497 0.75 0.0107 0.0124
0 0.6914 0.7573 0.0117 0.018
0 0.6748 0.7713 0.0098 0.0146
0 0.6465 0.7506 0.0137 0.018
0 0.604 0.7567 0.0107 0.0191
0 0.5894 0.7624 0.0127 0.0169
0 0.5674 0.7753 0.0156 0.0202
0 0.5586 0.7567 0.0137 0.0191
0 0.5439 0.7781 0.0117 0.0146
0 0.5317 0.7562 0.0146 0.0202
0 0.5112 0.7601 0.0127 0.0169
0 0.6587 0.8152 0.0107 0.0146
0 0.627 0.7916 0.0117 0.0169
0 0.6436 0.7787 0.0117 0.0157
0 0.8906 0.9101 0.0078 0.0112
0 0.772 0.864 0.0049 0.0067
0 0.7637 0.8483 0.0039 0.0067
