0 0.0703 0.185 0.0254 0.1116
0 0.1226 0.1909 0.0381 0.0558
0 0.1924 0.2173 0.0312 0.0499
0 0.2437 0.2078 0.0283 0.0485
0 0.2744 0.2372 0.0195 0.0367
0 0.2505 0.2482 0.0146 0.0323
0 0.3169 0.2511 0.0205 0.0382
0 0.335 0.2335 0.0137 0.0323
0 0.3604 0.2188 0.0156 0.0352
0 0.4146 0.1858 0.0186 0.0338
0 0.4272 0.2019 0.0127 0.022
0 0.4668 0.2173 0.0234 0.0382
0 0.4873 0.1982 0.0195 0.0323
0 0.521 0.2291 0.0225 0.0411
0 0.5483 0.2026 0.0166 0.0323
0 0.5698 0.2004 0.0166 0.0338
0 0.5918 0.2041 0.0117 0.0235
0 0.605 0.1872 0.0225 0.0338
0 0.6514 0.2599 0.0176 0.0323
0 0.957 0.2878 0.0684 0.1087
0 0.8828 0.2269 0.0664 0.0837
0 0.8228 0.2012 0.0439 0.0617
0 0.7734 0.1843 0.0273 0.0573
0 0.752 0.174 0.0215 0.0455
0 0.7236 0.232 0.0176 0.0411
0 0.7339 0.2584 0.0127 0.0264
0 0.6738 0.2093 0.0215 0.0308
