0 0.0669 0.117 0.0342 0.078
0 0.1431 0.1187 0.0479 0.0953
0 0.1592 0.1499 0.0371 0.0953
0 0.1919 0.1568 0.0264 0.0641
0 0.2285 0.1109 0.0293 0.0763
0 0.2319 0.1681 0.0303 0.0763
0 0.2021 0.2305 0.041 0.0936
0 0.2695 0.162 0.0352 0.0745
0 0.3188 0.0988 0.0342 0.0763
0 0.3232 0.201 0.0312 0.0624
0 0.377 0.104 0.0312 0.0797
0 0.3569 0.344 0.0439 0.1127
0 0.458 0.2522 0.0352 0.0919
0 0.4985 0.1768 0.0361 0.0797
0 0.5654 0.1594 0.0527 0.1109
0 0.6421 0.1698 0.0381 0.0936
0 0.6729 0.1412 0.043 0.1092
0 0.6743 0.2418 0.04 0.1092
0 0.7729 0.2158 0.0439 0.0884
0 0.7598 0.1976 0.0371 0.0797
0 0.8159 0.2106 0.0459 0.1127
0 0.8481 0.2054 0.0244 0.0745
0 0.9224 0.1672 0.042 0.0919
0 0.9546 0.1664 0.0322 0.0693
