0 0.0107 0.0339 0.0078 0.0104
0 0.0645 0.0977 0.0117 0.0182
0 0.1045 0.0794 0.0098 0.0156
0 0.0664 0.0436 0.0098 0.0143
0 0.0522 0.0365 0.0088 0.0104
0 0.0381 0.1589 0.0078 0.0156
0 0.0234 0.0768 0.0098 0.0156
0 0.0425 0.0755 0.0068 0.013
0 0.04 0.0378 0.0098 0.013
0 0.0645 0.0319 0.0098 0.0143
0 0.0947 0.0215 0.0098 0.0169
0 0.1289 0.0371 0.0117 0.0195
0 0.1265 0.0163 0.0107 0.0143
0 0.147 0.0182 0.0088 0.013
0 0.1562 0.0293 0.0078 0.0143
0 0.1689 0.0671 0.0098 0.0169
0 0.1357 0.0599 0.0078 0.013
0 0.1406 0.0794 0.0098 0.0182
0 0.1382 0.1165 0.0107 0.0195
0 0.1719 0.1283 0.0117 0.0195
0 0.1401 0.1582 0.0146 0.0195
0 0.0957 0.11 0.0117 0.0195
0 0.1104 0.1445 0.0156 0.0208
0 0.0942 0.1387 0.0107 0.0169
0 0.0376 0.1393 0.0127 0.013
0 0.105 0.0605 0.0088 0.0143
0 0.1694 0.015 0.0088 0.0117
0 0.1782 0.1602 0.0127 0.0208
0 0.1787 0.1029 0.0098 0.0208
0 0.1812 0.0775 0.0088 0.0221
0 0.0039 0.0716 0.0098 0.0182
0 0.0195 0.0326 0.0078 0.013
0 0.0264 0.0378 0.0059 0.013
0 0.0376 0.0651 0.0068 0.013
0 0.0859 0.1452 0.0098 0.0169
0 0.0747 0.1413 0.0088 0.0195
0 0.0283 0.1882 0.0137 0.0247
0 0.0264 0.2122 0.0156 0.0234
0 0.0708 0.2129 0.0146 0.0221
0 0.0586 0.1751 0.0117 0.0143
0 0.0776 0.1875 0.0127 0.0234
0 0.0854 0.1862 0.0088 0.0156
0 0.1152 0.1764 0.0117 0.0195
0 0.0439 0.2389 0.0137 0.0247
0 0.0386 0.2572 0.0186 0.0247
0 0.0044 0.2878 0.0107 0.026
0 0.0103 0.2734 0.0127 0.0208
0 0.0933 0.2676 0.0146 0.0247
0 0.1064 0.2305 0.0176 0.026
0 0.1499 0.2214 0.0127 0.0286
0 0.1714 0.1784 0.0146 0.0234
0 0.168 0.2435 0.0156 0.0286
0 0.188 0.2474 0.0127 0.0208
0 0.188 0.2025 0.0088 0.0143
0 0.2441 0.1478 0.0137 0.0195
0 0.2427 0.1738 0.0127 0.0169
0 0.2261 0.2695 0.0166 0.0286
0 0.2378 0.2669 0.0107 0.0312
0 0.2168 0.2051 0.0098 0.0247
0 0.2085 0.2142 0.0146 0.0299
0 0.1729 0.3177 0.0195 0.0312
0 0.106 0.3307 0.0186 0.0312
0 0.1255 0.36 0.0127 0.0195
0 0.0039 0.3359 0.0098 0.026
0 0.0645 0.321 0.0156 0.0195
0 0.0674 0.291 0.0137 0.0195
0 0.0312 0.2969 0.0137 0.0208
0 0.1313 0.265 0.0146 0.0273
0 0.1992 0.0143 0.0098 0.0182
0 0.1831 0.0072 0.0068 0.0143
0 0.23 0.0645 0.0088 0.0143
0 0.2178 0.0241 0.0098 0.0117
0 0.2134 0.127 0.0127 0.0221
0 0.2393 0.112 0.0098 0.0156
0 0.2554 0.11 0.0107 0.0195
0 0.25 0.0814 0.0117 0.0143
0 0.2397 0.043 0.0088 0.0156
0 0.2534 0.0462 0.0107 0.0195
0 0.2539 0.0234 0.0078 0.0156
0 0.2666 0.0182 0.0078 0.013
0 0.2827 0.0221 0.0088 0.0156
0 0.2935 0.015 0.0068 0.0117
0 0.2974 0.0384 0.0088 0.0169
0 0.3071 0.0469 0.0088 0.0156
0 0.311 0.0293 0.0068 0.0117
0 0.3354 0.0234 0.0107 0.0208
0 0.3535 0.0228 0.0098 0.0169
0 0.3555 0.0358 0.0098 0.0169
0 0.3374 0.0605 0.0068 0.0169
0 0.3452 0.0592 0.0049 0.0195
0 0.3247 0.0579 0.0049 0.0117
0 0.3081 0.0677 0.0107 0.0156
0 0.2793 0.0957 0.0098 0.0195
0 0.2764 0.1406 0.0117 0.0234
0 0.3394 0.1315 0.0107 0.0208
0 0.3608 0.1302 0.0146 0.026
0 0.2412 0.0072 0.0078 0.0117
0 0.3081 0.1582 0.0107 0.0221
0 0.3291 0.1647 0.0137 0.0195
0 0.335 0.1107 0.0098 0.0182
0 0.271 0.0684 0.0088 0.0169
0 0.3735 0.0189 0.0127 0.0195
0 0.396 0.015 0.0107 0.0143
0 0.3872 0.0384 0.0088 0.0169
0 0.3936 0.0326 0.0098 0.0156
0 0.4375 0.0176 0.0098 0.0169
0 0.4551 0.0423 0.0098 0.0143
0 0.3628 0.0612 0.0088 0.013
0 0.3545 0.0996 0.0098 0.0143
0 0.3916 0.1419 0.0156 0.0208
0 0.3838 0.1816 0.0176 0.0247
0 0.415 0.1712 0.0137 0.0247
0 0.4395 0.0781 0.0098 0.0182
0 0.4414 0.1055 0.0117 0.0208
0 0.4609 0.1159 0.0176 0.026
0 0.4473 0.1328 0.0117 0.0208
0 0.46 0.071 0.0117 0.0195
0 0.4707 0.0501 0.0098 0.0195
0 0.5137 0.0397 0.0117 0.0195
0 0.5078 0.0658 0.0117 0.0273
0 0.5259 0.0964 0.0127 0.026
0 0.5269 0.151 0.0127 0.026
0 0.5117 0.1536 0.0156 0.0286
0 0.5005 0.1172 0.0146 0.0234
0 0.4985 0.1055 0.0166 0.0182
0 0.4614 0.1914 0.0166 0.0182
0 0.4155 0.0957 0.0107 0.0195
0 0.5469 0.0417 0.0098 0.0182
0 0.5425 0.0618 0.0107 0.0195
0 0.5522 0.0684 0.0146 0.0273
0 0.5942 0.0579 0.0127 0.0195
0 0.5884 0.0306 0.0127 0.0221
0 0.6006 0.0527 0.0098 0.0221
0 0.6182 0.0306 0.0117 0.0195
0 0.6294 0.0339 0.0107 0.0182
0 0.646 0.0234 0.0127 0.0234
0 0.6807 0.0371 0.0137 0.0169
0 0.6978 0.0677 0.0166 0.026
0 0.6895 0.0892 0.0156 0.0273
0 0.6611 0.0964 0.0156 0.0234
0 0.6396 0.0879 0.0117 0.0247
0 0.6548 0.069 0.0127 0.0182
0 0.6284 0.0573 0.0127 0.0208
0 0.5781 0.0749 0.0098 0.0169
0 0.5859 0.0951 0.0117 0.026
0 0.6064 0.1191 0.0117 0.0247
0 0.5518 0.1133 0.0098 0.0182
0 0.5659 0.1341 0.0127 0.0182
0 0.5679 0.1797 0.0166 0.0286
0 0.6138 0.1706 0.0166 0.0234
0 0.6006 0.1667 0.0137 0.026
0 0.6396 0.1439 0.0176 0.0247
0 0.6494 0.1198 0.0156 0.0286
0 0.6553 0.1667 0.0137 0.0234
0 0.6748 0.1706 0.0137 0.0234
0 0.6963 0.1465 0.0156 0.0273
0 0.7266 0.0228 0.0098 0.0169
0 0.7593 0.0208 0.0088 0.0182
0 0.7456 0.0365 0.0146 0.0234
0 0.7607 0.043 0.0137 0.0208
0 0.7441 0.0625 0.0137 0.0234
0 0.7393 0.0827 0.0156 0.0247
0 0.7324 0.1367 0.0176 0.0312
0 0.7637 0.1048 0.0137 0.0247
0 0.7773 0.1074 0.0156 0.0299
0 0.7979 0.0703 0.0156 0.026
0 0.7974 0.041 0.0107 0.0195
0 0.8291 0.0436 0.0098 0.0169
0 0.8311 0.0286 0.0098 0.0208
0 0.8101 0.0293 0.0088 0.0117
0 0.8198 0.0951 0.0146 0.026
0 0.8345 0.1126 0.0186 0.0299
0 0.8569 0.0807 0.0146 0.0234
0 0.8662 0.0547 0.0137 0.0365
0 0.873 0.0957 0.0137 0.0247
0 0.8989 0.097 0.0166 0.0247
0 0.9062 0.0612 0.0156 0.0234
0 0.894 0.0241 0.0146 0.0247
0 0.9365 0.0736 0.0117 0.0169
0 0.9678 0.041 0.0156 0.0273
0 0.9629 0.0599 0.0137 0.0234
0 0.9795 0.0573 0.0117 0.0234
0 0.9556 0.1302 0.0186 0.0339
0 0.979 0.1296 0.0166 0.0326
0 0.9375 0.1029 0.0156 0.026
0 0.8135 0.1562 0.0176 0.0286
0 0.9204 0.1771 0.0146 0.0286
0 0.8945 0.2057 0.0195 0.0365
0 0.7158 0.2493 0.0176 0.0221
0 0.7998 0.2448 0.0176 0.0286
0 0.8735 0.2643 0.0186 0.0365
0 0.9365 0.2467 0.0156 0.0326
0 0.9536 0.2142 0.0166 0.0326
0 0.959 0.2604 0.0156 0.0365
0 0.9907 0.196 0.0146 0.0273
0 0.0259 0.3724 0.0166 0.0312
0 0.041 0.4909 0.0176 0.0339
0 0.0425 0.5293 0.0244 0.0404
0 0.0757 0.5371 0.0244 0.0378
0 0.0952 0.4427 0.0225 0.0391
0 0.0552 0.4147 0.0225 0.0299
0 0.1348 0.3952 0.0215 0.0378
0 0.1973 0.3848 0.0156 0.0299
0 0.2319 0.4043 0.0186 0.0352
0 0.1533 0.5234 0.0234 0.0391
0 0.1562 0.4896 0.0195 0.0365
0 0.1797 0.5618 0.0234 0.0378
0 0.2266 0.5339 0.0254 0.0391
0 0.251 0.5638 0.0234 0.0365
0 0.3037 0.5684 0.0195 0.0378
0 0.2993 0.4824 0.0244 0.0404
0 0.3276 0.4023 0.0205 0.0391
0 0.3149 0.3717 0.0166 0.0326
0 0.7705 0.625 0.0254 0.0469
0 0.1313 0.679 0.0283 0.0404
0 0.0303 0.7708 0.0273 0.0391
0 0.0342 0.8197 0.0293 0.0456
0 0.1206 0.8665 0.0225 0.0456
0 0.0493 0.9297 0.0322 0.0391
0 0.0957 0.9772 0.0254 0.043
0 0.2139 0.6341 0.0254 0.0339
0 0.2646 0.6719 0.0273 0.0469
0 0.3672 0.6849 0.0312 0.0495
0 0.3154 0.7773 0.0273 0.0417
0 0.2793 0.888 0.043 0.0625
0 0.4209 0.8548 0.0391 0.0456
0 0.2061 0.974 0.0293 0.0417
0 0.2217 0.8444 0.0215 0.043
0 0.145 0.8249 0.0166 0.0326
0 0.1255 0.847 0.0186 0.0326
0 0.6157 0.0143 0.0127 0.0182
0 0.8154 0.0208 0.0137 0.0286
0 0.6772 0.2148 0.0166 0.0339
0 0.6553 0.2695 0.0195 0.0312
0 0.8286 0.0605 0.0127 0.0247
0 0.8154 0.0638 0.0117 0.0208
0 0.8438 0.0599 0.0078 0.0208
0 0.8555 0.0573 0.0078 0.0208
0 0.793 0.0241 0.0098 0.0221
0 0.7881 0.0228 0.0117 0.0299
0 0.2891 0.181 0.0098 0.0234
0 0.27 0.1777 0.0107 0.0247
0 0.2515 0.2116 0.0127 0.0195
0 0.2271 0.2233 0.0107 0.0247
0 0.2422 0.224 0.0098 0.0208
0 0.2954 0.2344 0.0146 0.0286
0 0.3086 0.2194 0.0176 0.0273
0 0.3213 0.2057 0.0117 0.0182
0 0.3325 0.194 0.0146 0.0234
0 0.3535 0.2064 0.0156 0.0273
0 0.3496 0.1803 0.0098 0.0169
0 0.3813 0.2292 0.0107 0.0208
0 0.3931 0.2259 0.0107 0.0247
0 0.333 0.25 0.0176 0.0286
0 0.3081 0.2858 0.0186 0.0326
0 0.2817 0.2904 0.0166 0.026
0 0.2583 0.3092 0.0166 0.0273
0 0.2368 0.3105 0.0186 0.0247
0 0.3511 0.2988 0.0166 0.0299
0 0.3604 0.3021 0.0098 0.0234
0 0.3823 0.3268 0.0205 0.0339
0 0.417 0.2871 0.0156 0.0299
0 0.397 0.2604 0.0166 0.0312
0 0.4346 0.2565 0.0176 0.0286
0 0.4521 0.2578 0.0137 0.0234
0 0.4653 0.2708 0.0146 0.026
0 0.4517 0.2904 0.0186 0.0339
0 0.4229 0.3249 0.0137 0.0247
0 0.4844 0.2292 0.0117 0.026
0 0.4448 0.3958 0.0244 0.0286
0 0.3965 0.4225 0.0195 0.0273
0 0.3721 0.4323 0.0137 0.0312
0 0.3862 0.4479 0.0166 0.0391
0 0.4097 0.4551 0.0186 0.0247
0 0.4238 0.4928 0.0234 0.0378
0 0.4141 0.5436 0.0312 0.0456
0 0.3569 0.5293 0.0186 0.0352
0 0.436 0.6217 0.0303 0.043
0 0.4868 0.556 0.0283 0.0391
0 0.4902 0.472 0.0234 0.0299
0 0.5513 0.4069 0.0244 0.0352
0 0.5366 0.3607 0.0225 0.0339
0 0.6108 0.3796 0.0205 0.0352
0 0.5894 0.4798 0.0244 0.0352
0 0.5713 0.513 0.0195 0.0417
0 0.4751 0.4271 0.0205 0.0339
0 0.5361 0.2174 0.0137 0.0234
0 0.5049 0.2409 0.0176 0.0312
0 0.5552 0.2402 0.0205 0.0299
0 0.5737 0.2201 0.0166 0.0234
0 0.5327 0.2812 0.0186 0.0339
0 0.5112 0.3333 0.0146 0.026
0 0.6436 0.3249 0.0234 0.0404
0 0.6333 0.2826 0.0146 0.0312
0 0.7153 0.3587 0.0225 0.0352
0 0.7002 0.4089 0.0156 0.0417
0 0.7363 0.4062 0.0176 0.0365
0 0.7915 0.349 0.0244 0.0417
0 0.7969 0.3034 0.0117 0.0312
0 0.895 0.291 0.0225 0.0404
0 0.9165 0.3594 0.0225 0.0312
0 0.9761 0.3652 0.0186 0.0299
0 0.9526 0.3984 0.0205 0.0365
0 0.9087 0.459 0.0166 0.0456
0 0.875 0.4258 0.0195 0.0365
0 0.8467 0.4714 0.0254 0.0469
0 0.7485 0.4824 0.0146 0.043
0 0.6626 0.5033 0.0205 0.0378
0 0.8359 0.5352 0.0195 0.0469
0 0.8726 0.6016 0.0244 0.0417
0 0.9155 0.6029 0.0264 0.0443
0 0.9478 0.5111 0.0205 0.0299
0 0.9761 0.6035 0.0381 0.056
0 0.9814 0.7272 0.0312 0.056
0 0.8711 0.668 0.0254 0.0443
0 0.8745 0.9193 0.0264 0.0547
0 0.9854 0.9525 0.0273 0.0664
0 0.751 0.8079 0.0312 0.0638
0 0.4531 0.7155 0.0352 0.0482
0 0.3979 0.6888 0.0244 0.0365
0 0.5869 0.7448 0.0234 0.0495
0 0.6304 0.6953 0.0225 0.0521
0 0.6636 0.7728 0.0205 0.0482
0 0.6162 0.8385 0.0176 0.0495
0 0.5811 0.6204 0.0215 0.043
0 0.0918 0.6061 0.0254 0.043
0 0.5845 0.9648 0.0479 0.0547
