0 0.0137 0.1446 0.0293 0.0899
0 0.021 0.2688 0.04 0.0735
0 0.1118 0.2263 0.0459 0.116
0 0.1528 0.1806 0.0439 0.0997
0 0.2285 0.1993 0.0449 0.098
0 0.2261 0.3856 0.0381 0.098
0 0.3062 0.3047 0.0439 0.0931
0 0.3228 0.4371 0.0439 0.0833
0 0.1548 0.0433 0.042 0.0801
0 0.355 0.0131 0.0303 0.0294
0 0.4214 0.0204 0.0361 0.0441
0 0.6113 0.0882 0.0488 0.085
0 0.668 0.1397 0.0391 0.0735
0 0.7192 0.2042 0.0361 0.0882
0 0.6006 0.2525 0.041 0.0801
0 0.5854 0.3292 0.042 0.0833
0 0.6245 0.3611 0.0439 0.085
0 0.4404 0.299 0.0391 0.0784
0 0.4082 0.3431 0.0332 0.0686
0 0.4863 0.3072 0.0332 0.0784
0 0.5034 0.5302 0.0459 0.0703
0 0.3662 0.527 0.0547 0.0899
0 0.8062 0.0515 0.0498 0.0768
0 0.9775 0.0858 0.041 0.0801
0 0.9653 0.1601 0.0498 0.1144
0 0.9893 0.3235 0.0195 0.0915
0 0.9756 0.4575 0.0352 0.0817
0 0.9604 0.4412 0.0244 0.0621
0 0.896 0.4992 0.0381 0.1029
0 0.8838 0.4608 0.0371 0.0882
0 0.8857 0.2361 0.0273 0.0637
0 0.8193 0.3464 0.0352 0.0882
0 0.7642 0.3431 0.0361 0.0948
0 0.6812 0.4518 0.0342 0.0833
0 0.0913 0.5155 0.0498 0.0735
0 0.0771 0.6454 0.0371 0.1013
0 0.1133 0.7753 0.0254 0.0964
0 0.3271 0.7181 0.0273 0.0866
0 0.1973 0.4861 0.043 0.0931
0 0.877 0.8284 0.0273 0.085
0 0.7939 0.7475 0.0391 0.0441
0 0.7583 0.6511 0.042 0.0474
0 0.7031 0.6977 0.0566 0.0719
0 0.7168 0.5368 0.0273 0.0866
0 0.4839 0.9363 0.0459 0.085
0 0.3799 0.9698 0.0156 0.0539
0 0.2041 0.9044 0.0312 0.0605
0 0.2173 0.9592 0.0342 0.0719
