0 0.9653 0.29 0.0264 0.0605
0 0.9741 0.3877 0.0225 0.0723
0 0.936 0.4111 0.0342 0.0918
0 0.8882 0.2197 0.0225 0.0605
0 0.9292 0.2471 0.0205 0.0488
0 0.8086 0.2158 0.0215 0.0449
0 0.792 0.5449 0.0391 0.1094
0 0.7183 0.417 0.0381 0.0996
0 0.8052 0.0654 0.0127 0.0293
0 0.7427 0.0732 0.0127 0.0371
0 0.6978 0.0791 0.0146 0.0371
0 0.6504 0.0908 0.0137 0.0332
0 0.6597 0.2432 0.0225 0.0566
0 0.6123 0.3359 0.0371 0.082
0 0.5786 0.2842 0.0283 0.0801
0 0.5601 0.208 0.0205 0.0527
0 0.5376 0.1113 0.0225 0.0469
0 0.5088 0.2217 0.0234 0.0645
0 0.4653 0.2129 0.0264 0.0742
0 0.4829 0.3818 0.0322 0.0762
0 0.3867 0.1855 0.0234 0.0586
0 0.377 0.1182 0.0156 0.0449
0 0.3486 0.1025 0.0117 0.0293
0 0.3481 0.3311 0.0361 0.0879
0 0.2358 0.1396 0.0205 0.0566
0 0.1841 0.0645 0.0205 0.0469
0 0.1948 0.1982 0.0264 0.0605
0 0.3252 0.292 0.0273 0.0684
0 0.2876 0.2266 0.0303 0.0703
0 0.1465 0.1602 0.0254 0.0508
0 0.1416 0.2207 0.0234 0.0547
0 0.1089 0.0762 0.0146 0.043
0 0.1748 0.5684 0.0684 0.1758
0 0.3433 0.6406 0.0654 0.1914
0 0.1738 0.3252 0.0312 0.0645
0 0.5381 0.6123 0.082 0.1699
0 0.645 0.6768 0.0518 0.1465
0 0.8789 0.6494 0.0723 0.1855
