0 0.0039 0.0527 0.0078 0.0276
0 0.0259 0.091 0.0146 0.0263
0 0.0396 0.0634 0.0146 0.0238
0 0.061 0.1274 0.0146 0.0238
0 0.0029 0.1192 0.0059 0.0176
0 0.0166 0.1562 0.0156 0.0238
0 0.0776 0.1995 0.0166 0.0276
0 0.0962 0.1625 0.0127 0.0213
0 0.0811 0.106 0.0156 0.0238
0 0.103 0.0571 0.0146 0.0238
0 0.124 0.1198 0.0156 0.0238
0 0.1333 0.0878 0.0146 0.0251
0 0.1533 0.0546 0.0137 0.0263
0 0.1943 0.0615 0.0137 0.0226
0 0.1895 0.0891 0.0137 0.0226
0 0.1377 0.1543 0.0156 0.0251
0 0.1411 0.1939 0.0166 0.0213
0 0.2095 0.1644 0.0303 0.0452
0 0.2598 0.0596 0.0176 0.0238
0 0.2803 0.0627 0.0137 0.0226
0 0.2632 0.1631 0.0146 0.0176
0 0.3281 0.0709 0.0117 0.0213
0 0.3252 0.0997 0.0137 0.0213
0 0.3008 0.133 0.0156 0.0201
0 0.3218 0.1951 0.0166 0.0263
0 0.3394 0.1731 0.0166 0.0226
0 0.3779 0.1995 0.0156 0.0276
0 0.376 0.1274 0.0137 0.0163
0 0.3726 0.091 0.0127 0.0163
0 0.3999 0.0709 0.0146 0.0188
0 0.397 0.0991 0.0146 0.0226
0 0.4219 0.1349 0.0156 0.0213
0 0.4346 0.1619 0.0156 0.0226
0 0.4331 0.2051 0.0166 0.0238
0 0.0283 0.2716 0.0156 0.0213
0 0.0913 0.256 0.0186 0.0301
0 0.0098 0.3369 0.0156 0.0289
0 0.0278 0.3827 0.0186 0.0276
0 0.0679 0.3476 0.0127 0.0251
0 0.1113 0.3394 0.0176 0.0289
0 0.1685 0.3275 0.0186 0.0251
0 0.1001 0.3839 0.0186 0.0226
0 0.1006 0.4184 0.0195 0.0314
0 0.1523 0.3871 0.0176 0.0289
0 0.1519 0.4335 0.0166 0.0289
0 0.1289 0.4674 0.0195 0.0339
0 0.0703 0.4693 0.0195 0.0276
0 0.0103 0.4661 0.0166 0.0314
0 0.1968 0.4172 0.0186 0.0314
0 0.1865 0.4755 0.0195 0.0301
0 0.2305 0.3846 0.0352 0.0514
0 0.2783 0.3444 0.0176 0.0289
0 0.271 0.3827 0.0186 0.0276
0 0.2959 0.4291 0.0195 0.0301
0 0.2954 0.4686 0.0186 0.0339
0 0.043 0.5182 0.0176 0.0376
0 0.1006 0.5113 0.0215 0.0339
0 0.0801 0.5784 0.0215 0.0402
0 0.0767 0.6644 0.0283 0.0565
0 0.1313 0.6274 0.0186 0.0351
0 0.1475 0.574 0.0195 0.0263
0 0.1738 0.5577 0.0195 0.0238
0 0.209 0.7434 0.0156 0.0514
0 0.2246 0.7177 0.0176 0.0226
0 0.248 0.7302 0.0352 0.0276
0 0.314 0.7478 0.0322 0.0502
0 0.2891 0.5163 0.0176 0.0339
0 0.3228 0.5295 0.0186 0.0301
0 0.3525 0.4768 0.0156 0.0301
0 0.3569 0.527 0.0166 0.0276
0 0.3418 0.5765 0.0156 0.0263
0 0.3882 0.6186 0.0205 0.0301
0 0.396 0.5295 0.0186 0.0301
0 0.4023 0.4837 0.0156 0.0263
0 0.4268 0.5778 0.0156 0.0263
0 0.397 0.7767 0.0244 0.0477
0 0.4224 0.7302 0.0322 0.0452
0 0.4214 0.7001 0.0186 0.0351
0 0.4751 0.7585 0.0342 0.059
0 0.3433 0.4222 0.0186 0.0289
0 0.3545 0.3952 0.0195 0.0326
0 0.3862 0.4329 0.0186 0.0276
0 0.3784 0.3018 0.0186 0.0289
0 0.417 0.3093 0.0156 0.0289
0 0.4453 0.3557 0.0156 0.0263
0 0.4404 0.4812 0.0156 0.0314
0 0.4756 0.4103 0.0293 0.0502
0 0.4873 0.3664 0.0176 0.0276
0 0.4927 0.3344 0.0186 0.0289
0 0.5918 0.3752 0.0176 0.0301
0 0.5396 0.1474 0.0303 0.0514
0 0.605 0.1405 0.0146 0.0251
0 0.6143 0.1725 0.0156 0.0263
0 0.6343 0.1098 0.0146 0.0238
0 0.6309 0.2139 0.0156 0.0238
0 0.5273 0.623 0.0156 0.0289
0 0.6055 0.6976 0.0195 0.0251
0 0.5996 0.7535 0.0332 0.054
0 0.687 0.6951 0.0244 0.0452
0 0.7231 0.7472 0.0225 0.0314
0 0.626 0.0351 0.0137 0.0226
0 0.6367 0.0765 0.0156 0.0251
0 0.6709 0.1023 0.0117 0.0238
0 0.6777 0.16 0.0176 0.0263
0 0.689 0.2102 0.0146 0.0263
0 0.7036 0.1292 0.0166 0.0226
0 0.6797 0.0671 0.0137 0.0263
0 0.7256 0.1023 0.0156 0.0238
0 0.7417 0.0615 0.0146 0.0251
0 0.7349 0.1412 0.0146 0.0238
0 0.7412 0.1757 0.0156 0.0226
0 0.7759 0.1324 0.0146 0.0289
0 0.7808 0.0947 0.0146 0.0263
0 0.7915 0.064 0.0146 0.0251
0 0.8506 0.0634 0.0137 0.0238
0 0.8911 0.0941 0.0146 0.0226
0 0.9019 0.0615 0.0146 0.0251
0 0.835 0.1506 0.0293 0.0477
0 0.8516 0.1706 0.0117 0.0226
0 0.9062 0.1763 0.0137 0.0238
0 0.8721 0.2284 0.0156 0.0226
0 0.9038 0.1267 0.0146 0.0276
0 0.9619 0.0163 0.0117 0.0251
0 0.9478 0.0966 0.0146 0.0276
0 0.9717 0.128 0.0176 0.0226
0 0.9956 0.1211 0.0068 0.0188
0 0.9614 0.1901 0.0146 0.0213
0 0.9355 0.2258 0.0137 0.0151
0 0.9937 0.2277 0.0088 0.0213
0 0.623 0.3896 0.0312 0.0565
0 0.6396 0.3519 0.0137 0.0263
0 0.6968 0.3864 0.0186 0.0276
0 0.7007 0.4228 0.0186 0.0276
0 0.6938 0.4724 0.0186 0.0238
0 0.7461 0.421 0.0156 0.0238
0 0.8257 0.3808 0.0283 0.0464
0 0.749 0.4743 0.0156 0.0251
0 0.6919 0.5157 0.0186 0.0326
0 0.688 0.5558 0.0225 0.0301
0 0.874 0.4655 0.0215 0.0301
0 0.8516 0.5151 0.0137 0.0289
0 0.8794 0.5602 0.0166 0.0289
0 0.9019 0.4115 0.0186 0.0301
0 0.9136 0.4649 0.0166 0.0289
0 0.9521 0.4611 0.0176 0.0263
0 0.9126 0.5125 0.0186 0.0314
0 0.9312 0.5163 0.0186 0.0289
0 0.9243 0.5596 0.0186 0.0301
0 0.8892 0.6066 0.0205 0.0339
0 0.9233 0.6154 0.0205 0.0289
0 0.9336 0.6606 0.0234 0.0339
0 0.9556 0.5634 0.0186 0.0326
0 0.9644 0.6104 0.0205 0.0314
0 0.9888 0.6801 0.0186 0.0301
0 0.7393 0.564 0.0117 0.0263
0 0.7456 0.6123 0.0186 0.0326
0 0.7935 0.6374 0.0186 0.0276
0 0.8516 0.6198 0.0137 0.0301
0 0.8589 0.5972 0.0146 0.0276
0 0.875 0.687 0.0195 0.0314
0 0.8745 0.7302 0.0361 0.0427
0 0.7749 0.7484 0.0264 0.0439
0 0.7773 0.7208 0.0293 0.0339
0 0.2603 0.2083 0.0186 0.0226
0 0.3804 0.1612 0.0166 0.0213
0 0.2021 0.6286 0.0234 0.0351
0 0.1685 0.7309 0.0342 0.0439
0 0.0259 0.202 0.0146 0.0251
0 0.8188 0.0922 0.0146 0.0188
0 0.6006 0.6048 0.0176 0.0326
