0 0.0596 0.2701 0.0254 0.0542
0 0.0117 0.3986 0.0254 0.0373
0 0.1206 0.3305 0.0127 0.0154
0 0.2607 0.2657 0.043 0.0425
0 0.1768 0.2709 0.0156 0.0205
0 0.2808 0.317 0.0322 0.0249
0 0.3472 0.3627 0.0166 0.0212
0 0.4653 0.2826 0.0127 0.019
0 0.4727 0.3492 0.0117 0.0161
0 0.5659 0.3327 0.0244 0.0227
0 0.5913 0.2888 0.0166 0.0212
0 0.6343 0.3005 0.0107 0.0124
0 0.7695 0.2687 0.0215 0.0234
0 0.7729 0.287 0.0127 0.0117
0 0.8931 0.2789 0.0146 0.0176
0 0.9102 0.3239 0.0059 0.011
0 0.9688 0.2826 0.0137 0.0146
0 0.9854 0.2877 0.0098 0.0102
0 0.4814 0.3858 0.0234 0.0205
0 0.5146 0.362 0.0156 0.0227
0 0.0562 0.3715 0.0186 0.0256
