0 0.0928 0.2732 0.0176 0.0288
0 0.2173 0.2516 0.0127 0.0222
0 0.2871 0.2843 0.0098 0.0301
0 0.1284 0.4307 0.0361 0.0484
0 0.1855 0.383 0.0293 0.0497
0 0.2349 0.3595 0.0264 0.0444
0 0.3027 0.4 0.0273 0.0392
0 0.3433 0.3235 0.0244 0.0484
0 0.2793 0.5595 0.0293 0.0471
0 0.3765 0.5699 0.0322 0.0523
0 0.4097 0.3373 0.0244 0.0366
0 0.3979 0.417 0.0244 0.034
0 0.4585 0.549 0.0283 0.0418
0 0.4424 0.3967 0.0215 0.0379
0 0.4688 0.3575 0.0234 0.0353
0 0.5742 0.3569 0.0234 0.0392
0 0.6455 0.3641 0.0273 0.0431
0 0.7168 0.3667 0.0312 0.0458
0 0.7646 0.4732 0.0273 0.0392
0 0.5244 0.3111 0.0254 0.0444
0 0.8179 0.3699 0.0361 0.0523
0 0.9121 0.4196 0.0352 0.0575
0 0.6357 0.2275 0.0059 0.0078
0 0.2642 0.1915 0.0049 0.0092
0 0.6494 0.2235 0.0059 0.0078
