0 0.3726 0.2679 0.0322 0.0676
0 0.8252 0.0358 0.0293 0.0507
0 0.5903 0.3342 0.0361 0.0676
0 0.5947 0.0871 0.0254 0.0468
0 0.6235 0.1586 0.0342 0.0494
0 0.6714 0.1632 0.0342 0.0507
0 0.7046 0.3973 0.0342 0.0507
0 0.7354 0.3179 0.0273 0.0455
0 0.7339 0.5169 0.0361 0.0689
0 0.792 0.4902 0.0391 0.078
0 0.791 0.4077 0.0332 0.0663
0 0.8232 0.2022 0.0332 0.0559
0 0.9487 0.3498 0.0322 0.065
0 0.9111 0.1326 0.0293 0.0572
0 0.9565 0.0878 0.0244 0.0481
0 0.894 0.0572 0.0244 0.0416
0 0.4766 0.3843 0.0352 0.0637
0 0.4653 0.3166 0.0322 0.0377
0 0.5679 0.4207 0.0361 0.0611
0 0.0098 0.8648 0.0215 0.0936
0 0.1377 0.8127 0.0488 0.1014
0 0.334 0.8648 0.0488 0.0936
0 0.4106 0.8596 0.0635 0.1196
0 0.52 0.6931 0.0518 0.1014
0 0.5249 0.946 0.0439 0.1053
0 0.687 0.9408 0.0518 0.1027
0 0.6611 0.6795 0.0527 0.1105
0 0.9355 0.8075 0.0488 0.0884
0 0.624 0.5195 0.0332 0.0585
0 0.9453 0.6938 0.043 0.0897
0 0.2969 0.4454 0.0371 0.0871
0 0.5146 0.5793 0.0449 0.0793
0 0.6992 0.4519 0.0352 0.0611
0 0.498 0.1612 0.0352 0.0598
0 0.8589 0.4623 0.0322 0.0663
0 0.9004 0.5553 0.0391 0.0598
0 0.9878 0.2789 0.0225 0.0585
0 0.9883 0.1177 0.0215 0.0377
0 0.1768 0.316 0.0391 0.0728
0 0.0854 0.0215 0.0303 0.0455
0 0.1753 0.026 0.0244 0.0416
0 0.1714 0.1599 0.0303 0.052
0 0.2271 0.0527 0.0303 0.0585
0 0.2803 0.249 0.0352 0.0637
0 0.3262 0.08 0.0254 0.0455
0 0.0181 0.1879 0.0322 0.0585
0 0.0786 0.3823 0.0381 0.0572
0 0.1313 0.2796 0.0342 0.052
0 0.1523 0.2243 0.0293 0.0403
0 0.0171 0.645 0.0322 0.091
0 0.0996 0.5013 0.041 0.0871
0 0.1445 0.6099 0.0469 0.078
0 0.3506 0.6469 0.0605 0.1053
0 0.3984 0.5228 0.043 0.0676
0 0.4272 0.6391 0.042 0.0741
0 0.4102 0.7055 0.0312 0.0481
0 0.2563 0.0338 0.0322 0.0494
0 0.4087 0.0657 0.0244 0.0585
0 0.314 0.2367 0.0225 0.0442
0 0.4014 0.186 0.0273 0.0442
0 0.5259 0.0514 0.0264 0.0429
0 0.6665 0.0221 0.0342 0.0468
0 0.5107 0.0156 0.0293 0.0338
0 0.0908 0.8641 0.0371 0.0559
