0 0.021 0.0068 0.0166 0.0176
0 0.1343 0.0068 0.0146 0.0176
0 0.2056 0.0049 0.0146 0.0137
0 0.2705 0.0127 0.0176 0.0293
0 0.3354 0.0088 0.0166 0.0215
0 0.0142 0.0635 0.0186 0.0527
0 0.085 0.0576 0.0195 0.0566
0 0.1509 0.0781 0.0166 0.0508
0 0.2139 0.0693 0.0195 0.0488
0 0.2734 0.0781 0.0176 0.043
0 0.3315 0.0801 0.0186 0.043
0 0.4019 0.0449 0.0186 0.0469
0 0.0337 0.1611 0.0205 0.0449
0 0.0957 0.1582 0.0195 0.0547
0 0.1504 0.1631 0.0195 0.0449
0 0.229 0.165 0.0225 0.0566
0 0.3037 0.1553 0.0215 0.0566
0 0.373 0.1562 0.0195 0.0625
0 0.4482 0.1504 0.0195 0.0586
0 0.4238 0.2705 0.0195 0.0488
0 0.3633 0.2725 0.0215 0.0605
0 0.2886 0.2617 0.0205 0.0547
0 0.2153 0.2627 0.0186 0.0566
0 0.1543 0.2676 0.0195 0.0547
0 0.0854 0.2598 0.0166 0.0586
0 0.1123 0.3564 0.0195 0.0488
0 0.0181 0.377 0.0205 0.0469
0 0.041 0.4971 0.0215 0.0645
0 0.1021 0.5156 0.0205 0.0547
0 0.1611 0.4727 0.0215 0.0664
0 0.1948 0.3984 0.0186 0.0547
0 0.2749 0.3672 0.0205 0.0664
0 0.3618 0.3604 0.0244 0.0605
0 0.4458 0.3633 0.0205 0.0547
0 0.3643 0.4883 0.0215 0.0586
0 0.3071 0.5234 0.0244 0.0586
0 0.2388 0.5088 0.0225 0.0645
0 0.1797 0.6006 0.0234 0.0566
0 0.436 0.5107 0.0225 0.0605
0 0.0366 0.6514 0.0225 0.0566
0 0.1025 0.6445 0.0195 0.0586
0 0.2646 0.6475 0.0273 0.0645
0 0.3301 0.6475 0.0234 0.0723
0 0.4146 0.6455 0.0244 0.0801
0 0.0083 0.7949 0.0186 0.0742
0 0.0811 0.7881 0.0254 0.0684
0 0.1699 0.8193 0.0273 0.0527
0 0.2515 0.7793 0.0303 0.0781
0 0.3496 0.7979 0.0254 0.0723
0 0.4185 0.8203 0.0244 0.0742
0 0.0215 0.9756 0.0273 0.0449
0 0.1006 0.9619 0.0312 0.0723
0 0.1997 0.9746 0.0264 0.0469
0 0.3022 0.9795 0.0283 0.0371
0 0.3828 0.9824 0.0273 0.0312
0 0.4624 0.9707 0.0283 0.0547
0 0.5195 0.0039 0.0098 0.0117
0 0.5713 0.0137 0.0156 0.0312
0 0.6187 0.0156 0.0146 0.0352
0 0.7368 0.0068 0.0166 0.0176
0 0.8027 0.0098 0.0176 0.0234
0 0.8774 0.0088 0.0146 0.0215
0 0.9482 0.0059 0.0156 0.0156
0 0.5679 0.0771 0.0166 0.041
0 0.499 0.1016 0.0176 0.0391
0 0.5244 0.1514 0.0195 0.0527
0 0.5845 0.1699 0.0186 0.0547
0 0.6294 0.0801 0.0205 0.043
0 0.6802 0.0947 0.0166 0.0488
0 0.7344 0.0752 0.0156 0.0449
0 0.7915 0.0713 0.0186 0.0449
0 0.8486 0.0801 0.0195 0.0547
0 0.8892 0.0537 0.0186 0.0449
0 0.9575 0.085 0.0166 0.0449
0 0.9541 0.1533 0.0195 0.041
0 0.8887 0.1787 0.0176 0.0488
0 0.8496 0.1631 0.0195 0.0566
0 0.7734 0.1748 0.0195 0.0449
0 0.7329 0.1885 0.0166 0.0488
0 0.6646 0.166 0.0205 0.0586
0 0.6206 0.2451 0.0205 0.0645
0 0.5454 0.2734 0.0186 0.0391
0 0.4849 0.2598 0.0205 0.0625
0 0.689 0.2676 0.0225 0.0586
0 0.7485 0.2568 0.0205 0.0566
0 0.8174 0.2686 0.0195 0.0527
0 0.8911 0.2549 0.0205 0.0566
0 0.9673 0.2725 0.0225 0.0527
0 0.9551 0.3789 0.0195 0.0469
0 0.8862 0.3633 0.0205 0.0781
0 0.8242 0.3711 0.0234 0.0664
0 0.7529 0.376 0.0195 0.0566
0 0.7017 0.334 0.0205 0.0547
0 0.6333 0.376 0.0205 0.0566
0 0.5718 0.3828 0.0205 0.0508
0 0.5122 0.3828 0.0205 0.0391
0 0.5024 0.5205 0.0225 0.0527
0 0.5708 0.4795 0.0244 0.0645
0 0.6646 0.5156 0.0264 0.0781
0 0.751 0.5039 0.0195 0.0508
0 0.8291 0.498 0.0215 0.0625
0 0.9243 0.501 0.0244 0.0723
0 0.9824 0.5176 0.0234 0.0703
0 0.9302 0.668 0.0225 0.0586
0 0.8638 0.6504 0.0244 0.0703
0 0.9917 0.6416 0.0146 0.0566
0 0.7852 0.6641 0.0234 0.0586
0 0.7271 0.6484 0.0264 0.0703
0 0.6411 0.6514 0.0244 0.0645
0 0.5601 0.6465 0.0264 0.0703
0 0.4917 0.6592 0.0225 0.0645
0 0.4922 0.8174 0.0273 0.0723
0 0.5537 0.8223 0.0215 0.0547
0 0.6323 0.7822 0.0283 0.0723
0 0.7031 0.8232 0.0273 0.0762
0 0.7856 0.7998 0.0264 0.0723
0 0.8721 0.8115 0.0273 0.0801
0 0.9429 0.8271 0.0244 0.0645
0 0.9775 0.9746 0.0293 0.0469
0 0.9028 0.9854 0.0303 0.0254
0 0.8115 0.9736 0.0273 0.0488
0 0.728 0.9775 0.0303 0.041
0 0.6445 0.9746 0.0273 0.0469
