0 0.1377 0.0146 0.0234 0.0319
0 0.1558 0.0603 0.0244 0.0513
0 0.1362 0.1338 0.0264 0.0485
0 0.0815 0.2074 0.0244 0.0458
0 0.145 0.2642 0.0244 0.0541
0 0.1646 0.3433 0.0264 0.043
0 0.0542 0.3384 0.0244 0.0444
0 0.1021 0.4043 0.0283 0.0485
0 0.1113 0.4639 0.0234 0.0458
0 0.1567 0.4237 0.0264 0.0513
0 0.1958 0.4071 0.0283 0.0485
0 0.2368 0.07 0.0244 0.043
0 0.2285 0.1623 0.0234 0.0444
0 0.2275 0.2642 0.0273 0.0513
0 0.2417 0.3405 0.0244 0.0458
0 0.2744 0.4515 0.0273 0.0569
0 0.3013 0.4112 0.0264 0.0569
0 0.2847 0.0236 0.0264 0.0499
0 0.2651 0.1359 0.0244 0.0527
0 0.3086 0.0728 0.0254 0.0485
0 0.3472 0.12 0.0244 0.0513
0 0.3726 0.0874 0.0264 0.0499
0 0.3726 0.018 0.0244 0.0388
0 0.4692 0.0215 0.0244 0.0458
0 0.4619 0.0728 0.0234 0.0485
0 0.4062 0.1179 0.0234 0.0499
0 0.3716 0.1775 0.0244 0.0499
0 0.4619 0.1796 0.0254 0.043
0 0.4834 0.1436 0.0254 0.043
0 0.5166 0.1006 0.0195 0.0485
0 0.5405 0.0132 0.0264 0.0291
0 0.5708 0.0666 0.0244 0.0555
0 0.5601 0.156 0.0244 0.0513
0 0.5479 0.2802 0.0234 0.0472
0 0.3325 0.3384 0.0264 0.0499
0 0.3823 0.3821 0.0264 0.043
0 0.459 0.4431 0.0234 0.0569
0 0.4619 0.3669 0.0156 0.0458
0 0.478 0.3953 0.0244 0.0499
0 0.5591 0.3558 0.0264 0.0485
0 0.5498 0.4216 0.0176 0.0499
0 0.5591 0.4244 0.0166 0.0388
0 0.5464 0.482 0.0225 0.0485
0 0.4971 0.4542 0.0234 0.043
0 0.6602 0.016 0.0273 0.0347
0 0.6172 0.0908 0.0195 0.0458
0 0.6509 0.1269 0.0264 0.0569
0 0.7344 0.0853 0.0254 0.0458
0 0.7705 0.1186 0.0273 0.0541
0 0.8374 0.0853 0.0244 0.0541
0 0.894 0.0562 0.0244 0.0485
0 0.8618 0.0929 0.0166 0.0361
0 0.8203 0.1581 0.0273 0.0499
0 0.7261 0.1734 0.0244 0.0444
0 0.6523 0.2503 0.0293 0.0458
0 0.6113 0.38 0.0273 0.0499
0 0.6343 0.3627 0.0205 0.0458
0 0.6899 0.4043 0.0264 0.0458
0 0.6743 0.4348 0.0264 0.0513
0 0.562 0.5076 0.0264 0.0527
0 0.6387 0.5187 0.0273 0.0527
0 0.7378 0.5 0.0244 0.0541
0 0.7529 0.4251 0.0273 0.0485
0 0.7603 0.2233 0.0264 0.0472
0 0.791 0.2878 0.0254 0.0569
0 0.793 0.3655 0.0293 0.0485
0 0.9053 0.1581 0.0254 0.0444
0 0.8633 0.2406 0.0293 0.0541
0 0.8926 0.2732 0.0098 0.0555
0 0.8882 0.3641 0.0264 0.0513
0 0.8726 0.4182 0.0264 0.0569
0 0.9634 0.4598 0.0264 0.0458
0 0.9561 0.1068 0.0293 0.0583
0 0.9844 0.0347 0.0234 0.0444
0 0.9922 0.3162 0.0137 0.0472
0 0.9854 0.3689 0.0234 0.0583
0 0.9297 0.5284 0.0215 0.0527
0 0.937 0.5964 0.0264 0.0499
0 0.9453 0.6928 0.0254 0.0485
0 0.9316 0.8842 0.0234 0.0541
0 0.876 0.887 0.0293 0.0569
0 0.875 0.9674 0.0254 0.043
0 0.8184 0.8897 0.0215 0.0624
0 0.7451 0.8939 0.0254 0.0541
0 0.7305 0.8044 0.0273 0.0583
0 0.7559 0.7809 0.0254 0.0472
0 0.7812 0.7607 0.0156 0.0541
0 0.8018 0.6761 0.0293 0.0513
0 0.8496 0.6269 0.0215 0.0527
0 0.8384 0.5631 0.0244 0.0555
0 0.7764 0.62 0.0137 0.0555
0 0.709 0.6734 0.0273 0.0541
0 0.6504 0.5749 0.0098 0.0402
0 0.6797 0.7358 0.0215 0.0513
0 0.668 0.7982 0.0273 0.0541
0 0.6768 0.9327 0.0234 0.0624
0 0.5781 0.708 0.0273 0.0624
0 0.5889 0.6269 0.0273 0.0527
0 0.0303 0.4189 0.0273 0.0444
0 0.0234 0.4854 0.0215 0.0416
0 0.041 0.5146 0.0273 0.0499
0 0.0479 0.5874 0.0312 0.0485
0 0.0078 0.749 0.0176 0.0666
0 0.0923 0.6831 0.0264 0.0458
0 0.1182 0.7212 0.0312 0.0499
0 0.0254 0.8911 0.0234 0.0458
0 0.0161 0.932 0.0244 0.0555
0 0.084 0.9528 0.0273 0.0472
0 0.1313 0.9771 0.0283 0.043
0 0.0957 0.8662 0.0234 0.0347
0 0.1387 0.81 0.0273 0.0527
0 0.2134 0.8037 0.0283 0.043
0 0.2031 0.8974 0.0254 0.0416
0 0.2031 0.9369 0.0273 0.0569
0 0.2075 0.9847 0.0264 0.0277
0 0.2837 0.9424 0.0283 0.0513
0 0.2959 0.8821 0.0254 0.0499
0 0.1548 0.6047 0.0264 0.0555
0 0.2173 0.6637 0.0283 0.0541
0 0.2266 0.5541 0.0254 0.0458
0 0.2705 0.6234 0.0254 0.0541
0 0.2939 0.5368 0.0254 0.0444
0 0.4053 0.5284 0.0254 0.0527
0 0.3745 0.6137 0.0283 0.0513
0 0.3438 0.6879 0.0254 0.0499
0 0.3604 0.7476 0.0117 0.061
0 0.375 0.9764 0.0293 0.0444
0 0.3862 0.9452 0.0264 0.0485
0 0.4146 0.6796 0.0283 0.0472
0 0.4463 0.6082 0.0234 0.0513
0 0.4819 0.5326 0.0244 0.0555
0 0.4741 0.6748 0.0146 0.0569
0 0.4814 0.9438 0.0312 0.0596
0 0.7026 0.9875 0.0264 0.0222
0 0.0352 0.0153 0.0215 0.0333
0 0.0098 0.3662 0.0215 0.0444
0 0.9609 0.7094 0.0273 0.0513
