0 0.0132 0.4336 0.0205 0.0312
0 0.0679 0.3971 0.0166 0.0312
0 0.1694 0.5033 0.0342 0.0456
0 0.1567 0.4382 0.0283 0.0352
0 0.272 0.3451 0.0205 0.0312
0 0.1875 0.3034 0.0156 0.0234
0 0.2847 0.2656 0.0166 0.0286
0 0.3096 0.4473 0.0293 0.0482
0 0.3286 0.4069 0.0244 0.0326
0 0.3428 0.3509 0.0176 0.0299
0 0.3618 0.3197 0.0166 0.0221
0 0.3667 0.3945 0.0225 0.0417
0 0.3892 0.3516 0.0205 0.0339
0 0.4199 0.3385 0.0176 0.0286
0 0.4277 0.4049 0.0254 0.0365
0 0.4526 0.3496 0.0205 0.0352
0 0.4521 0.4785 0.0391 0.0378
0 0.4883 0.4199 0.0234 0.0456
0 0.5107 0.3327 0.0176 0.0326
0 0.5239 0.3626 0.0186 0.0273
0 0.5503 0.4238 0.0283 0.043
0 0.5752 0.5384 0.0391 0.069
0 0.5786 0.3398 0.0166 0.026
0 0.6387 0.334 0.0137 0.0299
0 0.647 0.3659 0.0186 0.0339
0 0.6445 0.4368 0.0273 0.0482
0 0.6777 0.5573 0.043 0.0625
0 0.7227 0.3255 0.0156 0.0339
0 0.7256 0.3854 0.0195 0.0365
0 0.7539 0.3984 0.0371 0.0599
0 0.7974 0.4049 0.0244 0.0365
0 0.7964 0.5664 0.0459 0.0547
0 0.8589 0.4616 0.0361 0.056
0 0.9038 0.3861 0.0283 0.043
0 0.9932 0.3854 0.0117 0.0469
