0 0.415 0.589 0.0605 0.1098
0 0.0449 0.7845 0.0801 0.1314
0 0.2017 0.5474 0.0166 0.0666
0 0.2056 0.4676 0.0361 0.0765
0 0.2788 0.4368 0.0303 0.0649
0 0.354 0.4018 0.0361 0.0715
0 0.104 0.4792 0.0381 0.0799
0 0.0425 0.5632 0.0439 0.0849
0 0.0459 0.4343 0.0312 0.0532
0 0.125 0.4359 0.0312 0.0632
0 0.146 0.4326 0.0225 0.0399
0 0.166 0.371 0.0254 0.0333
0 0.0879 0.381 0.0195 0.0333
0 0.0151 0.3902 0.0166 0.0449
0 0.0078 0.3236 0.0137 0.0316
0 0.0259 0.3993 0.0186 0.0366
0 0.2334 0.4334 0.0215 0.0516
0 0.2158 0.3062 0.0137 0.0266
0 0.1489 0.3278 0.0127 0.0233
0 0.1162 0.3328 0.0195 0.0333
0 0.209 0.3494 0.0156 0.03
0 0.4707 0.3769 0.0273 0.0483
0 0.4116 0.3918 0.0322 0.0616
0 0.3101 0.3686 0.0244 0.0516
0 0.5059 0.3552 0.0234 0.0483
0 0.3555 0.3211 0.0195 0.0366
0 0.4517 0.3394 0.0225 0.0433
0 0.5098 0.2463 0.0098 0.02
0 0.3984 0.2928 0.0117 0.0233
0 0.3335 0.3095 0.0127 0.0266
0 0.5352 0.386 0.0293 0.0566
0 0.3638 0.3544 0.0225 0.0399
0 0.3247 0.2887 0.0068 0.015
0 0.4053 0.2712 0.0078 0.0166
0 0.7241 0.8261 0.085 0.1481
0 0.7012 0.5732 0.0625 0.1115
0 0.5312 0.6539 0.0723 0.1464
0 0.9492 0.4542 0.0508 0.0832
0 0.9873 0.3827 0.0234 0.0632
0 0.8862 0.3852 0.0342 0.0682
0 0.8213 0.3844 0.0234 0.0566
0 0.9419 0.3028 0.0205 0.0433
0 0.895 0.2238 0.0146 0.0283
0 0.8384 0.2022 0.0127 0.025
0 0.8325 0.3502 0.0244 0.0483
0 0.7803 0.2121 0.0117 0.0216
0 0.772 0.3386 0.0166 0.0349
0 0.7339 0.3694 0.0244 0.0433
0 0.6816 0.3777 0.0293 0.0499
0 0.5967 0.3752 0.0312 0.0549
0 0.6616 0.3178 0.0166 0.0333
0 0.6948 0.3369 0.0225 0.0416
0 0.7534 0.2745 0.0107 0.02
0 0.5732 0.4085 0.0254 0.0616
0 0.6978 0.4676 0.0361 0.0732
0 0.7197 0.2854 0.0117 0.0216
0 0.6865 0.2854 0.0117 0.0216
0 0.6509 0.2637 0.0088 0.0183
0 0.6455 0.2404 0.0059 0.0116
0 0.6577 0.2271 0.0088 0.015
0 0.7056 0.3111 0.0107 0.02
0 0.7153 0.2404 0.0088 0.0183
0 0.75 0.1913 0.0078 0.0166
0 0.1211 0.1082 0.0039 0.01
0 0.5791 0.2396 0.0176 0.0366
0 0.5537 0.1148 0.0176 0.0333
0 0.5723 0.0982 0.0117 0.0233
0 0.5874 0.1223 0.0166 0.0383
0 0.5298 0.0849 0.0166 0.0333
0 0.5044 0.1231 0.0166 0.03
0 0.4824 0.1023 0.0176 0.0316
0 0.4595 0.1065 0.0166 0.0333
0 0.4346 0.0948 0.0176 0.0333
0 0.4028 0.1539 0.0146 0.025
0 0.5996 0.1522 0.0156 0.0383
0 0.7925 0.2346 0.0107 0.02
0 0.7822 0.2571 0.0098 0.0183
0 0.2642 0.3111 0.0107 0.02
0 0.3232 0.3428 0.0117 0.0233
0 0.2065 0.3261 0.0146 0.0333
0 0.313 0.312 0.0088 0.0183
0 0.8496 0.3469 0.0156 0.0383
