0 0.5166 0.3353 0.0312 0.0638
0 0.6343 0.3249 0.04 0.0768
0 0.8262 0.3717 0.0234 0.056
0 0.3096 0.3125 0.0215 0.0391
0 0.1011 0.3906 0.0049 0.0078
0 0.1079 0.3906 0.0049 0.0078
0 0.1152 0.3919 0.0039 0.0078
0 0.1221 0.3919 0.0059 0.0078
0 0.1299 0.3926 0.0039 0.0065
0 0.1382 0.3932 0.0049 0.0078
0 0.146 0.3932 0.0049 0.0078
0 0.1528 0.3945 0.0049 0.0078
0 0.1602 0.3945 0.0039 0.0078
0 0.168 0.3952 0.0039 0.0065
0 0.1758 0.3958 0.0039 0.0078
0 0.1846 0.3965 0.0059 0.0091
0 0.0996 0.4069 0.0039 0.0065
0 0.1069 0.4076 0.0049 0.0078
0 0.1157 0.4076 0.0049 0.0078
0 0.1216 0.4089 0.0049 0.0078
0 0.1299 0.4095 0.0039 0.0091
0 0.1372 0.4108 0.0049 0.0091
0 0.145 0.4102 0.0049 0.0078
0 0.1533 0.4102 0.0059 0.0078
0 0.1597 0.4115 0.0049 0.0078
0 0.1685 0.4108 0.0049 0.0091
0 0.1758 0.4121 0.0059 0.0091
0 0.1841 0.4128 0.0049 0.0078
0 0.0996 0.4245 0.0039 0.0078
0 0.1079 0.4251 0.0049 0.0091
0 0.1143 0.4251 0.0059 0.0091
0 0.1221 0.4277 0.0059 0.0091
0 0.1294 0.4258 0.0049 0.0078
0 0.1377 0.4271 0.0059 0.0078
0 0.1455 0.4271 0.0059 0.0078
0 0.1519 0.4284 0.0049 0.0078
0 0.1587 0.4284 0.0049 0.0078
0 0.1675 0.4297 0.0049 0.0078
0 0.1753 0.429 0.0049 0.0091
0 0.1831 0.431 0.0049 0.0078
0 0.0977 0.4453 0.0059 0.0104
0 0.1221 0.4434 0.0059 0.0091
0 0.1289 0.444 0.0039 0.0078
0 0.1372 0.4453 0.0068 0.0078
0 0.144 0.446 0.0049 0.0091
0 0.1514 0.446 0.0059 0.0091
0 0.1597 0.4479 0.0049 0.0104
0 0.1675 0.4466 0.0049 0.0078
0 0.1743 0.4466 0.0049 0.0078
0 0.1821 0.4479 0.0049 0.0078
0 0.1211 0.4603 0.0059 0.0091
0 0.1289 0.4616 0.0059 0.0091
0 0.1362 0.4609 0.0049 0.0078
0 0.1431 0.4622 0.0049 0.0104
0 0.1514 0.4629 0.0059 0.0091
0 0.1587 0.4635 0.0049 0.0104
0 0.1665 0.4635 0.0049 0.0078
0 0.1748 0.4642 0.0039 0.0091
0 0.1812 0.4655 0.0049 0.0091
0 0.1099 0.4759 0.0049 0.0091
0 0.1191 0.4772 0.0059 0.0117
0 0.1279 0.4785 0.0059 0.0117
0 0.1338 0.4785 0.0039 0.0117
0 0.1416 0.4798 0.0078 0.0117
0 0.1494 0.4792 0.0059 0.013
0 0.1572 0.4805 0.0059 0.013
0 0.165 0.4811 0.0059 0.0117
0 0.1724 0.4824 0.0049 0.0117
0 0.1807 0.4824 0.0059 0.0117
0 0.0933 0.4935 0.0049 0.013
0 0.1025 0.4928 0.0059 0.0117
0 0.1089 0.4961 0.0049 0.0104
0 0.1172 0.4941 0.0059 0.0091
0 0.1255 0.4948 0.0049 0.0104
0 0.1323 0.4941 0.0049 0.0091
0 0.1411 0.4954 0.0049 0.0091
0 0.1475 0.4967 0.0059 0.0091
0 0.1553 0.4974 0.0059 0.0104
0 0.1641 0.4993 0.0059 0.0091
0 0.1714 0.5 0.0049 0.0104
0 0.1802 0.5007 0.0049 0.0091
0 0.0918 0.5098 0.0059 0.0091
0 0.0991 0.5104 0.0068 0.0104
0 0.1069 0.5111 0.0049 0.0091
0 0.1147 0.5124 0.0049 0.0091
0 0.1226 0.513 0.0049 0.0104
0 0.1294 0.513 0.0068 0.0104
0 0.1367 0.5143 0.0039 0.0104
0 0.1445 0.5137 0.0059 0.0091
0 0.1528 0.5143 0.0049 0.0104
0 0.1611 0.5156 0.0059 0.0104
0 0.1685 0.5163 0.0049 0.0091
0 0.1768 0.5169 0.0059 0.0104
0 0.0884 0.5254 0.0049 0.0091
0 0.0957 0.5267 0.0039 0.0091
0 0.1016 0.5273 0.0039 0.0104
0 0.1118 0.5273 0.0068 0.0104
0 0.1187 0.528 0.0029 0.0091
0 0.1265 0.5293 0.0049 0.0091
0 0.1333 0.5286 0.0049 0.0078
0 0.1416 0.5293 0.0059 0.0091
0 0.1494 0.5312 0.0059 0.0104
0 0.1572 0.5319 0.0059 0.0091
0 0.166 0.5326 0.0059 0.0078
0 0.1748 0.5326 0.0059 0.0078
0 0.0854 0.5404 0.0049 0.0078
0 0.0923 0.5436 0.0049 0.0091
0 0.1011 0.543 0.0068 0.0078
0 0.1079 0.543 0.0049 0.0078
0 0.1152 0.5436 0.0039 0.0091
0 0.123 0.5443 0.0059 0.0078
0 0.1313 0.5456 0.0049 0.0078
0 0.1387 0.5469 0.0059 0.0078
0 0.147 0.5475 0.0049 0.0091
0 0.1543 0.5482 0.0059 0.0078
0 0.1616 0.5482 0.0049 0.0078
0 0.1694 0.5501 0.0049 0.0091
0 0.0879 0.5592 0.0059 0.0091
0 0.0962 0.5586 0.0049 0.0078
0 0.104 0.5612 0.0049 0.0078
0 0.1113 0.5612 0.0039 0.0078
0 0.1182 0.5612 0.0059 0.0078
0 0.127 0.5638 0.0039 0.0078
0 0.1372 0.5651 0.0068 0.0078
