0 0.9897 0.388 0.0186 0.071
0 0.9902 0.3046 0.0176 0.0519
0 0.9751 0.2896 0.0166 0.0301
0 0.9365 0.36 0.0488 0.0724
0 0.9116 0.334 0.0361 0.0615
0 0.936 0.2719 0.0127 0.0191
0 0.8921 0.2978 0.0283 0.0464
0 0.8281 0.2712 0.0273 0.0451
0 0.7964 0.3436 0.04 0.0615
0 0.7725 0.2862 0.0293 0.0451
0 0.7314 0.3272 0.0352 0.056
0 0.707 0.2889 0.0234 0.0423
0 0.6812 0.2609 0.0264 0.0437
0 0.6421 0.3074 0.0303 0.0519
0 0.5742 0.2684 0.0215 0.0342
0 0.5396 0.2411 0.0322 0.0533
0 0.4961 0.2753 0.0293 0.0587
0 0.4551 0.2855 0.0352 0.0601
0 0.4136 0.2842 0.0342 0.0574
0 0.3687 0.304 0.0342 0.0615
0 0.311 0.2855 0.042 0.0656
0 0.1987 0.3258 0.042 0.0751
0 0.1655 0.1564 0.0068 0.0123
0 0.3706 0.1981 0.0068 0.0109
0 0.3477 0.1872 0.0059 0.0109
0 0.3545 0.1735 0.0059 0.0109
0 0.0117 0.3108 0.0254 0.0587
0 0.0894 0.1585 0.0088 0.0164
0 0.9551 0.3176 0.0117 0.0178
0 0.8149 0.3094 0.0107 0.0178
0 0.7715 0.2432 0.0098 0.0191
0 0.3311 0.2821 0.0254 0.0478
0 0.231 0.2787 0.0186 0.0383
