0 0.8037 0.3457 0.0586 0.1348
0 0.7139 0.4341 0.0547 0.0971
0 0.0527 0.5609 0.0742 0.1275
0 0.1631 0.5971 0.0371 0.1217
0 0.2568 0.6022 0.0527 0.1
0 0.2437 0.5254 0.0381 0.0797
0 0.1748 0.4254 0.0352 0.0826
0 0.2661 0.4014 0.0459 0.0812
0 0.521 0.537 0.0439 0.0768
0 0.5347 0.4464 0.0459 0.0754
0 0.5864 0.4565 0.042 0.0725
0 0.4565 0.3964 0.04 0.071
0 0.0449 0.2355 0.0156 0.0333
0 0.5933 0.363 0.0342 0.0681
0 0.3008 0.363 0.0352 0.0681
0 0.2656 0.2957 0.0371 0.0783
0 0.6318 0.3848 0.0273 0.0536
0 0.6494 0.3761 0.0254 0.0565
0 0.9814 0.6667 0.0352 0.113
0 0.9067 0.4 0.0264 0.0348
0 0.5327 0.1493 0.0225 0.0406
0 0.2842 0.0529 0.0156 0.0275
0 0.252 0.0783 0.0137 0.0203
0 0.2217 0.192 0.0312 0.0565
0 0.1357 0.2036 0.0215 0.0275
0 0.1187 0.1913 0.0166 0.0377
0 0.3374 0.258 0.0205 0.0348
0 0.3735 0.25 0.0225 0.0391
0 0.2461 0.2029 0.0195 0.0348
0 0.2622 0.2116 0.0146 0.0348
0 0.3247 0.2029 0.0205 0.0348
0 0.3413 0.2109 0.0166 0.0304
0 0.3857 0.2159 0.0137 0.0261
0 0.4004 0.1935 0.0137 0.0304
0 0.2778 0.1862 0.0166 0.0246
0 0.1733 0.1333 0.0186 0.0348
0 0.1919 0.1188 0.0166 0.029
0 0.1655 0.1036 0.0127 0.0246
0 0.1216 0.0688 0.0127 0.0246
0 0.105 0.0841 0.0127 0.0319
0 0.5488 0.2826 0.0273 0.0522
0 0.7451 0.3297 0.0293 0.0478
0 0.7134 0.2942 0.0244 0.0406
0 0.688 0.3232 0.0205 0.0406
0 0.6577 0.3304 0.0244 0.0667
0 0.6143 0.2435 0.0176 0.0348
0 0.6406 0.2333 0.0156 0.0261
0 0.627 0.2101 0.0176 0.0261
0 0.6704 0.2471 0.0166 0.0275
0 0.6807 0.2362 0.0137 0.029
0 0.6919 0.2529 0.0127 0.0333
0 0.5596 0.2254 0.0137 0.0188
0 0.708 0.2312 0.0156 0.0275
0 0.7109 0.2123 0.0137 0.0275
0 0.7241 0.2565 0.0166 0.0261
0 0.7427 0.2659 0.0166 0.0304
0 0.772 0.258 0.0186 0.0377
0 0.7349 0.237 0.0146 0.0246
0 0.7554 0.2435 0.0127 0.029
0 0.7495 0.2094 0.0127 0.0246
0 0.8022 0.2225 0.0146 0.0246
0 0.4512 0.2217 0.0195 0.0319
0 0.8804 0.2942 0.0186 0.0348
0 0.8979 0.2203 0.0107 0.0145
0 0.855 0.2609 0.0127 0.0232
0 0.2319 0.2254 0.0146 0.0304
0 0.2217 0.3493 0.0391 0.0754
