0 0.6777 0.1179 0.041 0.0922
0 0.605 0.1179 0.0381 0.0747
0 0.5405 0.101 0.0342 0.0673
0 0.4712 0.101 0.0498 0.0849
0 0.4004 0.0952 0.0371 0.0703
0 0.3403 0.0886 0.0361 0.0717
0 0.2773 0.0871 0.0371 0.0717
0 0.2104 0.0966 0.0479 0.0878
0 0.1367 0.0996 0.041 0.0673
0 0.0679 0.0944 0.0361 0.0717
0 0.0088 0.0747 0.0195 0.0761
0 0.9673 0.3968 0.0342 0.0673
0 0.9243 0.4092 0.0361 0.06
0 0.8618 0.4114 0.0361 0.0556
0 0.7603 0.3726 0.0381 0.063
0 0.6855 0.3843 0.0391 0.0571
0 0.5654 0.5959 0.0371 0.0615
0 0.5684 0.4671 0.0293 0.0615
0 0.5249 0.4202 0.0342 0.0644
0 0.4526 0.4297 0.0303 0.063
0 0.4282 0.4217 0.0303 0.0469
0 0.3433 0.3858 0.0381 0.0688
0 0.2632 0.3741 0.04 0.0688
0 0.2915 0.4063 0.0283 0.0542
0 0.1758 0.3755 0.0391 0.0688
0 0.1982 0.3887 0.0332 0.0542
0 0.062 0.3236 0.0459 0.0673
0 0.8232 0.3712 0.2266 0.4612
