0 0.1587 0.2833 0.0068 0.0059
0 0.1001 0.3503 0.0342 0.034
0 0.3076 0.2833 0.0098 0.0085
0 0.2188 0.2797 0.0059 0.0039
0 0.1938 0.2824 0.0049 0.0039
0 0.1836 0.2954 0.0098 0.0065
0 0.2046 0.2974 0.0127 0.0092
0 0.084 0.2824 0.0059 0.0052
0 0.2085 0.2797 0.0049 0.0039
0 0.856 0.168 0.0869 0.0614
0 0.5923 0.1657 0.1104 0.0791
0 0.2891 0.3931 0.041 0.0242
0 0.2988 0.3379 0.043 0.0314
0 0.4048 0.3062 0.0303 0.0242
0 0.4238 0.3108 0.0195 0.0176
0 0.4346 0.2951 0.0176 0.015
0 0.4385 0.269 0.0137 0.0111
0 0.4116 0.2791 0.0146 0.0118
0 0.3994 0.2729 0.0117 0.0072
0 0.3613 0.3134 0.0195 0.0176
0 0.3813 0.3042 0.0166 0.0111
0 0.3154 0.3111 0.0234 0.0196
0 0.333 0.3007 0.0156 0.0118
0 0.3179 0.2971 0.0146 0.0111
0 0.3394 0.2758 0.0088 0.0065
0 0.269 0.3092 0.0244 0.0222
0 0.2939 0.2918 0.0137 0.0098
0 0.3052 0.2729 0.0088 0.0072
0 0.3237 0.2729 0.0068 0.0059
0 0.2852 0.2758 0.0098 0.0065
0 0.27 0.2922 0.0088 0.0065
0 0.2573 0.2935 0.0127 0.0065
0 0.2671 0.3533 0.0166 0.015
0 0.103 0.3801 0.0439 0.0373
0 0.188 0.3477 0.0283 0.0183
0 0.1953 0.3225 0.0195 0.0163
0 0.2144 0.3105 0.0225 0.0144
0 0.1943 0.3095 0.0234 0.0163
0 0.1724 0.3183 0.0342 0.0222
0 0.2441 0.2967 0.0137 0.0078
0 0.2515 0.3052 0.0107 0.0118
0 0.2339 0.2964 0.0127 0.0085
0 0.2227 0.2971 0.0137 0.0085
0 0.228 0.2879 0.0088 0.0072
0 0.2422 0.2899 0.0078 0.0059
0 0.0542 0.3428 0.0303 0.0229
0 0.0293 0.2654 0.0234 0.0183
0 0.1274 0.3395 0.0361 0.0255
0 0.1245 0.3114 0.0264 0.015
0 0.1362 0.3078 0.0186 0.0131
0 0.1465 0.3042 0.0156 0.0124
0 0.1641 0.3013 0.0195 0.0144
0 0.1001 0.3127 0.0146 0.0111
0 0.0776 0.3101 0.0166 0.0111
0 0.0913 0.3046 0.0127 0.0092
0 0.0781 0.301 0.0098 0.0072
0 0.0962 0.3 0.0127 0.0065
0 0.1079 0.2984 0.0088 0.0072
0 0.125 0.282 0.0078 0.0072
0 0.1807 0.2797 0.0059 0.0052
