0 0.0439 0.3402 0.0215 0.0984
0 0.019 0.2029 0.0244 0.1516
0 0.106 0.2377 0.0107 0.0574
0 0.0986 0.1947 0.0098 0.0369
0 0.0679 0.0697 0.0127 0.0902
0 0.0742 0.1393 0.0098 0.0656
0 0.1812 0.209 0.0088 0.041
0 0.1968 0.2254 0.0049 0.0328
0 0.1592 0.2623 0.0117 0.0574
0 0.3096 0.248 0.0059 0.0369
0 0.3203 0.377 0.0059 0.0328
0 0.3633 0.168 0.0117 0.0574
0 0.4282 0.1107 0.0127 0.0656
0 0.0317 0.1373 0.0107 0.0779
0 0.4692 0.3115 0.0068 0.0246
0 0.4795 0.3012 0.0059 0.0287
0 0.4897 0.3115 0.0049 0.0328
0 0.5767 0.252 0.0049 0.0287
0 0.5913 0.2602 0.0068 0.0369
0 0.6934 0.377 0.0039 0.0246
0 0.6958 0.3299 0.0049 0.0205
0 0.7041 0.2582 0.0059 0.0328
0 0.7134 0.2357 0.0068 0.0369
0 0.9663 0.4529 0.04 0.168
0 0.9722 0.1557 0.0107 0.0574
0 0.9312 0.1619 0.0107 0.0533
0 0.8755 0.4836 0.0146 0.0902
0 0.8452 0.4324 0.0107 0.0533
0 0.8604 0.3852 0.0176 0.0492
0 0.9131 0.2643 0.0059 0.0287
0 0.8911 0.2275 0.0088 0.0451
0 0.7866 0.2828 0.0049 0.0246
0 0.7964 0.2705 0.0068 0.0328
0 0.8359 0.3852 0.0098 0.0574
0 0.9497 0.334 0.0107 0.0615
