0 0.9219 0.6894 0.0508 0.0843
0 0.0127 0.62 0.0137 0.0493
0 0.084 0.6336 0.0293 0.0584
0 0.1597 0.6654 0.0244 0.0778
0 0.2456 0.6135 0.0264 0.0545
0 0.3408 0.6381 0.0293 0.0571
0 0.3398 0.5888 0.0234 0.0493
0 0.376 0.6122 0.0293 0.0519
0 0.4258 0.5733 0.0195 0.0389
0 0.4409 0.62 0.0361 0.0623
0 0.5669 0.6543 0.0342 0.061
0 0.5127 0.6271 0.0293 0.0584
0 0.5464 0.5901 0.0283 0.0389
0 0.6841 0.6122 0.0361 0.0726
0 0.7148 0.5817 0.0215 0.0402
0 0.7725 0.6096 0.0273 0.0519
0 0.8101 0.6038 0.0342 0.061
0 0.7935 0.5623 0.0225 0.0376
0 0.8379 0.5791 0.0254 0.0428
0 0.8853 0.5895 0.0225 0.0402
0 0.9678 0.6025 0.0176 0.0272
0 0.9277 0.5499 0.0176 0.0337
0 0.9819 0.5616 0.0166 0.0337
0 0.9287 0.6115 0.0332 0.0636
