0 0.4985 0.1602 0.0244 0.0339
0 0.7344 0.7637 0.0234 0.0352
0 0.6421 0.7539 0.0205 0.0286
0 0.585 0.7533 0.0352 0.0534
0 0.6636 0.7298 0.0127 0.0221
0 0.6855 0.7188 0.0078 0.013
0 0.5337 0.7389 0.0244 0.0326
0 0.4746 0.9714 0.0332 0.0547
0 0.3032 0.9714 0.0459 0.0547
0 0.2842 0.8581 0.0312 0.0599
0 0.7788 0.7598 0.0225 0.0378
0 0.6553 0.8919 0.0117 0.0495
0 0.8198 0.7461 0.0107 0.0156
0 0.7993 0.7402 0.0107 0.0195
0 0.8223 0.7188 0.0078 0.013
0 0.8496 0.8275 0.0117 0.0299
0 0.6069 0.709 0.0049 0.0091
0 0.9702 0.9382 0.042 0.1055
0 0.9873 0.7884 0.0234 0.0352
0 0.9492 0.7546 0.0215 0.043
0 0.8882 0.7943 0.0088 0.0312
0 0.6909 0.7559 0.0186 0.0247
0 0.3638 0.7122 0.0088 0.0156
0 0.395 0.7031 0.0107 0.0156
0 0.2812 0.722 0.0117 0.0169
0 0.3257 0.7214 0.0088 0.013
0 0.3467 0.7331 0.0156 0.0208
0 0.2954 0.7083 0.0088 0.013
0 0.3042 0.7233 0.0107 0.0143
0 0.3765 0.694 0.0068 0.013
0 0.2065 0.7207 0.0127 0.0195
0 0.1909 0.7161 0.0107 0.0156
0 0.2607 0.707 0.0078 0.013
0 0.1758 0.7135 0.0117 0.0182
0 0.2349 0.7109 0.0088 0.013
0 0.0586 0.7227 0.0098 0.0156
0 0.0273 0.7181 0.0117 0.0169
0 0.0132 0.7168 0.0107 0.0143
0 0.1265 0.7116 0.0107 0.0169
0 0.0469 0.7057 0.0117 0.0156
0 0.1035 0.7292 0.0098 0.0182
0 0.0845 0.707 0.0127 0.0208
0 0.0845 0.7214 0.0127 0.0182
0 0.0767 0.7246 0.0088 0.0117
0 0.5078 0.7025 0.0117 0.0195
0 0.4458 0.7194 0.0186 0.0247
0 0.4604 0.6771 0.0107 0.0156
0 0.2119 0.7025 0.0117 0.0169
0 0.8369 0.7396 0.0078 0.013
0 0.7412 0.7214 0.0117 0.0156
0 0.6987 0.7083 0.0068 0.0104
0 0.002 0.7448 0.0059 0.0182
0 0.1729 0.6953 0.0078 0.013
0 0.3496 0.6953 0.0098 0.0156
0 0.3325 0.681 0.0068 0.0104
0 0.3794 0.6803 0.0088 0.0143
0 0.3188 0.6706 0.0068 0.0104
0 0.1465 0.681 0.0098 0.013
0 0.1489 0.7174 0.0127 0.0182
0 0.1685 0.6999 0.0088 0.0143
0 0.2822 0.6914 0.0078 0.013
0 0.2856 0.6777 0.0068 0.0117
0 0.2734 0.6934 0.0059 0.0117
0 0.3311 0.6758 0.0059 0.0104
0 0.4429 0.6803 0.0088 0.0143
0 0.4131 0.735 0.0215 0.0273
0 0.062 0.6973 0.0127 0.0169
0 0.1128 0.7025 0.0127 0.0169
0 0.0518 0.7253 0.0117 0.0182
0 0.6143 0.7109 0.0098 0.0234
