0 0.0522 0.1453 0.0146 0.027
0 0.2373 0.2897 0.0293 0.0659
0 0.3164 0.2306 0.0195 0.049
0 0.3726 0.3074 0.0283 0.0473
0 0.417 0.3336 0.0254 0.0828
0 0.4282 0.2449 0.0264 0.0574
0 0.4907 0.3285 0.0283 0.0557
0 0.5249 0.2534 0.0264 0.0439
0 0.5972 0.223 0.0088 0.0203
0 0.5923 0.3007 0.0283 0.0541
0 0.6001 0.364 0.0205 0.0625
0 0.6465 0.2812 0.0215 0.049
0 0.7031 0.2584 0.0234 0.0473
0 0.7388 0.3429 0.0322 0.0608
0 0.8599 0.3117 0.0264 0.0625
0 0.0054 0.2796 0.0127 0.0557
0 0.0024 0.1461 0.0068 0.0253
