0 0.3389 0.5691 0.0117 0.0265
0 0.3604 0.5868 0.0156 0.0206
0 0.4375 0.5838 0.0195 0.0382
0 0.4258 0.5757 0.0137 0.0279
0 0.3789 0.5441 0.0078 0.0265
0 0.3911 0.5559 0.0049 0.0235
0 0.4019 0.5662 0.0068 0.0235
0 0.5645 0.5375 0.0195 0.0426
0 0.79 0.3382 0.0625 0.1147
0 0.6465 0.4897 0.0332 0.0618
0 0.6035 0.5147 0.0273 0.0588
0 0.019 0.5375 0.0107 0.0132
0 0.1558 0.6074 0.0166 0.0176
0 0.1777 0.611 0.0195 0.0338
0 0.1968 0.6272 0.0225 0.0456
0 0.2793 0.6404 0.0273 0.0544
0 0.3394 0.6493 0.0342 0.0662
0 0.3086 0.5699 0.0098 0.0221
